I_BRKGA_114_6_25_3_CESP
114 6 25 495.0
29165.5
35987.5
29632.5
32132.5
29289.5
32245.5
34241.5
30138.5
35018.5
36016.5
31574.5
35191.5
32894.5
30618.5
35546.5
29031.5
34563.5
34738.5
32413.5
29019.5
29594.5
33960.5
30697.5
32910.5
35053.5
0.04476573648543233
0.03684795955718833
0.042188705714458846
0.037706249899310325
0.045942093786707945
0.034388671293992555
0.040661764950205154
0.037776876626712426
0.04778418946154388
0.036232275827159925
0.041747070970723256
0.03418973514171238
0.044889931299261575
0.03961456588284105
0.04343887879366451
0.034360924404748014
0.04097995760079722
0.033711048054275404
0.04275434011889219
0.0379534569367034
0.04586024061322723
0.03479779538497345
0.0435598643915938
0.032122809084263126
0.04572485771961177
124.0
118.0
109.0
109.0
124.0
115.0
2557.0
22.0
1261.0
1300.0
67.0
529.0
491.0
1217.0
36.0
509.0
117.0
192.0
44.0
324.0
260.0
388.0
59.0
308.0
506.0
286.0
73.0
238.0
77.0
274.0
28.0
339.0
157.0
784.0
1342.0
555.0
354.0
1113.0
281.0
144.0
832.0
5343.0
5955.0
129.0
161.0
307.0
49.0
29.0
183.0
208.0
188.0
500.0
346.0
77.0
62.0
27.0
116.0
33.0
20.0
167.0
864.0
53.0
120.0
67.0
43.0
155.0
146.0
75.0
159.0
147.0
787.0
37.0
20.0
24.0
31.0
8.0
75.0
275.0
113.0
70.0
90.0
54.0
39.0
81.0
154.0
45.0
27.0
53.0
152.0
163.0
111.0
82.0
132.0
47.0
63.0
1602.0
59.0
55.0
66.0
26.0
152.0
298.0
32.0
273.0
129.0
235.0
81.0
129.0
753.0
219.0
71.0
1268.0
123.0
124.0
73.0
89.0
112.0
20.0
253.0
201.0
473.0
1311.0
34.0
555.0
114.0
175.0
44.0
331.0
259.0
386.0
60.0
315.0
548.0
280.0
74.0
235.0
78.0
283.0
27.0
364.0
162.0
813.0
1262.0
569.0
328.0
1113.0
283.0
157.0
793.0
5520.0
5647.0
128.0
173.0
314.0
47.0
27.0
178.0
217.0
179.0
494.0
346.0
74.0
66.0
26.0
125.0
32.0
19.0
175.0
851.0
53.0
125.0
67.0
46.0
165.0
155.0
74.0
158.0
152.0
770.0
37.0
19.0
26.0
31.0
8.0
76.0
250.0
109.0
71.0
91.0
54.0
40.0
84.0
149.0
49.0
25.0
53.0
159.0
168.0
101.0
80.0
133.0
46.0
66.0
1558.0
59.0
57.0
66.0
24.0
154.0
277.0
30.0
281.0
128.0
237.0
83.0
133.0
788.0
213.0
66.0
1177.0
130.0
118.0
69.0
91.0
119.0
20.0
269.0
200.0
508.0
1226.0
36.0
550.0
119.0
176.0
45.0
330.0
245.0
382.0
56.0
294.0
552.0
271.0
75.0
235.0
78.0
293.0
27.0
352.0
157.0
792.0
1360.0
574.0
335.0
1151.0
285.0
158.0
841.0
5355.0
5609.0
121.0
162.0
335.0
49.0
29.0
181.0
215.0
183.0
484.0
365.0
76.0
65.0
25.0
118.0
32.0
19.0
162.0
877.0
52.0
124.0
66.0
46.0
159.0
152.0
76.0
155.0
151.0
791.0
37.0
20.0
24.0
32.0
8.0
69.0
251.0
112.0
70.0
84.0
55.0
41.0
87.0
146.0
47.0
25.0
55.0
162.0
159.0
109.0
85.0
137.0
46.0
67.0
1622.0
55.0
54.0
66.0
26.0
162.0
281.0
32.0
283.0
122.0
241.0
83.0
134.0
769.0
212.0
70.0
1255.0
132.0
119.0
68.0
89.0
112.0
19.0
247.0
192.0
470.0
1303.0
34.0
506.0
113.0
189.0
44.0
345.0
262.0
376.0
58.0
307.0
548.0
286.0
73.0
235.0
79.0
284.0
27.0
342.0
172.0
801.0
1378.0
591.0
353.0
1140.0
286.0
145.0
835.0
5486.0
5603.0
129.0
160.0
307.0
47.0
28.0
185.0
223.0
186.0
494.0
351.0
78.0
67.0
26.0
120.0
33.0
20.0
169.0
879.0
52.0
120.0
62.0
46.0
154.0
144.0
73.0
161.0
152.0
749.0
37.0
21.0
25.0
30.0
8.0
75.0
258.0
109.0
69.0
91.0
56.0
40.0
89.0
147.0
45.0
26.0
55.0
157.0
170.0
105.0
82.0
136.0
45.0
67.0
1561.0
55.0
55.0
69.0
25.0
154.0
288.0
30.0
283.0
130.0
235.0
76.0
130.0
790.0
221.0
67.0
1248.0
129.0
116.0
72.0
94.0
117.0
19.0
272.0
193.0
503.0
1317.0
33.0
543.0
112.0
188.0
44.0
334.0
243.0
366.0
57.0
314.0
524.0
287.0
70.0
232.0
81.0
280.0
27.0
368.0
163.0
783.0
1284.0
577.0
362.0
1125.0
284.0
147.0
815.0
5390.0
6008.0
131.0
167.0
313.0
50.0
27.0
190.0
209.0
189.0
507.0
364.0
74.0
64.0
26.0
117.0
32.0
20.0
164.0
865.0
51.0
128.0
66.0
44.0
160.0
150.0
75.0
153.0
150.0
794.0
35.0
19.0
24.0
32.0
8.0
74.0
256.0
113.0
68.0
86.0
59.0
41.0
86.0
143.0
47.0
26.0
58.0
158.0
165.0
110.0
81.0
128.0
48.0
66.0
1626.0
54.0
59.0
68.0
26.0
152.0
275.0
31.0
287.0
127.0
254.0
76.0
129.0
755.0
207.0
69.0
1237.0
131.0
123.0
68.0
89.0
115.0
20.0
261.0
192.0
510.0
1277.0
36.0
533.0
114.0
187.0
46.0
317.0
264.0
399.0
60.0
290.0
549.0
287.0
73.0
237.0
76.0
290.0
27.0
361.0
169.0
822.0
1325.0
587.0
336.0
1138.0
284.0
150.0
831.0
5261.0
5869.0
130.0
157.0
312.0
47.0
29.0
194.0
222.0
177.0
529.0
373.0
72.0
61.0
26.0
122.0
31.0
19.0
162.0
837.0
50.0
127.0
67.0
46.0
160.0
151.0
71.0
153.0
146.0
749.0
37.0
20.0
26.0
32.0
8.0
74.0
257.0
108.0
68.0
83.0
57.0
38.0
87.0
145.0
46.0
26.0
56.0
156.0
158.0
108.0
87.0
135.0
47.0
62.0
1645.0
58.0
57.0
65.0
25.0
164.0
286.0
33.0
284.0
126.0
247.0
78.0
136.0
819.0
218.0
71.0
1272.0
122.0
124.0
67.0
86.0
112.0
19.0
264.0
199.0
507.0
1292.0
33.0
547.0
119.0
179.0
45.0
350.0
249.0
363.0
59.0
299.0
541.0
283.0
73.0
241.0
76.0
285.0
28.0
361.0
173.0
841.0
1306.0
573.0
357.0
1105.0
292.0
145.0
867.0
5194.0
5848.0
131.0
168.0
308.0
48.0
29.0
180.0
218.0
186.0
516.0
347.0
79.0
65.0
25.0
125.0
32.0
19.0
175.0
895.0
51.0
129.0
62.0
44.0
163.0
145.0
71.0
153.0
150.0
750.0
35.0
21.0
26.0
30.0
8.0
74.0
259.0
109.0
74.0
85.0
59.0
39.0
86.0
154.0
48.0
27.0
55.0
154.0
164.0
103.0
82.0
136.0
48.0
62.0
1657.0
58.0
54.0
70.0
26.0
160.0
295.0
33.0
278.0
123.0
247.0
80.0
132.0
824.0
224.0
67.0
1233.0
131.0
124.0
71.0
92.0
122.0
20.0
268.0
191.0
505.0
1295.0
35.0
547.0
112.0
178.0
47.0
326.0
247.0
378.0
59.0
299.0
519.0
295.0
74.0
244.0
79.0
295.0
27.0
368.0
167.0
786.0
1275.0
598.0
358.0
1107.0
287.0
146.0
805.0
5043.0
5805.0
129.0
166.0
305.0
48.0
29.0
180.0
216.0
192.0
481.0
345.0
74.0
63.0
27.0
120.0
32.0
20.0
165.0
877.0
48.0
130.0
66.0
43.0
157.0
152.0
72.0
158.0
144.0
784.0
38.0
20.0
26.0
30.0
8.0
69.0
259.0
105.0
71.0
84.0
58.0
39.0
83.0
140.0
48.0
27.0
58.0
158.0
172.0
103.0
85.0
131.0
46.0
65.0
1534.0
54.0
54.0
66.0
25.0
162.0
271.0
32.0
277.0
129.0
239.0
81.0
133.0
827.0
221.0
69.0
1259.0
121.0
124.0
66.0
94.0
114.0
20.0
263.0
187.0
487.0
1292.0
33.0
557.0
119.0
186.0
47.0
342.0
246.0
400.0
58.0
294.0
521.0
274.0
71.0
245.0
76.0
289.0
28.0
338.0
170.0
772.0
1328.0
578.0
360.0
1083.0
290.0
148.0
807.0
5110.0
5628.0
120.0
172.0
328.0
51.0
29.0
190.0
220.0
180.0
521.0
371.0
72.0
66.0
26.0
122.0
31.0
19.0
173.0
898.0
49.0
121.0
67.0
43.0
155.0
145.0
73.0
164.0
150.0
778.0
37.0
21.0
25.0
30.0
8.0
70.0
276.0
105.0
70.0
89.0
57.0
39.0
85.0
143.0
46.0
26.0
56.0
148.0
175.0
101.0
82.0
138.0
44.0
62.0
1589.0
59.0
57.0
71.0
25.0
167.0
276.0
31.0
266.0
127.0
255.0
78.0
130.0
797.0
216.0
67.0
1181.0
123.0
127.0
71.0
89.0
116.0
19.0
245.0
206.0
502.0
1259.0
33.0
553.0
113.0
175.0
46.0
350.0
266.0
398.0
57.0
313.0
557.0
271.0
71.0
244.0
82.0
302.0
27.0
340.0
164.0
768.0
1386.0
577.0
350.0
1155.0
286.0
159.0
845.0
5214.0
5958.0
121.0
158.0
317.0
46.0
29.0
180.0
209.0
192.0
514.0
346.0
73.0
63.0
25.0
128.0
31.0
20.0
169.0
851.0
52.0
125.0
63.0
46.0
153.0
146.0
72.0
167.0
148.0
733.0
35.0
20.0
25.0
32.0
8.0
71.0
254.0
104.0
71.0
83.0
59.0
41.0
86.0
141.0
45.0
27.0
57.0
158.0
167.0
103.0
79.0
128.0
47.0
62.0
1526.0
54.0
58.0
70.0
25.0
156.0
270.0
32.0
276.0
130.0
253.0
80.0
129.0
775.0
212.0
69.0
1192.0
127.0
127.0
73.0
86.0
112.0
19.0
252.0
189.0
497.0
1270.0
35.0
528.0
111.0
185.0
44.0
331.0
263.0
386.0
58.0
303.0
538.0
287.0
74.0
238.0
82.0
287.0
29.0
367.0
156.0
786.0
1391.0
597.0
361.0
1150.0
278.0
158.0
870.0
5355.0
5669.0
131.0
162.0
312.0
49.0
27.0
179.0
212.0
180.0
502.0
356.0
77.0
65.0
27.0
119.0
31.0
20.0
172.0
881.0
52.0
125.0
66.0
45.0
155.0
149.0
76.0
158.0
153.0
751.0
36.0
21.0
26.0
30.0
8.0
74.0
273.0
113.0
74.0
90.0
56.0
37.0
81.0
151.0
46.0
25.0
58.0
160.0
165.0
108.0
81.0
127.0
47.0
65.0
1640.0
55.0
55.0
70.0
26.0
165.0
272.0
33.0
284.0
121.0
248.0
77.0
133.0
780.0
207.0
70.0
1217.0
130.0
127.0
66.0
89.0
121.0
19.0
265.0
200.0
490.0
1320.0
35.0
549.0
114.0
181.0
48.0
318.0
245.0
393.0
61.0
303.0
518.0
294.0
76.0
240.0
82.0
286.0
27.0
346.0
157.0
763.0
1284.0
590.0
362.0
1147.0
289.0
148.0
832.0
5230.0
5739.0
119.0
172.0
323.0
50.0
28.0
190.0
211.0
191.0
510.0
345.0
75.0
65.0
27.0
125.0
33.0
20.0
173.0
873.0
48.0
121.0
63.0
45.0
165.0
153.0
72.0
153.0
153.0
797.0
38.0
21.0
26.0
32.0
8.0
71.0
252.0
104.0
72.0
85.0
59.0
40.0
84.0
154.0
48.0
25.0
58.0
161.0
168.0
108.0
87.0
136.0
48.0
63.0
1547.0
59.0
54.0
66.0
25.0
153.0
295.0
33.0
273.0
130.0
260.0
83.0
133.0
813.0
216.0
69.0
1271.0
122.0
123.0
67.0
93.0
116.0
20.0
261.0
191.0
489.0
1237.0
33.0
538.0
116.0
184.0
47.0
339.0
254.0
367.0
61.0
297.0
552.0
271.0
76.0
235.0
78.0
287.0
29.0
347.0
169.0
814.0
1308.0
570.0
346.0
1083.0
301.0
151.0
862.0
4996.0
5786.0
121.0
159.0
318.0
51.0
27.0
181.0
205.0
182.0
508.0
343.0
77.0
63.0
27.0
116.0
31.0
19.0
175.0
822.0
51.0
127.0
67.0
46.0
154.0
147.0
76.0
157.0
151.0
739.0
36.0
20.0
25.0
30.0
8.0
74.0
254.0
109.0
67.0
84.0
59.0
40.0
84.0
153.0
48.0
25.0
57.0
154.0
172.0
105.0
82.0
135.0
46.0
67.0
1607.0
56.0
59.0
67.0
26.0
151.0
283.0
33.0
286.0
120.0
253.0
80.0
129.0
766.0
225.0
68.0
1239.0
134.0
118.0
68.0
91.0
112.0
19.0
262.0
205.0
515.0
1269.0
36.0
542.0
114.0
181.0
46.0
339.0
248.0
393.0
57.0
319.0
529.0
288.0
76.0
248.0
77.0
296.0
27.0
362.0
163.0
827.0
1357.0
569.0
351.0
1190.0
279.0
148.0
853.0
5372.0
5638.0
125.0
172.0
314.0
49.0
27.0
192.0
220.0
185.0
499.0
359.0
73.0
65.0
26.0
124.0
31.0
19.0
164.0
891.0
49.0
125.0
63.0
46.0
162.0
146.0
76.0
168.0
152.0
784.0
36.0
20.0
26.0
32.0
8.0
71.0
276.0
111.0
70.0
86.0
56.0
38.0
84.0
143.0
45.0
26.0
58.0
156.0
159.0
110.0
84.0
135.0
45.0
66.0
1552.0
55.0
55.0
70.0
25.0
159.0
272.0
31.0
262.0
120.0
257.0
77.0
138.0
803.0
219.0
70.0
1277.0
130.0
126.0
68.0
94.0
119.0
19.0
265.0
188.0
475.0
1265.0
35.0
545.0
118.0
179.0
48.0
344.0
248.0
398.0
60.0
290.0
534.0
288.0
69.0
232.0
82.0
295.0
29.0
341.0
162.0
797.0
1376.0
571.0
360.0
1109.0
299.0
156.0
870.0
5314.0
5746.0
121.0
173.0
312.0
51.0
29.0
176.0
207.0
184.0
485.0
347.0
75.0
64.0
26.0
124.0
32.0
20.0
168.0
821.0
49.0
119.0
64.0
45.0
155.0
148.0
75.0
166.0
144.0
724.0
36.0
19.0
26.0
31.0
8.0
69.0
253.0
109.0
68.0
83.0
58.0
40.0
88.0
153.0
49.0
27.0
55.0
155.0
171.0
106.0
82.0
135.0
45.0
66.0
1582.0
55.0
54.0
66.0
24.0
165.0
281.0
33.0
268.0
118.0
235.0
78.0
131.0
817.0
220.0
67.0
1204.0
128.0
123.0
72.0
88.0
121.0
19.0
251.0
196.0
475.0
1263.0
34.0
547.0
120.0
190.0
44.0
337.0
244.0
387.0
57.0
300.0
527.0
274.0
74.0
254.0
77.0
283.0
29.0
365.0
169.0
827.0
1337.0
582.0
328.0
1089.0
285.0
146.0
866.0
5034.0
5834.0
123.0
162.0
309.0
47.0
28.0
177.0
208.0
196.0
533.0
346.0
74.0
62.0
25.0
125.0
32.0
19.0
166.0
867.0
51.0
118.0
65.0
43.0
161.0
149.0
72.0
165.0
144.0
729.0
35.0
20.0
26.0
32.0
8.0
73.0
255.0
113.0
71.0
90.0
58.0
38.0
84.0
150.0
49.0
26.0
56.0
158.0
161.0
108.0
82.0
139.0
46.0
62.0
1524.0
57.0
58.0
70.0
26.0
153.0
270.0
32.0
274.0
119.0
248.0
83.0
134.0
811.0
213.0
66.0
1162.0
122.0
118.0
68.0
87.0
114.0
19.0
265.0
198.0
512.0
1314.0
35.0
555.0
113.0
179.0
46.0
322.0
260.0
394.0
61.0
290.0
520.0
290.0
75.0
235.0
78.0
285.0
28.0
352.0
163.0
803.0
1315.0
554.0
345.0
1123.0
301.0
158.0
832.0
5143.0
5567.0
123.0
157.0
322.0
50.0
28.0
189.0
207.0
191.0
518.0
361.0
78.0
61.0
25.0
128.0
30.0
19.0
163.0
837.0
50.0
125.0
61.0
46.0
156.0
140.0
74.0
159.0
142.0
760.0
35.0
20.0
25.0
31.0
8.0
70.0
251.0
111.0
68.0
87.0
55.0
39.0
87.0
141.0
45.0
26.0
53.0
150.0
171.0
106.0
83.0
136.0
48.0
61.0
1548.0
59.0
57.0
68.0
26.0
154.0
291.0
30.0
265.0
121.0
256.0
83.0
133.0
777.0
215.0
71.0
1227.0
133.0
120.0
68.0
92.0
121.0
20.0
270.0
199.0
487.0
1282.0
35.0
523.0
112.0
183.0
47.0
324.0
263.0
388.0
57.0
314.0
510.0
273.0
75.0
244.0
75.0
274.0
29.0
353.0
162.0
828.0
1392.0
599.0
360.0
1124.0
274.0
151.0
874.0
4981.0
5709.0
125.0
173.0
336.0
49.0
27.0
188.0
209.0
191.0
529.0
350.0
73.0
66.0
27.0
126.0
31.0
19.0
175.0
870.0
51.0
124.0
66.0
44.0
166.0
152.0
71.0
159.0
152.0
746.0
36.0
20.0
25.0
30.0
8.0
71.0
277.0
104.0
74.0
91.0
54.0
41.0
83.0
143.0
48.0
26.0
54.0
152.0
174.0
109.0
80.0
133.0
48.0
61.0
1650.0
59.0
56.0
66.0
26.0
162.0
298.0
32.0
275.0
128.0
259.0
78.0
130.0
781.0
214.0
71.0
1268.0
133.0
122.0
73.0
89.0
113.0
19.0
272.0
204.0
516.0
1221.0
34.0
557.0
112.0
193.0
47.0
332.0
261.0
363.0
57.0
313.0
553.0
294.0
70.0
233.0
75.0
302.0
28.0
362.0
171.0
843.0
1267.0
593.0
363.0
1198.0
293.0
151.0
875.0
5014.0
6001.0
129.0
156.0
320.0
46.0
27.0
184.0
211.0
192.0
483.0
375.0
78.0
64.0
26.0
128.0
33.0
19.0
167.0
865.0
49.0
125.0
62.0
43.0
157.0
154.0
70.0
167.0
149.0
734.0
35.0
21.0
24.0
31.0
8.0
74.0
272.0
104.0
72.0
89.0
54.0
41.0
83.0
144.0
45.0
26.0
54.0
151.0
158.0
109.0
83.0
132.0
46.0
65.0
1614.0
56.0
56.0
69.0
25.0
153.0
272.0
32.0
273.0
122.0
242.0
76.0
134.0
808.0
224.0
68.0
1258.0
124.0
127.0
72.0
92.0
117.0
20.0
261.0
196.0
511.0
1232.0
34.0
525.0
116.0
182.0
44.0
351.0
262.0
396.0
56.0
320.0
535.0
291.0
76.0
238.0
79.0
274.0
29.0
354.0
167.0
835.0
1340.0
587.0
344.0
1191.0
289.0
148.0
795.0
5031.0
5805.0
123.0
171.0
320.0
51.0
27.0
184.0
215.0
196.0
533.0
349.0
73.0
63.0
25.0
119.0
31.0
20.0
170.0
876.0
50.0
126.0
66.0
45.0
159.0
151.0
73.0
163.0
138.0
769.0
36.0
20.0
26.0
30.0
8.0
73.0
272.0
107.0
70.0
90.0
58.0
40.0
87.0
152.0
46.0
25.0
58.0
153.0
169.0
101.0
84.0
134.0
48.0
64.0
1598.0
55.0
58.0
71.0
25.0
165.0
282.0
31.0
276.0
128.0
244.0
77.0
130.0
761.0
222.0
70.0
1201.0
127.0
119.0
71.0
92.0
114.0
19.0
248.0
202.0
517.0
1331.0
35.0
531.0
119.0
181.0
45.0
328.0
260.0
368.0
61.0
310.0
505.0
289.0
70.0
247.0
77.0
276.0
28.0
341.0
163.0
768.0
1299.0
548.0
330.0
1159.0
281.0
158.0
864.0
5491.0
5836.0
121.0
170.0
307.0
49.0
28.0
186.0
215.0
180.0
484.0
354.0
74.0
61.0
26.0
118.0
32.0
19.0
164.0
881.0
49.0
119.0
61.0
44.0
158.0
148.0
75.0
160.0
152.0
731.0
38.0
20.0
26.0
30.0
8.0
69.0
275.0
110.0
74.0
90.0
59.0
41.0
86.0
154.0
47.0
27.0
57.0
162.0
163.0
102.0
82.0
139.0
46.0
63.0
1643.0
57.0
58.0
70.0
26.0
165.0
288.0
32.0
273.0
125.0
250.0
82.0
129.0
799.0
222.0
66.0
1200.0
128.0
116.0
72.0
91.0
120.0
20.0
268.0
207.0
503.0
1264.0
34.0
511.0
110.0
181.0
47.0
337.0
251.0
391.0
61.0
307.0
539.0
278.0
72.0
251.0
82.0
300.0
27.0
361.0
158.0
836.0
1259.0
587.0
328.0
1154.0
283.0
144.0
832.0
5169.0
5856.0
121.0
160.0
320.0
50.0
28.0
177.0
218.0
184.0
515.0
357.0
73.0
66.0
25.0
128.0
33.0
20.0
177.0
844.0
53.0
127.0
63.0
43.0
162.0
147.0
70.0
165.0
139.0
724.0
37.0
20.0
24.0
32.0
8.0
73.0
277.0
104.0
71.0
87.0
57.0
40.0
89.0
141.0
45.0
26.0
55.0
159.0
166.0
110.0
83.0
136.0
44.0
62.0
1642.0
59.0
55.0
65.0
26.0
167.0
283.0
30.0
283.0
118.0
249.0
81.0
140.0
804.0
209.0
70.0
1166.0
124.0
119.0
66.0
85.0
116.0
20.0
262.0
202.0
495.0
1255.0
35.0
508.0
112.0
186.0
45.0
342.0
251.0
400.0
58.0
314.0
509.0
273.0
75.0
242.0
75.0
277.0
27.0
363.0
168.0
796.0
1288.0
584.0
356.0
1080.0
288.0
150.0
813.0
5462.0
6024.0
124.0
161.0
329.0
50.0
29.0
191.0
204.0
178.0
487.0
339.0
77.0
63.0
25.0
126.0
32.0
20.0
166.0
864.0
49.0
124.0
67.0
46.0
154.0
147.0
73.0
162.0
148.0
757.0
36.0
21.0
25.0
31.0
8.0
69.0
275.0
113.0
70.0
85.0
58.0
38.0
86.0
143.0
47.0
27.0
53.0
154.0
163.0
108.0
82.0
127.0
46.0
62.0
1517.0
55.0
55.0
71.0
26.0
167.0
289.0
31.0
280.0
125.0
250.0
81.0
136.0
754.0
215.0
67.0
1254.0
131.0
115.0
70.0
91.0
112.0
19.0
256.0
201.0
494.0
1265.0
33.0
525.0
109.0
175.0
47.0
339.0
259.0
398.0
60.0
301.0
521.0
286.0
74.0
231.0
78.0
292.0
27.0
362.0
162.0
789.0
1336.0
582.0
353.0
1112.0
281.0
148.0
844.0
5389.0
5859.0
131.0
172.0
327.0
49.0
29.0
185.0
212.0
185.0
481.0
373.0
73.0
66.0
26.0
120.0
30.0
19.0
178.0
857.0
51.0
120.0
64.0
44.0
153.0
140.0
71.0
153.0
140.0
760.0
38.0
21.0
25.0
32.0
8.0
76.0
266.0
106.0
68.0
89.0
56.0
40.0
84.0
141.0
49.0
25.0
57.0
150.0
172.0
107.0
80.0
130.0
46.0
63.0
1541.0
57.0
54.0
70.0
25.0
162.0
284.0
33.0
280.0
129.0
238.0
77.0
136.0
766.0
217.0
70.0
1184.0
133.0
120.0
71.0
93.0
119.0
19.0
262.0
204.0
488.0
1302.0
33.0
528.0
118.0
178.0
46.0
324.0
257.0
377.0
55.0
305.0
547.0
293.0
69.0
243.0
80.0
295.0
27.0
364.0
165.0
770.0
1271.0
578.0
356.0
1084.0
287.0
156.0
855.0
5122.0
5805.0
119.0
165.0
319.0
48.0
28.0
181.0
225.0
196.0
523.0
359.0
73.0
61.0
27.0
128.0
32.0
18.0
173.0
859.0
52.0
121.0
62.0
42.0
167.0
143.0
70.0
158.0
149.0
746.0
38.0
20.0
26.0
32.0
8.0
75.0
258.0
105.0
74.0
91.0
59.0
40.0
87.0
148.0
46.0
27.0
53.0
160.0
169.0
109.0
86.0
130.0
48.0
66.0
1624.0
58.0
54.0
70.0
25.0
161.0
284.0
30.0
285.0
118.0
245.0
83.0
136.0
808.0
214.0
67.0
1278.0
133.0
117.0
68.0
88.0
122.0
19.0
267.0
204.0
177.0
189.0
145.0
134.0
404.0
135.0
158.0
164.0
147.0
165.0
167.0
143.0
176.0
145.0
151.0
152.0
156.0
145.0
420.0
153.0
135.0
147.0
155.0
163.0
136.0
155.0
170.0
400.0
136.0
158.0
136.0
138.0
147.0
161.0
139.0
175.0
139.0
138.0
133.0
157.0
157.0
130.0
162.0
149.0
156.0
484.0
135.0
161.0
407.0
137.0
161.0
132.0
172.0
153.0
150.0
149.0
132.0
131.0
489.0
152.0
169.0
172.0
145.0
130.0
154.0
143.0
160.0
142.0
148.0
155.0
169.0
133.0
140.0
154.0
118.0
165.0
405.0
137.0
170.0
147.0
144.0
171.0
175.0
156.0
169.0
159.0
366.0
134.0
419.0
148.0
413.0
401.0
469.0
444.0
380.0
425.0
407.0
463.0
375.0
136.0
158.0
177.0
143.0
170.0
138.0
171.0
163.0
167.0
170.0
162.0
156.0
147.0
455.0
162.0
131.0
155.0
162.0
137.0
154.0
168.0
177.0
176.0
155.0
162.0
144.0
154.0
381.0
146.0
146.0
149.0
145.0
172.0
156.0
137.0
161.0
388.0
150.0
145.0
149.0
137.0
175.0
131.0
162.0
142.0
166.0
134.0
151.0
153.0
133.0
150.0
148.0
145.0
151.0
370.0
172.0
144.0
483.0
149.0
174.0
176.0
131.0
176.0
149.0
156.0
168.0
163.0
486.0
143.0
172.0
139.0
169.0
153.0
130.0
174.0
138.0
133.0
165.0
140.0
153.0
142.0
152.0
137.0
125.0
135.0
416.0
134.0
169.0
133.0
154.0
156.0
131.0
167.0
167.0
134.0
432.0
136.0
454.0
172.0
464.0
444.0
411.0
395.0
486.0
400.0
421.0
466.0
413.0
148.0
162.0
143.0
132.0
150.0
131.0
163.0
140.0
159.0
169.0
167.0
159.0
152.0
387.0
134.0
167.0
155.0
168.0
160.0
177.0
135.0
138.0
173.0
147.0
154.0
149.0
137.0
493.0
148.0
148.0
153.0
172.0
131.0
148.0
176.0
154.0
463.0
153.0
162.0
169.0
167.0
145.0
169.0
142.0
130.0
134.0
147.0
145.0
168.0
131.0
141.0
133.0
147.0
167.0
408.0
149.0
150.0
396.0
170.0
152.0
145.0
131.0
152.0
156.0
140.0
145.0
172.0
464.0
155.0
139.0
140.0
173.0
175.0
142.0
154.0
150.0
159.0
148.0
148.0
147.0
149.0
173.0
155.0
150.0
132.0
437.0
152.0
175.0
147.0
167.0
176.0
175.0
166.0
153.0
176.0
394.0
138.0
435.0
170.0
494.0
371.0
474.0
416.0
376.0
451.0
426.0
485.0
408.0
131.0
136.0
143.0
140.0
167.0
156.0
162.0
155.0
172.0
203.0
197.0
145.0
145.0
402.0
141.0
132.0
172.0
166.0
156.0
172.0
149.0
156.0
151.0
160.0
177.0
154.0
164.0
451.0
140.0
166.0
130.0
164.0
141.0
140.0
158.0
162.0
416.0
147.0
165.0
154.0
168.0
154.0
148.0
133.0
162.0
156.0
170.0
145.0
168.0
157.0
147.0
147.0
119.0
140.0
405.0
144.0
166.0
426.0
149.0
158.0
174.0
143.0
148.0
160.0
169.0
142.0
166.0
477.0
137.0
137.0
135.0
137.0
160.0
143.0
142.0
167.0
159.0
158.0
175.0
134.0
176.0
148.0
164.0
123.0
172.0
460.0
161.0
160.0
131.0
140.0
173.0
147.0
161.0
151.0
166.0
430.0
152.0
421.0
155.0
388.0
462.0
488.0
469.0
393.0
385.0
386.0
475.0
377.0
151.0
163.0
130.0
153.0
157.0
137.0
149.0
134.0
152.0
177.0
181.0
142.0
177.0
390.0
141.0
176.0
135.0
170.0
150.0
170.0
142.0
156.0
144.0
142.0
140.0
173.0
132.0
485.0
150.0
140.0
148.0
157.0
137.0
140.0
136.0
144.0
363.0
148.0
133.0
166.0
167.0
169.0
145.0
161.0
173.0
174.0
149.0
165.0
146.0
135.0
155.0
148.0
117.0
165.0
444.0
165.0
137.0
401.0
156.0
166.0
139.0
143.0
142.0
154.0
163.0
156.0
160.0
465.0
136.0
175.0
162.0
172.0
136.0
145.0
139.0
137.0
149.0
164.0
170.0
141.0
133.0
173.0
157.0
141.0
145.0
441.0
153.0
145.0
145.0
141.0
176.0
154.0
145.0
136.0
155.0
363.0
152.0
373.0
146.0
458.0
471.0
364.0
485.0
426.0
424.0
405.0
416.0
447.0
174.0
162.0
168.0
141.0
138.0
165.0
168.0
153.0
162.0
199.0
199.0
156.0
169.0
468.0
144.0
131.0
140.0
139.0
141.0
164.0
160.0
175.0
176.0
141.0
146.0
175.0
158.0
480.0
130.0
177.0
165.0
163.0
138.0
158.0
162.0
158.0
366.0
174.0
157.0
134.0
139.0
152.0
174.0
169.0
166.0
167.0
140.0
143.0
138.0
158.0
168.0
172.0
138.0
135.0
452.0
166.0
162.0
395.0
131.0
165.0
153.0
142.0
176.0
148.0
151.0
168.0
158.0
380.0
174.0
152.0
169.0
159.0
143.0
150.0
165.0
142.0
151.0
162.0
160.0
137.0
171.0
173.0
154.0
119.0
154.0
377.0
142.0
169.0
132.0
148.0
149.0
169.0
161.0
161.0
138.0
381.0
133.0
389.0
158.0
436.0
436.0
363.0
420.0
475.0
394.0
458.0
413.0
431.0
171.0
157.0
176.0
147.0
160.0
142.0
173.0
159.0
147.0
158.0
194.0
136.0
140.0
466.0
145.0
130.0
161.0
142.0
141.0
163.0
168.0
131.0
142.0
149.0
142.0
160.0
160.0
373.0
162.0
138.0
151.0
171.0
136.0
176.0
159.0
151.0
370.0
131.0
135.0
150.0
162.0
163.0
164.0
144.0
177.0
163.0
135.0
135.0
149.0
157.0
137.0
134.0
124.0
170.0
482.0
172.0
157.0
488.0
150.0
131.0
173.0
150.0
157.0
175.0
169.0
171.0
145.0
435.0
137.0
172.0
145.0
131.0
172.0
169.0
162.0
172.0
155.0
134.0
139.0
171.0
131.0
151.0
155.0
127.0
150.0
418.0
138.0
170.0
158.0
167.0
176.0
168.0
147.0
166.0
160.0
469.0
153.0
429.0
160.0
420.0
493.0
457.0
388.0
483.0
445.0
465.0
439.0
395.0
169.0
158.0
157.0
167.0
141.0
131.0
174.0
162.0
164.0
188.0
170.0
159.0
146.0
393.0
132.0
163.0
173.0
134.0
147.0
161.0
172.0
144.0
141.0
146.0
174.0
149.0
139.0
432.0
137.0
175.0
134.0
150.0
133.0
147.0
141.0
134.0
470.0
156.0
144.0
134.0
167.0
151.0
163.0
130.0
142.0
155.0
148.0
143.0
150.0
169.0
157.0
172.0
136.0
170.0
422.0
171.0
137.0
472.0
134.0
139.0
171.0
171.0
134.0
134.0
135.0
131.0
153.0
436.0
172.0
148.0
150.0
153.0
161.0
160.0
134.0
134.0
154.0
177.0
135.0
133.0
131.0
166.0
161.0
151.0
143.0
461.0
156.0
174.0
176.0
166.0
145.0
131.0
159.0
133.0
132.0
422.0
166.0
433.0
150.0
434.0
429.0
469.0
388.0
435.0
404.0
484.0
379.0
392.0
150.0
168.0
136.0
158.0
160.0
132.0
131.0
146.0
133.0
179.0
166.0
162.0
144.0
468.0
148.0
168.0
135.0
174.0
153.0
135.0
144.0
137.0
145.0
166.0
170.0
131.0
138.0
436.0
176.0
162.0
167.0
171.0
177.0
133.0
159.0
145.0
398.0
176.0
151.0
141.0
136.0
149.0
130.0
144.0
133.0
136.0
142.0
174.0
147.0
163.0
141.0
131.0
147.0
142.0
366.0
143.0
168.0
365.0
172.0
147.0
156.0
130.0
162.0
157.0
136.0
158.0
142.0
420.0
152.0
131.0
151.0
164.0
172.0
158.0
156.0
132.0
154.0
161.0
168.0
145.0
133.0
144.0
131.0
127.0
168.0
413.0
148.0
147.0
142.0
151.0
145.0
146.0
134.0
154.0
154.0
472.0
137.0
487.0
170.0
474.0
461.0
455.0
463.0
439.0
441.0
467.0
390.0
370.0
167.0
164.0
139.0
142.0
133.0
144.0
166.0
155.0
136.0
206.0
188.0
152.0
159.0
436.0
142.0
137.0
133.0
142.0
154.0
175.0
139.0
137.0
155.0
131.0
176.0
150.0
164.0
375.0
158.0
141.0
144.0
145.0
136.0
134.0
144.0
146.0
447.0
167.0
176.0
171.0
173.0
148.0
169.0
131.0
133.0
135.0
163.0
167.0
174.0
164.0
167.0
133.0
136.0
168.0
409.0
131.0
167.0
424.0
163.0
134.0
168.0
162.0
159.0
155.0
153.0
171.0
133.0
418.0
131.0
142.0
141.0
163.0
161.0
168.0
138.0
151.0
134.0
145.0
144.0
151.0
150.0
158.0
166.0
150.0
146.0
476.0
154.0
141.0
175.0
169.0
150.0
168.0
137.0
140.0
167.0
370.0
167.0
413.0
176.0
422.0
462.0
441.0
439.0
401.0
469.0
372.0
438.0
494.0
171.0
159.0
164.0
146.0
130.0
167.0
156.0
177.0
149.0
182.0
203.0
148.0
169.0
393.0
152.0
165.0
171.0
140.0
159.0
167.0
146.0
133.0
151.0
150.0
134.0
171.0
169.0
440.0
130.0
161.0
171.0
162.0
159.0
166.0
135.0
165.0
399.0
142.0
152.0
131.0
137.0
143.0
153.0
151.0
167.0
172.0
159.0
161.0
130.0
138.0
161.0
132.0
127.0
149.0
388.0
144.0
152.0
412.0
135.0
142.0
159.0
156.0
148.0
140.0
132.0
157.0
151.0
471.0
146.0
131.0
141.0
143.0
171.0
159.0
158.0
153.0
155.0
153.0
144.0
149.0
168.0
166.0
151.0
134.0
143.0
475.0
161.0
169.0
167.0
148.0
138.0
156.0
134.0
137.0
141.0
470.0
166.0
484.0
175.0
433.0
398.0
483.0
446.0
403.0
366.0
382.0
429.0
451.0
157.0
137.0
176.0
170.0
135.0
156.0
131.0
143.0
135.0
190.0
177.0
155.0
174.0
388.0
170.0
139.0
148.0
139.0
169.0
141.0
161.0
159.0
155.0
157.0
152.0
159.0
162.0
475.0
165.0
144.0
163.0
131.0
161.0
140.0
154.0
168.0
457.0
132.0
142.0
146.0
130.0
174.0
162.0
158.0
137.0
174.0
150.0
145.0
144.0
161.0
138.0
157.0
125.0
146.0
387.0
141.0
134.0
433.0
139.0
166.0
139.0
149.0
147.0
153.0
133.0
140.0
162.0
488.0
170.0
156.0
144.0
175.0
154.0
145.0
150.0
168.0
149.0
156.0
133.0
147.0
131.0
160.0
145.0
123.0
154.0
428.0
145.0
147.0
152.0
161.0
137.0
173.0
132.0
152.0
166.0
459.0
137.0
472.0
153.0
448.0
437.0
374.0
494.0
404.0
367.0
378.0
384.0
409.0
171.0
159.0
140.0
175.0
148.0
143.0
169.0
173.0
149.0
160.0
170.0
140.0
153.0
429.0
132.0
135.0
168.0
137.0
161.0
133.0
161.0
161.0
157.0
175.0
135.0
142.0
144.0
426.0
144.0
133.0
133.0
169.0
141.0
147.0
131.0
171.0
415.0
163.0
133.0
139.0
137.0
175.0
166.0
150.0
130.0
131.0
148.0
175.0
141.0
161.0
160.0
150.0
118.0
144.0
450.0
151.0
147.0
387.0
158.0
145.0
161.0
144.0
154.0
136.0
140.0
152.0
164.0
475.0
156.0
171.0
164.0
170.0
140.0
130.0
177.0
169.0
142.0
155.0
130.0
169.0
167.0
160.0
161.0
118.0
150.0
371.0
175.0
140.0
141.0
151.0
140.0
151.0
157.0
142.0
150.0
404.0
171.0
364.0
132.0
444.0
398.0
430.0
375.0
428.0
468.0
469.0
418.0
422.0
141.0
155.0
156.0
164.0
130.0
136.0
147.0
132.0
172.0
155.0
183.0
161.0
133.0
489.0
167.0
177.0
175.0
156.0
166.0
156.0
133.0
149.0
159.0
163.0
146.0
131.0
160.0
442.0
142.0
136.0
176.0
147.0
137.0
164.0
170.0
139.0
488.0
147.0
152.0
135.0
133.0
175.0
168.0
153.0
132.0
168.0
161.0
162.0
161.0
172.0
169.0
176.0
146.0
141.0
414.0
147.0
144.0
412.0
142.0
145.0
151.0
174.0
153.0
159.0
169.0
169.0
143.0
394.0
154.0
167.0
142.0
157.0
169.0
130.0
166.0
159.0
159.0
145.0
142.0
158.0
168.0
177.0
163.0
140.0
171.0
400.0
132.0
156.0
168.0
132.0
165.0
154.0
140.0
144.0
137.0
375.0
133.0
433.0
142.0
392.0
486.0
483.0
481.0
469.0
492.0
477.0
439.0
494.0
170.0
166.0
156.0
139.0
140.0
154.0
163.0
158.0
169.0
168.0
172.0
164.0
134.0
477.0
139.0
153.0
167.0
143.0
169.0
154.0
132.0
149.0
158.0
167.0
138.0
141.0
173.0
378.0
155.0
157.0
173.0
157.0
173.0
152.0
152.0
137.0
473.0
172.0
165.0
142.0
165.0
173.0
162.0
169.0
146.0
130.0
152.0
133.0
133.0
169.0
156.0
140.0
146.0
167.0
484.0
163.0
142.0
377.0
155.0
166.0
140.0
147.0
146.0
141.0
150.0
156.0
142.0
397.0
136.0
145.0
166.0
173.0
155.0
165.0
142.0
135.0
135.0
168.0
150.0
149.0
141.0
167.0
172.0
119.0
161.0
451.0
131.0
173.0
167.0
164.0
137.0
168.0
167.0
160.0
165.0
450.0
170.0
489.0
172.0
412.0
428.0
445.0
371.0
409.0
404.0
366.0
457.0
388.0
166.0
163.0
157.0
173.0
175.0
159.0
145.0
173.0
149.0
188.0
175.0
141.0
142.0
487.0
163.0
132.0
153.0
174.0
165.0
140.0
176.0
141.0
153.0
144.0
160.0
136.0
169.0
462.0
169.0
163.0
148.0
167.0
167.0
140.0
141.0
138.0
486.0
153.0
166.0
140.0
176.0
169.0
154.0
151.0
155.0
141.0
133.0
173.0
152.0
160.0
132.0
172.0
123.0
157.0
463.0
162.0
130.0
451.0
152.0
162.0
170.0
141.0
168.0
164.0
145.0
163.0
137.0
473.0
141.0
132.0
166.0
144.0
164.0
163.0
142.0
136.0
137.0
156.0
154.0
146.0
138.0
134.0
174.0
121.0
143.0
447.0
146.0
175.0
140.0
147.0
176.0
173.0
160.0
159.0
133.0
473.0
150.0
416.0
165.0
432.0
462.0
423.0
385.0
435.0
472.0
366.0
417.0
432.0
171.0
146.0
130.0
165.0
163.0
149.0
160.0
139.0
131.0
178.0
167.0
139.0
148.0
448.0
153.0
149.0
142.0
137.0
139.0
168.0
160.0
143.0
158.0
166.0
156.0
137.0
144.0
426.0
166.0
169.0
176.0
154.0
175.0
145.0
167.0
172.0
399.0
146.0
164.0
133.0
152.0
150.0
144.0
134.0
160.0
133.0
152.0
140.0
131.0
151.0
158.0
138.0
122.0
172.0
476.0
169.0
144.0
474.0
153.0
160.0
159.0
140.0
157.0
153.0
161.0
149.0
157.0
462.0
161.0
144.0
152.0
149.0
172.0
132.0
150.0
166.0
150.0
142.0
145.0
144.0
175.0
142.0
154.0
118.0
168.0
419.0
160.0
166.0
163.0
150.0
151.0
153.0
156.0
145.0
174.0
398.0
158.0
455.0
136.0
430.0
430.0
386.0
415.0
476.0
395.0
366.0
390.0
465.0
176.0
170.0
164.0
155.0
134.0
153.0
144.0
158.0
150.0
177.0
172.0
136.0
170.0
470.0
162.0
148.0
141.0
140.0
142.0
177.0
135.0
146.0
158.0
148.0
167.0
141.0
155.0
390.0
160.0
132.0
139.0
174.0
163.0
146.0
174.0
157.0
364.0
176.0
176.0
168.0
143.0
174.0
144.0
132.0
164.0
175.0
172.0
146.0
138.0
168.0
156.0
132.0
143.0
150.0
483.0
159.0
140.0
371.0
171.0
136.0
164.0
163.0
145.0
144.0
157.0
131.0
147.0
462.0
135.0
155.0
154.0
160.0
176.0
134.0
169.0
133.0
153.0
158.0
147.0
136.0
137.0
165.0
138.0
149.0
165.0
475.0
139.0
142.0
160.0
154.0
170.0
141.0
133.0
152.0
146.0
491.0
158.0
476.0
171.0
495.0
377.0
453.0
404.0
384.0
487.0
401.0
486.0
363.0
174.0
147.0
150.0
130.0
162.0
145.0
135.0
142.0
136.0
171.0
165.0
140.0
150.0
426.0
159.0
170.0
156.0
154.0
141.0
135.0
134.0
151.0
140.0
165.0
149.0
165.0
156.0
463.0
171.0
131.0
159.0
175.0
175.0
154.0
167.0
163.0
409.0
147.0
152.0
154.0
152.0
141.0
165.0
131.0
173.0
175.0
157.0
177.0
170.0
162.0
157.0
168.0
121.0
170.0
423.0
170.0
153.0
446.0
163.0
173.0
134.0
165.0
140.0
136.0
169.0
171.0
130.0
413.0
141.0
140.0
170.0
134.0
134.0
153.0
174.0
171.0
168.0
171.0
161.0
144.0
167.0
145.0
176.0
150.0
149.0
442.0
145.0
151.0
149.0
166.0
166.0
139.0
176.0
166.0
174.0
463.0
164.0
473.0
169.0
415.0
410.0
430.0
461.0
384.0
431.0
431.0
473.0
420.0
154.0
174.0
171.0
171.0
164.0
143.0
151.0
136.0
157.0
180.0
189.0
174.0
131.0
367.0
171.0
136.0
148.0
142.0
136.0
133.0
134.0
139.0
162.0
146.0
130.0
140.0
176.0
433.0
173.0
135.0
162.0
166.0
162.0
162.0
158.0
140.0
494.0
165.0
172.0
161.0
166.0
159.0
170.0
167.0
160.0
160.0
153.0
133.0
133.0
131.0
169.0
134.0
113.0
130.0
493.0
173.0
141.0
423.0
132.0
159.0
152.0
148.0
147.0
144.0
152.0
141.0
130.0
385.0
145.0
140.0
150.0
145.0
147.0
135.0
138.0
156.0
138.0
132.0
131.0
137.0
130.0
156.0
177.0
138.0
163.0
443.0
160.0
166.0
139.0
151.0
158.0
144.0
167.0
158.0
169.0
447.0
133.0
407.0
157.0
461.0
390.0
401.0
465.0
413.0
448.0
388.0
395.0
457.0
165.0
169.0
132.0
142.0
171.0
167.0
135.0
139.0
167.0
176.0
174.0
152.0
157.0
412.0
169.0
172.0
143.0
138.0
151.0
156.0
177.0
137.0
145.0
134.0
145.0
164.0
167.0
423.0
134.0
132.0
148.0
157.0
176.0
163.0
171.0
165.0
419.0
135.0
150.0
168.0
169.0
176.0
141.0
149.0
131.0
146.0
169.0
173.0
161.0
154.0
152.0
168.0
136.0
143.0
409.0
147.0
174.0
388.0
164.0
150.0
169.0
162.0
133.0
140.0
151.0
142.0
169.0
434.0
175.0
140.0
151.0
176.0
161.0
160.0
169.0
162.0
155.0
142.0
132.0
140.0
140.0
174.0
151.0
118.0
151.0
430.0
139.0
163.0
145.0
145.0
166.0
146.0
132.0
170.0
145.0
411.0
134.0
494.0
162.0
486.0
443.0
374.0
408.0
445.0
474.0
453.0
481.0
365.0
168.0
165.0
161.0
160.0
147.0
158.0
156.0
139.0
160.0
202.0
164.0
131.0
137.0
430.0
144.0
145.0
148.0
131.0
135.0
144.0
158.0
140.0
136.0
154.0
170.0
167.0
145.0
488.0
131.0
136.0
161.0
162.0
165.0
131.0
132.0
136.0
487.0
148.0
132.0
140.0
146.0
157.0
133.0
130.0
174.0
171.0
150.0
152.0
146.0
138.0
165.0
168.0
144.0
170.0
382.0
134.0
172.0
421.0
131.0
146.0
148.0
162.0
139.0
145.0
168.0
170.0
133.0
431.0
159.0
168.0
161.0
143.0
136.0
159.0
132.0
177.0
146.0
135.0
147.0
166.0
162.0
167.0
146.0
151.0
134.0
425.0
147.0
157.0
130.0
137.0
177.0
145.0
176.0
155.0
173.0
364.0
150.0
418.0
160.0
424.0
417.0
484.0
374.0
481.0
414.0
375.0
429.0
478.0
163.0
153.0
165.0
132.0
169.0
164.0
136.0
143.0
173.0
159.0
181.0
174.0
131.0
475.0
132.0
147.0
143.0
151.0
172.0
130.0
149.0
140.0
175.0
147.0
174.0
141.0
141.0
381.0
164.0
169.0
143.0
177.0
148.0
161.0
139.0
165.0
405.0
137.0
175.0
143.0
176.0
140.0
171.0
177.0
165.0
142.0
159.0
173.0
147.0
153.0
143.0
164.0
125.0
131.0
370.0
143.0
175.0
442.0
165.0
150.0
150.0
147.0
133.0
133.0
138.0
160.0
157.0
494.0
138.0
148.0
159.0
164.0
172.0
155.0
156.0
153.0
140.0
164.0
143.0
139.0
158.0
132.0
167.0
138.0
177.0
463.0
137.0
167.0
163.0
137.0
148.0
151.0
165.0
172.0
172.0
378.0
164.0
448.0
152.0
413.0
397.0
482.0
403.0
401.0
413.0
369.0
365.0
477.0
144.0
141.0
133.0
140.0
165.0
162.0
177.0
143.0
165.0
172.0
153.0
173.0
143.0
385.0
149.0
136.0
151.0
135.0
150.0
143.0
171.0
132.0
158.0
174.0
168.0
136.0
130.0
441.0
168.0
169.0
151.0
138.0
177.0
140.0
175.0
155.0
444.0
133.0
170.0
172.0
176.0
165.0
151.0
135.0
137.0
131.0
131.0
151.0
136.0
138.0
152.0
170.0
120.0
144.0
391.0
131.0
163.0
423.0
174.0
133.0
154.0
177.0
138.0
134.0
170.0
153.0
136.0
406.0
147.0
171.0
177.0
159.0
152.0
165.0
160.0
130.0
149.0
132.0
165.0
150.0
160.0
157.0
144.0
114.0
143.0
465.0
152.0
141.0
176.0
132.0
170.0
170.0
143.0
158.0
130.0
453.0
147.0
390.0
158.0
387.0
477.0
451.0
391.0
393.0
469.0
476.0
441.0
425.0
146.0
153.0
168.0
175.0
154.0
133.0
137.0
134.0
139.0
192.0
199.0
142.0
137.0
472.0
158.0
163.0
163.0
155.0
165.0
150.0
152.0
162.0
147.0
132.0
140.0
170.0
169.0
379.0
169.0
147.0
154.0
150.0
163.0
146.0
161.0
168.0
406.0
154.0
154.0
172.0
170.0
137.0
159.0
172.0
162.0
146.0
147.0
176.0
157.0
149.0
152.0
132.0
143.0
146.0
366.0
135.0
133.0
436.0
134.0
138.0
177.0
134.0
141.0
167.0
140.0
146.0
138.0
415.0
138.0
171.0
160.0
135.0
153.0
166.0
138.0
169.0
147.0
161.0
141.0
147.0
147.0
154.0
133.0
131.0
136.0
449.0
135.0
166.0
133.0
153.0
161.0
162.0
166.0
145.0
161.0
408.0
172.0
471.0
144.0
473.0
364.0
376.0
483.0
374.0
366.0
473.0
420.0
451.0
165.0
145.0
152.0
176.0
155.0
164.0
157.0
161.0
176.0
