I_BRKGA_114_6_25_4_CESP
114 6 25 494.0
35090.5
32462.5
34567.5
35047.5
32792.5
34886.5
30256.5
34380.5
33771.5
32203.5
34699.5
31097.5
33693.5
29333.5
32929.5
31484.5
28729.5
29216.5
35297.5
33831.5
34181.5
31538.5
33357.5
32143.5
31518.5
0.04585770963526678
0.037709148606524856
0.0411391214411064
0.03747365925757349
0.04145458827351173
0.03626110856602403
0.04280198307667163
0.03580138220006854
0.046913693336672876
0.038062911217560114
0.043726918122585993
0.037177066723621026
0.04598167193889372
0.03527306979061221
0.040045809451827445
0.03755230971497982
0.0414654634204947
0.034387110992809056
0.04010955778773222
0.03546003908742781
0.04303258007843179
0.036989217613028785
0.04085964109736494
0.03831130481126343
0.0461529337579466
107.0
129.0
115.0
109.0
118.0
106.0
2557.0
22.0
1261.0
1300.0
67.0
529.0
494.0
1248.0
34.0
504.0
110.0
178.0
47.0
349.0
251.0
380.0
57.0
296.0
543.0
268.0
76.0
240.0
80.0
291.0
29.0
364.0
157.0
785.0
1290.0
546.0
351.0
1161.0
283.0
145.0
849.0
5512.0
5836.0
119.0
158.0
319.0
50.0
29.0
194.0
216.0
189.0
492.0
356.0
77.0
64.0
25.0
125.0
32.0
18.0
169.0
870.0
51.0
126.0
62.0
43.0
157.0
151.0
74.0
154.0
145.0
800.0
38.0
20.0
24.0
32.0
8.0
70.0
275.0
106.0
74.0
85.0
54.0
40.0
85.0
139.0
46.0
27.0
58.0
154.0
168.0
106.0
80.0
134.0
44.0
64.0
1609.0
54.0
59.0
67.0
25.0
152.0
275.0
33.0
273.0
123.0
251.0
81.0
133.0
804.0
205.0
71.0
1280.0
130.0
121.0
70.0
87.0
119.0
19.0
251.0
199.0
497.0
1236.0
34.0
514.0
117.0
183.0
48.0
339.0
264.0
379.0
61.0
312.0
538.0
274.0
75.0
238.0
77.0
278.0
28.0
347.0
161.0
783.0
1270.0
592.0
353.0
1120.0
282.0
150.0
811.0
5133.0
5449.0
121.0
165.0
323.0
47.0
27.0
194.0
223.0
196.0
494.0
340.0
78.0
65.0
27.0
121.0
31.0
20.0
167.0
895.0
53.0
120.0
66.0
45.0
158.0
143.0
76.0
160.0
152.0
757.0
38.0
21.0
26.0
30.0
8.0
71.0
262.0
109.0
70.0
89.0
55.0
39.0
81.0
141.0
48.0
26.0
56.0
160.0
159.0
104.0
81.0
132.0
48.0
66.0
1579.0
56.0
57.0
71.0
25.0
153.0
292.0
32.0
284.0
121.0
250.0
77.0
129.0
806.0
209.0
69.0
1251.0
129.0
123.0
67.0
87.0
112.0
20.0
245.0
195.0
508.0
1256.0
34.0
548.0
118.0
193.0
44.0
319.0
251.0
397.0
60.0
312.0
537.0
284.0
73.0
239.0
79.0
272.0
29.0
362.0
162.0
844.0
1369.0
553.0
361.0
1113.0
290.0
145.0
855.0
5400.0
5586.0
128.0
164.0
310.0
51.0
27.0
190.0
220.0
183.0
512.0
367.0
76.0
63.0
25.0
119.0
32.0
19.0
165.0
878.0
53.0
125.0
61.0
43.0
167.0
149.0
71.0
160.0
149.0
798.0
37.0
19.0
26.0
32.0
8.0
69.0
277.0
109.0
74.0
91.0
57.0
40.0
89.0
146.0
47.0
26.0
53.0
161.0
169.0
101.0
84.0
137.0
44.0
67.0
1616.0
55.0
55.0
69.0
25.0
153.0
298.0
31.0
269.0
128.0
245.0
80.0
134.0
824.0
222.0
70.0
1207.0
122.0
125.0
67.0
88.0
120.0
19.0
259.0
206.0
482.0
1222.0
35.0
518.0
119.0
179.0
46.0
328.0
246.0
377.0
61.0
294.0
532.0
288.0
72.0
246.0
80.0
293.0
28.0
345.0
171.0
773.0
1301.0
569.0
333.0
1101.0
273.0
150.0
794.0
5140.0
5926.0
131.0
165.0
309.0
47.0
28.0
179.0
213.0
184.0
508.0
373.0
73.0
66.0
27.0
125.0
32.0
20.0
178.0
863.0
53.0
127.0
63.0
44.0
162.0
155.0
72.0
163.0
148.0
730.0
35.0
21.0
25.0
29.0
8.0
70.0
263.0
109.0
74.0
86.0
54.0
38.0
86.0
146.0
47.0
26.0
55.0
161.0
160.0
103.0
85.0
138.0
48.0
65.0
1619.0
57.0
58.0
68.0
24.0
158.0
279.0
30.0
276.0
125.0
235.0
77.0
139.0
826.0
214.0
67.0
1213.0
134.0
122.0
66.0
94.0
117.0
20.0
272.0
190.0
505.0
1330.0
34.0
544.0
120.0
187.0
48.0
343.0
257.0
373.0
60.0
314.0
521.0
282.0
75.0
235.0
74.0
295.0
27.0
343.0
164.0
779.0
1360.0
571.0
348.0
1126.0
299.0
146.0
868.0
5096.0
5946.0
131.0
167.0
327.0
51.0
28.0
181.0
221.0
182.0
514.0
348.0
72.0
61.0
26.0
124.0
31.0
20.0
176.0
892.0
49.0
120.0
66.0
46.0
151.0
149.0
75.0
157.0
145.0
724.0
35.0
21.0
24.0
32.0
8.0
75.0
253.0
108.0
70.0
83.0
58.0
39.0
83.0
140.0
48.0
27.0
53.0
153.0
174.0
107.0
80.0
126.0
45.0
66.0
1618.0
57.0
54.0
67.0
25.0
166.0
286.0
33.0
261.0
130.0
239.0
79.0
140.0
773.0
203.0
68.0
1233.0
125.0
116.0
68.0
93.0
119.0
19.0
262.0
203.0
513.0
1320.0
34.0
533.0
120.0
178.0
46.0
317.0
261.0
372.0
57.0
302.0
539.0
285.0
73.0
254.0
82.0
302.0
29.0
344.0
161.0
768.0
1320.0
556.0
360.0
1164.0
276.0
151.0
806.0
5485.0
5588.0
127.0
167.0
305.0
48.0
28.0
179.0
209.0
193.0
515.0
343.0
76.0
63.0
27.0
124.0
31.0
20.0
174.0
903.0
53.0
125.0
67.0
43.0
167.0
143.0
71.0
164.0
152.0
733.0
38.0
20.0
24.0
32.0
8.0
69.0
252.0
110.0
69.0
85.0
55.0
39.0
86.0
149.0
49.0
27.0
56.0
150.0
158.0
101.0
86.0
134.0
47.0
66.0
1621.0
59.0
56.0
71.0
25.0
154.0
270.0
31.0
284.0
119.0
244.0
78.0
138.0
804.0
212.0
70.0
1170.0
123.0
126.0
66.0
89.0
111.0
20.0
266.0
201.0
488.0
1317.0
35.0
515.0
108.0
182.0
47.0
351.0
266.0
371.0
59.0
316.0
546.0
293.0
74.0
240.0
81.0
285.0
27.0
373.0
162.0
841.0
1386.0
594.0
357.0
1110.0
295.0
159.0
831.0
5298.0
5475.0
121.0
157.0
331.0
47.0
29.0
192.0
211.0
193.0
533.0
346.0
78.0
65.0
26.0
125.0
33.0
20.0
162.0
844.0
49.0
119.0
63.0
43.0
155.0
144.0
75.0
155.0
153.0
784.0
37.0
20.0
24.0
32.0
8.0
71.0
268.0
106.0
69.0
91.0
57.0
38.0
85.0
154.0
49.0
26.0
57.0
163.0
172.0
107.0
81.0
137.0
48.0
62.0
1616.0
58.0
57.0
70.0
24.0
162.0
274.0
30.0
281.0
127.0
244.0
77.0
134.0
799.0
222.0
66.0
1220.0
129.0
119.0
70.0
89.0
113.0
18.0
258.0
207.0
475.0
1295.0
36.0
541.0
116.0
184.0
46.0
339.0
251.0
401.0
60.0
317.0
542.0
286.0
73.0
244.0
77.0
283.0
29.0
349.0
169.0
786.0
1274.0
554.0
345.0
1095.0
276.0
147.0
807.0
5300.0
5759.0
128.0
159.0
304.0
51.0
27.0
177.0
220.0
178.0
494.0
361.0
77.0
66.0
26.0
121.0
32.0
19.0
168.0
863.0
49.0
120.0
67.0
46.0
156.0
143.0
70.0
161.0
140.0
734.0
38.0
21.0
26.0
32.0
8.0
70.0
253.0
109.0
70.0
91.0
57.0
39.0
81.0
146.0
49.0
25.0
55.0
158.0
164.0
111.0
85.0
127.0
45.0
63.0
1621.0
59.0
59.0
68.0
26.0
153.0
283.0
33.0
272.0
124.0
252.0
79.0
136.0
758.0
205.0
66.0
1285.0
123.0
117.0
73.0
86.0
110.0
19.0
250.0
195.0
519.0
1296.0
34.0
536.0
117.0
178.0
45.0
319.0
255.0
394.0
56.0
299.0
508.0
291.0
70.0
244.0
80.0
288.0
27.0
338.0
158.0
815.0
1372.0
590.0
346.0
1079.0
294.0
151.0
837.0
5248.0
5880.0
120.0
157.0
327.0
48.0
28.0
183.0
211.0
193.0
522.0
359.0
77.0
61.0
27.0
117.0
32.0
20.0
171.0
885.0
53.0
127.0
65.0
44.0
153.0
141.0
73.0
156.0
151.0
796.0
38.0
20.0
26.0
29.0
8.0
74.0
273.0
110.0
71.0
89.0
57.0
38.0
81.0
139.0
47.0
27.0
57.0
160.0
165.0
108.0
82.0
131.0
47.0
62.0
1502.0
57.0
58.0
68.0
26.0
164.0
284.0
33.0
261.0
126.0
260.0
82.0
130.0
811.0
220.0
68.0
1162.0
133.0
126.0
67.0
94.0
116.0
20.0
259.0
204.0
496.0
1268.0
34.0
553.0
110.0
185.0
48.0
320.0
258.0
377.0
56.0
303.0
521.0
273.0
76.0
239.0
79.0
293.0
29.0
344.0
173.0
776.0
1304.0
542.0
353.0
1186.0
298.0
144.0
875.0
5291.0
5814.0
120.0
161.0
316.0
47.0
27.0
177.0
212.0
184.0
510.0
370.0
74.0
65.0
27.0
121.0
33.0
19.0
168.0
859.0
52.0
122.0
65.0
44.0
164.0
151.0
75.0
157.0
148.0
752.0
38.0
20.0
25.0
31.0
8.0
71.0
263.0
106.0
71.0
88.0
58.0
39.0
86.0
139.0
48.0
27.0
58.0
163.0
164.0
109.0
79.0
131.0
48.0
67.0
1508.0
59.0
57.0
67.0
24.0
160.0
284.0
33.0
278.0
122.0
242.0
83.0
132.0
832.0
207.0
67.0
1234.0
134.0
124.0
71.0
91.0
113.0
20.0
249.0
188.0
483.0
1233.0
35.0
521.0
112.0
175.0
46.0
318.0
258.0
381.0
59.0
291.0
550.0
271.0
75.0
229.0
80.0
289.0
29.0
339.0
172.0
796.0
1303.0
576.0
353.0
1176.0
281.0
159.0
792.0
5098.0
5972.0
126.0
165.0
307.0
48.0
29.0
176.0
224.0
185.0
497.0
339.0
75.0
63.0
26.0
125.0
30.0
20.0
171.0
847.0
53.0
119.0
61.0
43.0
166.0
153.0
72.0
164.0
153.0
791.0
35.0
21.0
25.0
30.0
8.0
73.0
266.0
104.0
67.0
90.0
55.0
38.0
87.0
148.0
48.0
27.0
53.0
158.0
165.0
102.0
81.0
133.0
44.0
67.0
1529.0
59.0
54.0
69.0
24.0
162.0
296.0
31.0
264.0
118.0
247.0
78.0
136.0
770.0
222.0
71.0
1173.0
121.0
115.0
67.0
93.0
120.0
20.0
271.0
192.0
485.0
1259.0
33.0
509.0
120.0
176.0
47.0
337.0
260.0
377.0
57.0
291.0
541.0
271.0
74.0
242.0
82.0
302.0
28.0
356.0
167.0
828.0
1370.0
549.0
346.0
1180.0
291.0
154.0
851.0
5441.0
6009.0
130.0
173.0
305.0
49.0
28.0
188.0
221.0
184.0
518.0
365.0
76.0
67.0
27.0
128.0
32.0
19.0
169.0
825.0
49.0
119.0
66.0
46.0
165.0
145.0
75.0
164.0
149.0
739.0
38.0
20.0
26.0
32.0
8.0
71.0
254.0
113.0
70.0
86.0
55.0
41.0
88.0
143.0
46.0
25.0
54.0
159.0
170.0
104.0
87.0
133.0
46.0
65.0
1576.0
54.0
55.0
71.0
25.0
152.0
299.0
30.0
271.0
119.0
243.0
79.0
138.0
794.0
214.0
65.0
1224.0
127.0
123.0
70.0
91.0
112.0
19.0
251.0
195.0
481.0
1341.0
35.0
512.0
115.0
188.0
47.0
324.0
248.0
393.0
61.0
298.0
545.0
283.0
70.0
249.0
82.0
298.0
29.0
357.0
157.0
808.0
1319.0
557.0
345.0
1197.0
299.0
144.0
835.0
5499.0
5451.0
130.0
162.0
331.0
47.0
27.0
183.0
218.0
186.0
522.0
361.0
78.0
63.0
26.0
116.0
30.0
20.0
164.0
874.0
48.0
119.0
67.0
46.0
160.0
151.0
72.0
166.0
145.0
730.0
37.0
19.0
25.0
29.0
8.0
71.0
272.0
103.0
67.0
83.0
57.0
41.0
88.0
143.0
46.0
27.0
57.0
157.0
173.0
105.0
86.0
133.0
44.0
64.0
1592.0
58.0
57.0
71.0
25.0
158.0
281.0
31.0
272.0
130.0
247.0
76.0
136.0
812.0
224.0
70.0
1199.0
128.0
125.0
68.0
88.0
116.0
19.0
270.0
192.0
486.0
1267.0
34.0
547.0
111.0
178.0
45.0
325.0
248.0
397.0
57.0
314.0
520.0
288.0
74.0
246.0
75.0
290.0
29.0
358.0
168.0
798.0
1368.0
595.0
360.0
1184.0
277.0
155.0
818.0
5305.0
5498.0
125.0
171.0
310.0
51.0
28.0
179.0
214.0
196.0
532.0
352.0
77.0
62.0
26.0
118.0
33.0
20.0
169.0
852.0
52.0
131.0
63.0
45.0
159.0
143.0
71.0
164.0
146.0
769.0
35.0
21.0
24.0
30.0
8.0
72.0
257.0
102.0
73.0
87.0
55.0
41.0
89.0
141.0
47.0
25.0
54.0
158.0
163.0
103.0
86.0
135.0
45.0
63.0
1506.0
57.0
58.0
69.0
26.0
163.0
295.0
30.0
286.0
119.0
250.0
76.0
133.0
770.0
223.0
69.0
1285.0
126.0
120.0
70.0
87.0
114.0
20.0
254.0
200.0
510.0
1322.0
34.0
527.0
110.0
180.0
47.0
328.0
255.0
400.0
59.0
297.0
539.0
285.0
69.0
252.0
76.0
289.0
27.0
350.0
164.0
765.0
1279.0
578.0
362.0
1086.0
285.0
145.0
804.0
5222.0
5533.0
130.0
159.0
323.0
50.0
27.0
177.0
209.0
178.0
518.0
371.0
79.0
65.0
25.0
123.0
32.0
20.0
173.0
821.0
52.0
126.0
62.0
44.0
160.0
151.0
75.0
167.0
142.0
751.0
35.0
21.0
26.0
32.0
8.0
71.0
254.0
111.0
74.0
88.0
57.0
41.0
84.0
154.0
49.0
25.0
53.0
163.0
167.0
104.0
87.0
133.0
45.0
62.0
1553.0
59.0
54.0
71.0
26.0
151.0
289.0
32.0
275.0
125.0
259.0
75.0
140.0
818.0
207.0
66.0
1166.0
125.0
125.0
67.0
93.0
119.0
19.0
254.0
198.0
512.0
1275.0
35.0
552.0
115.0
183.0
46.0
335.0
247.0
376.0
59.0
289.0
558.0
269.0
76.0
254.0
78.0
281.0
28.0
366.0
163.0
840.0
1391.0
589.0
351.0
1143.0
287.0
152.0
866.0
4970.0
5494.0
121.0
158.0
329.0
47.0
27.0
186.0
217.0
188.0
486.0
375.0
76.0
62.0
25.0
127.0
32.0
20.0
167.0
904.0
49.0
121.0
67.0
46.0
158.0
141.0
74.0
153.0
151.0
761.0
37.0
20.0
26.0
30.0
8.0
72.0
267.0
111.0
74.0
86.0
56.0
39.0
89.0
141.0
45.0
27.0
58.0
150.0
158.0
103.0
85.0
126.0
47.0
64.0
1525.0
55.0
56.0
68.0
25.0
155.0
274.0
33.0
271.0
122.0
257.0
82.0
140.0
805.0
214.0
67.0
1220.0
130.0
126.0
70.0
94.0
114.0
20.0
258.0
197.0
504.0
1255.0
34.0
523.0
109.0
184.0
45.0
341.0
249.0
390.0
60.0
301.0
507.0
282.0
71.0
232.0
76.0
280.0
29.0
338.0
169.0
812.0
1277.0
590.0
344.0
1164.0
299.0
156.0
814.0
5396.0
5506.0
131.0
160.0
324.0
51.0
29.0
189.0
207.0
178.0
498.0
366.0
74.0
63.0
25.0
127.0
33.0
20.0
176.0
818.0
49.0
130.0
67.0
46.0
151.0
155.0
70.0
155.0
153.0
765.0
36.0
20.0
25.0
29.0
8.0
72.0
252.0
106.0
71.0
89.0
57.0
38.0
85.0
139.0
46.0
26.0
58.0
158.0
161.0
104.0
82.0
134.0
48.0
66.0
1550.0
56.0
58.0
65.0
26.0
152.0
275.0
32.0
265.0
123.0
240.0
80.0
134.0
803.0
216.0
65.0
1223.0
125.0
120.0
67.0
89.0
120.0
20.0
256.0
191.0
471.0
1248.0
33.0
511.0
114.0
193.0
46.0
323.0
253.0
368.0
60.0
295.0
555.0
276.0
71.0
246.0
77.0
280.0
29.0
363.0
170.0
777.0
1361.0
581.0
328.0
1082.0
274.0
152.0
801.0
5312.0
5794.0
124.0
171.0
314.0
50.0
28.0
178.0
222.0
192.0
519.0
355.0
76.0
63.0
26.0
122.0
31.0
20.0
165.0
864.0
51.0
124.0
62.0
46.0
154.0
145.0
72.0
157.0
149.0
754.0
36.0
20.0
24.0
32.0
8.0
76.0
254.0
112.0
68.0
87.0
59.0
41.0
88.0
154.0
45.0
27.0
57.0
159.0
162.0
111.0
86.0
126.0
48.0
65.0
1501.0
57.0
55.0
66.0
26.0
154.0
286.0
33.0
277.0
128.0
251.0
77.0
141.0
827.0
223.0
66.0
1264.0
128.0
127.0
71.0
93.0
118.0
19.0
255.0
200.0
498.0
1230.0
36.0
536.0
115.0
184.0
48.0
317.0
269.0
390.0
59.0
291.0
556.0
272.0
74.0
247.0
82.0
300.0
29.0
361.0
165.0
804.0
1358.0
592.0
355.0
1177.0
284.0
145.0
793.0
5149.0
5801.0
120.0
167.0
320.0
48.0
28.0
179.0
217.0
192.0
516.0
345.0
75.0
64.0
25.0
124.0
31.0
19.0
172.0
877.0
51.0
128.0
61.0
44.0
165.0
152.0
72.0
160.0
149.0
749.0
37.0
21.0
26.0
30.0
8.0
76.0
266.0
112.0
67.0
86.0
55.0
41.0
88.0
142.0
45.0
27.0
57.0
164.0
162.0
105.0
79.0
136.0
44.0
61.0
1522.0
57.0
59.0
66.0
26.0
159.0
296.0
33.0
279.0
125.0
254.0
83.0
131.0
764.0
221.0
65.0
1269.0
123.0
122.0
68.0
85.0
111.0
20.0
254.0
190.0
514.0
1332.0
35.0
550.0
110.0
179.0
44.0
342.0
246.0
387.0
55.0
317.0
554.0
289.0
70.0
249.0
77.0
273.0
29.0
346.0
173.0
796.0
1367.0
553.0
333.0
1109.0
294.0
155.0
810.0
5040.0
5854.0
129.0
157.0
310.0
51.0
28.0
186.0
223.0
191.0
526.0
368.0
76.0
65.0
25.0
122.0
30.0
20.0
163.0
863.0
51.0
121.0
65.0
46.0
157.0
153.0
69.0
168.0
141.0
793.0
35.0
20.0
26.0
31.0
8.0
75.0
272.0
106.0
72.0
88.0
59.0
39.0
87.0
142.0
48.0
27.0
56.0
160.0
171.0
107.0
86.0
127.0
44.0
67.0
1546.0
58.0
57.0
69.0
25.0
167.0
297.0
33.0
260.0
120.0
246.0
76.0
135.0
779.0
221.0
66.0
1221.0
123.0
119.0
71.0
86.0
115.0
20.0
252.0
192.0
474.0
1277.0
34.0
537.0
119.0
186.0
48.0
324.0
261.0
368.0
56.0
316.0
559.0
287.0
69.0
253.0
79.0
290.0
29.0
375.0
158.0
769.0
1340.0
546.0
349.0
1116.0
282.0
149.0
861.0
5517.0
5776.0
120.0
158.0
320.0
49.0
27.0
181.0
213.0
186.0
508.0
345.0
74.0
62.0
27.0
127.0
33.0
19.0
165.0
851.0
51.0
122.0
64.0
45.0
161.0
145.0
71.0
156.0
143.0
784.0
36.0
21.0
24.0
30.0
8.0
72.0
255.0
106.0
68.0
85.0
58.0
38.0
85.0
147.0
48.0
26.0
54.0
153.0
166.0
101.0
84.0
127.0
45.0
66.0
1534.0
59.0
56.0
68.0
26.0
160.0
280.0
31.0
272.0
118.0
247.0
76.0
138.0
764.0
219.0
71.0
1218.0
130.0
124.0
72.0
86.0
119.0
20.0
251.0
194.0
477.0
1233.0
33.0
546.0
116.0
182.0
47.0
336.0
260.0
384.0
55.0
314.0
545.0
267.0
75.0
238.0
79.0
278.0
27.0
353.0
157.0
805.0
1372.0
557.0
352.0
1111.0
294.0
155.0
852.0
5318.0
5868.0
125.0
165.0
325.0
50.0
27.0
194.0
214.0
188.0
505.0
363.0
79.0
64.0
27.0
124.0
33.0
20.0
170.0
858.0
51.0
120.0
65.0
43.0
158.0
143.0
73.0
154.0
145.0
800.0
37.0
21.0
26.0
30.0
8.0
69.0
263.0
107.0
70.0
83.0
56.0
40.0
83.0
144.0
47.0
27.0
54.0
152.0
159.0
101.0
83.0
126.0
46.0
67.0
1552.0
55.0
58.0
66.0
25.0
161.0
273.0
31.0
266.0
129.0
252.0
78.0
134.0
810.0
217.0
68.0
1212.0
133.0
125.0
72.0
88.0
117.0
19.0
264.0
189.0
493.0
1262.0
35.0
531.0
118.0
187.0
48.0
351.0
265.0
374.0
61.0
307.0
519.0
292.0
71.0
243.0
75.0
274.0
29.0
370.0
168.0
766.0
1367.0
554.0
329.0
1091.0
296.0
153.0
854.0
5323.0
5605.0
129.0
167.0
318.0
50.0
28.0
179.0
223.0
194.0
495.0
363.0
72.0
66.0
27.0
123.0
31.0
19.0
167.0
879.0
51.0
124.0
61.0
44.0
162.0
153.0
74.0
157.0
146.0
751.0
36.0
20.0
26.0
30.0
8.0
71.0
268.0
113.0
68.0
84.0
58.0
41.0
88.0
144.0
48.0
25.0
58.0
164.0
162.0
110.0
83.0
137.0
45.0
61.0
1507.0
56.0
56.0
66.0
24.0
159.0
280.0
31.0
285.0
122.0
235.0
79.0
133.0
798.0
219.0
64.0
1186.0
132.0
117.0
72.0
91.0
122.0
18.0
248.0
189.0
478.0
1280.0
34.0
531.0
111.0
189.0
47.0
337.0
251.0
400.0
59.0
315.0
543.0
268.0
69.0
230.0
79.0
296.0
28.0
342.0
164.0
785.0
1347.0
579.0
361.0
1162.0
298.0
144.0
818.0
5113.0
5747.0
131.0
165.0
320.0
49.0
28.0
178.0
218.0
186.0
487.0
364.0
79.0
67.0
25.0
122.0
32.0
18.0
162.0
851.0
48.0
127.0
66.0
45.0
164.0
149.0
73.0
165.0
139.0
795.0
35.0
20.0
24.0
32.0
8.0
75.0
259.0
107.0
67.0
89.0
55.0
39.0
89.0
148.0
49.0
26.0
56.0
151.0
161.0
108.0
86.0
129.0
45.0
63.0
1577.0
54.0
58.0
71.0
26.0
165.0
299.0
33.0
275.0
126.0
246.0
82.0
136.0
808.0
219.0
65.0
1278.0
127.0
120.0
67.0
88.0
120.0
18.0
251.0
207.0
501.0
1348.0
33.0
526.0
117.0
175.0
46.0
323.0
266.0
401.0
55.0
310.0
517.0
290.0
69.0
253.0
81.0
288.0
29.0
350.0
170.0
781.0
1321.0
574.0
344.0
1182.0
289.0
159.0
861.0
5308.0
5898.0
124.0
172.0
332.0
47.0
28.0
185.0
219.0
178.0
512.0
374.0
76.0
62.0
25.0
124.0
30.0
19.0
162.0
826.0
49.0
126.0
66.0
45.0
161.0
152.0
74.0
162.0
139.0
735.0
38.0
20.0
26.0
32.0
8.0
75.0
270.0
104.0
73.0
91.0
58.0
41.0
82.0
147.0
45.0
25.0
55.0
159.0
165.0
104.0
85.0
128.0
45.0
65.0
1568.0
56.0
58.0
67.0
25.0
156.0
298.0
31.0
267.0
128.0
247.0
81.0
128.0
817.0
216.0
67.0
1268.0
129.0
126.0
67.0
90.0
121.0
18.0
266.0
200.0
169.0
184.0
160.0
165.0
434.0
157.0
155.0
145.0
163.0
143.0
157.0
160.0
156.0
154.0
138.0
133.0
174.0
135.0
387.0
146.0
133.0
150.0
174.0
140.0
166.0
137.0
131.0
458.0
149.0
165.0
148.0
157.0
174.0
159.0
141.0
141.0
142.0
143.0
148.0
150.0
165.0
130.0
164.0
134.0
166.0
426.0
162.0
175.0
415.0
131.0
157.0
169.0
161.0
163.0
160.0
165.0
142.0
174.0
382.0
164.0
144.0
137.0
141.0
143.0
158.0
160.0
138.0
134.0
163.0
168.0
134.0
137.0
150.0
136.0
136.0
152.0
472.0
177.0
160.0
160.0
168.0
166.0
158.0
136.0
159.0
132.0
438.0
167.0
392.0
173.0
382.0
364.0
387.0
427.0
395.0
467.0
415.0
411.0
469.0
138.0
176.0
147.0
149.0
137.0
140.0
137.0
134.0
135.0
157.0
159.0
173.0
174.0
375.0
135.0
133.0
163.0
143.0
155.0
162.0
163.0
151.0
172.0
152.0
171.0
151.0
143.0
470.0
171.0
157.0
162.0
137.0
173.0
163.0
158.0
166.0
426.0
161.0
144.0
175.0
163.0
169.0
151.0
162.0
148.0
142.0
139.0
172.0
146.0
149.0
170.0
131.0
115.0
164.0
454.0
172.0
166.0
400.0
163.0
136.0
167.0
146.0
133.0
165.0
169.0
167.0
169.0
366.0
131.0
144.0
131.0
161.0
146.0
140.0
148.0
147.0
167.0
139.0
175.0
174.0
159.0
135.0
160.0
136.0
131.0
464.0
154.0
145.0
167.0
164.0
132.0
133.0
159.0
169.0
132.0
431.0
169.0
417.0
158.0
434.0
482.0
428.0
420.0
409.0
416.0
375.0
450.0
435.0
150.0
165.0
157.0
175.0
137.0
160.0
175.0
142.0
153.0
160.0
173.0
169.0
174.0
427.0
133.0
136.0
168.0
176.0
155.0
166.0
162.0
175.0
132.0
174.0
171.0
151.0
156.0
457.0
175.0
177.0
161.0
169.0
162.0
150.0
166.0
154.0
384.0
151.0
158.0
161.0
171.0
135.0
153.0
152.0
162.0
171.0
148.0
142.0
150.0
149.0
140.0
130.0
127.0
172.0
401.0
133.0
166.0
366.0
172.0
173.0
136.0
177.0
171.0
166.0
141.0
151.0
146.0
471.0
168.0
175.0
157.0
135.0
142.0
160.0
164.0
142.0
142.0
162.0
174.0
170.0
162.0
148.0
131.0
149.0
157.0
442.0
168.0
176.0
168.0
162.0
164.0
153.0
159.0
159.0
143.0
467.0
160.0
444.0
152.0
457.0
443.0
440.0
430.0
430.0
485.0
384.0
486.0
492.0
134.0
137.0
147.0
158.0
144.0
163.0
155.0
140.0
130.0
176.0
204.0
161.0
135.0
418.0
159.0
142.0
176.0
167.0
165.0
135.0
159.0
139.0
139.0
155.0
168.0
155.0
177.0
398.0
162.0
161.0
149.0
139.0
141.0
171.0
149.0
150.0
478.0
159.0
146.0
157.0
169.0
153.0
138.0
136.0
134.0
157.0
162.0
140.0
134.0
161.0
153.0
156.0
133.0
169.0
465.0
131.0
170.0
468.0
132.0
139.0
145.0
148.0
142.0
133.0
166.0
156.0
143.0
410.0
146.0
160.0
152.0
156.0
134.0
159.0
161.0
140.0
166.0
172.0
138.0
151.0
157.0
158.0
149.0
136.0
165.0
428.0
135.0
142.0
166.0
177.0
154.0
148.0
130.0
175.0
172.0
405.0
138.0
385.0
139.0
428.0
415.0
444.0
467.0
421.0
376.0
390.0
432.0
432.0
142.0
142.0
163.0
132.0
137.0
132.0
154.0
139.0
133.0
170.0
159.0
154.0
153.0
407.0
151.0
138.0
162.0
135.0
145.0
136.0
168.0
159.0
159.0
169.0
168.0
153.0
150.0
396.0
171.0
140.0
147.0
145.0
139.0
164.0
167.0
177.0
378.0
149.0
149.0
159.0
137.0
155.0
141.0
141.0
150.0
152.0
156.0
177.0
152.0
160.0
159.0
133.0
119.0
168.0
467.0
141.0
172.0
402.0
137.0
156.0
154.0
177.0
156.0
151.0
133.0
147.0
138.0
376.0
161.0
132.0
155.0
155.0
169.0
151.0
164.0
170.0
165.0
152.0
155.0
144.0
134.0
147.0
146.0
147.0
155.0
427.0
132.0
145.0
175.0
130.0
169.0
150.0
157.0
142.0
166.0
389.0
162.0
391.0
144.0
479.0
404.0
374.0
459.0
458.0
452.0
389.0
375.0
465.0
167.0
158.0
157.0
153.0
141.0
130.0
171.0
155.0
136.0
160.0
169.0
147.0
158.0
425.0
165.0
144.0
156.0
173.0
143.0
144.0
154.0
136.0
161.0
152.0
149.0
146.0
158.0
383.0
141.0
168.0
156.0
142.0
155.0
149.0
162.0
167.0
373.0
134.0
172.0
134.0
160.0
175.0
150.0
138.0
139.0
145.0
135.0
176.0
142.0
131.0
151.0
164.0
118.0
165.0
389.0
155.0
149.0
404.0
170.0
166.0
156.0
130.0
147.0
144.0
173.0
152.0
135.0
387.0
154.0
167.0
167.0
157.0
161.0
160.0
158.0
132.0
145.0
171.0
147.0
148.0
138.0
163.0
132.0
138.0
165.0
407.0
167.0
138.0
145.0
175.0
167.0
151.0
154.0
138.0
144.0
438.0
148.0
416.0
169.0
402.0
455.0
487.0
491.0
479.0
367.0
416.0
469.0
455.0
133.0
131.0
163.0
160.0
175.0
130.0
166.0
149.0
144.0
193.0
183.0
169.0
138.0
453.0
160.0
173.0
145.0
139.0
130.0
144.0
135.0
163.0
167.0
144.0
150.0
173.0
149.0
458.0
142.0
170.0
138.0
132.0
155.0
138.0
146.0
170.0
457.0
171.0
154.0
142.0
139.0
144.0
147.0
140.0
146.0
142.0
132.0
157.0
168.0
151.0
151.0
138.0
133.0
162.0
428.0
169.0
152.0
420.0
173.0
153.0
174.0
170.0
151.0
143.0
137.0
135.0
132.0
365.0
156.0
176.0
172.0
149.0
154.0
162.0
136.0
137.0
175.0
160.0
149.0
155.0
172.0
160.0
143.0
125.0
165.0
411.0
143.0
173.0
134.0
160.0
161.0
140.0
136.0
152.0
143.0
445.0
140.0
489.0
153.0
369.0
482.0
450.0
445.0
483.0
431.0
480.0
403.0
435.0
149.0
176.0
145.0
150.0
132.0
165.0
141.0
134.0
171.0
176.0
194.0
169.0
146.0
477.0
153.0
149.0
169.0
172.0
166.0
145.0
138.0
131.0
159.0
155.0
173.0
172.0
170.0
432.0
175.0
134.0
142.0
143.0
158.0
152.0
175.0
145.0
437.0
174.0
160.0
132.0
151.0
132.0
143.0
132.0
158.0
157.0
147.0
130.0
144.0
144.0
168.0
155.0
113.0
166.0
378.0
163.0
173.0
371.0
162.0
161.0
157.0
156.0
161.0
134.0
154.0
143.0
153.0
455.0
133.0
148.0
160.0
171.0
173.0
170.0
143.0
135.0
168.0
145.0
167.0
144.0
155.0
168.0
150.0
120.0
172.0
447.0
169.0
149.0
166.0
177.0
152.0
140.0
151.0
155.0
174.0
430.0
153.0
412.0
152.0
394.0
481.0
403.0
470.0
389.0
489.0
470.0
449.0
439.0
130.0
157.0
138.0
167.0
158.0
143.0
146.0
133.0
139.0
155.0
156.0
171.0
144.0
467.0
144.0
159.0
151.0
141.0
160.0
164.0
163.0
158.0
145.0
169.0
154.0
167.0
149.0
449.0
173.0
137.0
142.0
172.0
165.0
163.0
144.0
133.0
377.0
149.0
141.0
149.0
141.0
141.0
137.0
164.0
165.0
165.0
147.0
158.0
158.0
161.0
168.0
155.0
134.0
147.0
446.0
152.0
171.0
455.0
168.0
159.0
138.0
140.0
141.0
144.0
148.0
168.0
161.0
478.0
158.0
150.0
140.0
132.0
155.0
138.0
162.0
172.0
132.0
144.0
148.0
135.0
152.0
154.0
154.0
122.0
133.0
465.0
159.0
133.0
172.0
159.0
177.0
139.0
162.0
152.0
152.0
466.0
158.0
457.0
172.0
471.0
483.0
384.0
392.0
404.0
391.0
430.0
371.0
419.0
149.0
171.0
177.0
147.0
161.0
137.0
134.0
156.0
142.0
171.0
181.0
154.0
167.0
456.0
171.0
138.0
139.0
145.0
176.0
173.0
164.0
166.0
141.0
148.0
162.0
171.0
149.0
471.0
152.0
151.0
168.0
153.0
156.0
167.0
138.0
157.0
383.0
151.0
164.0
152.0
162.0
131.0
131.0
149.0
156.0
162.0
162.0
169.0
167.0
130.0
144.0
167.0
120.0
170.0
476.0
170.0
159.0
384.0
158.0
151.0
173.0
159.0
130.0
141.0
142.0
143.0
160.0
486.0
163.0
164.0
163.0
140.0
159.0
133.0
161.0
136.0
144.0
159.0
152.0
171.0
140.0
159.0
172.0
151.0
130.0
391.0
143.0
135.0
130.0
172.0
158.0
140.0
130.0
134.0
165.0
455.0
160.0
390.0
141.0
437.0
399.0
449.0
479.0
380.0
455.0
487.0
389.0
444.0
163.0
175.0
151.0
150.0
148.0
172.0
159.0
145.0
175.0
176.0
197.0
161.0
135.0
374.0
164.0
142.0
154.0
136.0
152.0
165.0
161.0
137.0
148.0
146.0
151.0
138.0
136.0
442.0
137.0
139.0
133.0
146.0
149.0
147.0
148.0
167.0
450.0
138.0
132.0
175.0
139.0
141.0
174.0
154.0
156.0
170.0
137.0
160.0
167.0
143.0
148.0
172.0
131.0
140.0
421.0
169.0
169.0
409.0
161.0
174.0
145.0
150.0
164.0
140.0
149.0
160.0
133.0
427.0
146.0
144.0
175.0
138.0
160.0
155.0
165.0
130.0
161.0
142.0
142.0
144.0
145.0
132.0
173.0
126.0
173.0
489.0
137.0
142.0
148.0
146.0
154.0
143.0
175.0
138.0
136.0
422.0
151.0
444.0
160.0
372.0
371.0
427.0
443.0
397.0
394.0
391.0
403.0
470.0
131.0
142.0
136.0
176.0
131.0
133.0
132.0
167.0
165.0
167.0
207.0
142.0
176.0
397.0
172.0
155.0
165.0
167.0
135.0
154.0
155.0
133.0
132.0
134.0
138.0
145.0
145.0
432.0
156.0
134.0
134.0
168.0
166.0
157.0
175.0
133.0
460.0
167.0
169.0
145.0
140.0
145.0
160.0
177.0
162.0
135.0
159.0
142.0
159.0
148.0
165.0
131.0
118.0
161.0
423.0
175.0
136.0
437.0
166.0
136.0
131.0
169.0
146.0
174.0
176.0
162.0
145.0
445.0
156.0
153.0
159.0
148.0
150.0
152.0
147.0
171.0
140.0
162.0
155.0
156.0
140.0
163.0
169.0
137.0
170.0
465.0
160.0
171.0
131.0
135.0
147.0
176.0
152.0
168.0
157.0
386.0
138.0
441.0
167.0
382.0
396.0
388.0
454.0
457.0
455.0
381.0
418.0
434.0
144.0
150.0
171.0
130.0
143.0
131.0
140.0
173.0
155.0
179.0
173.0
166.0
167.0
480.0
167.0
164.0
150.0
133.0
172.0
152.0
163.0
171.0
137.0
156.0
165.0
153.0
152.0
377.0
130.0
165.0
150.0
168.0
137.0
150.0
162.0
156.0
367.0
138.0
143.0
146.0
175.0
151.0
171.0
134.0
165.0
166.0
143.0
155.0
160.0
139.0
149.0
153.0
113.0
151.0
486.0
134.0
151.0
433.0
130.0
151.0
148.0
157.0
169.0
154.0
169.0
143.0
143.0
423.0
160.0
140.0
143.0
139.0
131.0
166.0
138.0
171.0
130.0
151.0
132.0
134.0
146.0
141.0
162.0
142.0
144.0
447.0
166.0
139.0
161.0
173.0
150.0
159.0
145.0
164.0
144.0
416.0
162.0
487.0
157.0
376.0
432.0
441.0
469.0
407.0
402.0
488.0
433.0
434.0
169.0
148.0
167.0
155.0
166.0
157.0
134.0
144.0
160.0
203.0
195.0
153.0
130.0
432.0
142.0
144.0
140.0
176.0
133.0
136.0
162.0
164.0
154.0
130.0
172.0
171.0
136.0
399.0
146.0
168.0
171.0
168.0
131.0
163.0
174.0
140.0
435.0
172.0
144.0
168.0
161.0
174.0
130.0
156.0
171.0
156.0
172.0
176.0
161.0
166.0
151.0
135.0
148.0
136.0
432.0
161.0
132.0
460.0
163.0
176.0
137.0
147.0
136.0
160.0
150.0
133.0
141.0
466.0
132.0
131.0
156.0
147.0
163.0
147.0
169.0
175.0
165.0
144.0
175.0
168.0
131.0
130.0
136.0
126.0
173.0
473.0
170.0
153.0
168.0
169.0
150.0
168.0
158.0
162.0
165.0
376.0
140.0
445.0
175.0
486.0
477.0
486.0
390.0
418.0
420.0
471.0
414.0
376.0
160.0
136.0
165.0
155.0
163.0
130.0
160.0
155.0
136.0
180.0
154.0
163.0
177.0
456.0
139.0
149.0
163.0
172.0
176.0
146.0
147.0
172.0
153.0
151.0
137.0
154.0
133.0
450.0
135.0
167.0
172.0
136.0
155.0
148.0
158.0
148.0
441.0
152.0
167.0
164.0
146.0
167.0
141.0
140.0
162.0
165.0
141.0
162.0
139.0
131.0
147.0
150.0
114.0
161.0
447.0
176.0
133.0
436.0
167.0
177.0
134.0
152.0
137.0
171.0
165.0
143.0
147.0
494.0
154.0
144.0
177.0
149.0
175.0
135.0
163.0
159.0
167.0
130.0
152.0
158.0
172.0
175.0
134.0
122.0
134.0
483.0
132.0
133.0
140.0
163.0
145.0
147.0
136.0
167.0
172.0
454.0
146.0
468.0
163.0
401.0
440.0
431.0
458.0
416.0
431.0
461.0
388.0
489.0
146.0
138.0
133.0
136.0
176.0
142.0
152.0
154.0
142.0
193.0
185.0
177.0
174.0
397.0
143.0
163.0
171.0
138.0
139.0
150.0
157.0
158.0
159.0
149.0
160.0
140.0
173.0
449.0
135.0
156.0
144.0
167.0
174.0
151.0
161.0
140.0
440.0
137.0
143.0
154.0
166.0
139.0
172.0
161.0
169.0
137.0
147.0
170.0
141.0
157.0
174.0
143.0
122.0
174.0
465.0
158.0
158.0
421.0
146.0
142.0
163.0
177.0
173.0
173.0
136.0
154.0
172.0
441.0
133.0
148.0
137.0
138.0
161.0
144.0
155.0
154.0
136.0
170.0
167.0
150.0
168.0
145.0
136.0
143.0
139.0
435.0
174.0
136.0
175.0
134.0
135.0
144.0
158.0
176.0
161.0
430.0
172.0
401.0
166.0
462.0
425.0
391.0
373.0
474.0
387.0
469.0
445.0
433.0
134.0
138.0
160.0
164.0
141.0
131.0
147.0
159.0
154.0
186.0
171.0
140.0
135.0
474.0
175.0
167.0
170.0
169.0
140.0
167.0
175.0
131.0
135.0
168.0
174.0
138.0
163.0
402.0
142.0
141.0
138.0
176.0
148.0
148.0
145.0
163.0
456.0
151.0
142.0
156.0
137.0
157.0
138.0
172.0
168.0
131.0
161.0
154.0
161.0
135.0
167.0
134.0
121.0
134.0
476.0
150.0
134.0
375.0
168.0
157.0
168.0
166.0
150.0
151.0
156.0
172.0
175.0
468.0
141.0
155.0
164.0
148.0
145.0
135.0
173.0
173.0
155.0
155.0
158.0
134.0
164.0
158.0
154.0
140.0
142.0
477.0
157.0
166.0
151.0
176.0
161.0
172.0
140.0
177.0
146.0
456.0
148.0
403.0
165.0
476.0
384.0
387.0
435.0
471.0
456.0
367.0
464.0
454.0
174.0
167.0
173.0
161.0
164.0
138.0
169.0
167.0
155.0
194.0
199.0
144.0
169.0
482.0
154.0
158.0
165.0
133.0
177.0
157.0
143.0
141.0
153.0
133.0
156.0
140.0
162.0
410.0
134.0
136.0
132.0
140.0
139.0
156.0
138.0
176.0
454.0
163.0
172.0
142.0
130.0
130.0
158.0
166.0
166.0
173.0
171.0
130.0
171.0
151.0
174.0
173.0
141.0
144.0
473.0
170.0
157.0
397.0
163.0
140.0
159.0
139.0
159.0
173.0
152.0
174.0
157.0
388.0
151.0
176.0
131.0
165.0
149.0
160.0
158.0
135.0
172.0
174.0
131.0
148.0
167.0
167.0
160.0
130.0
164.0
485.0
169.0
166.0
171.0
163.0
138.0
143.0
144.0
167.0
142.0
437.0
144.0
390.0
150.0
475.0
488.0
444.0
372.0
427.0
454.0
408.0
477.0
405.0
149.0
164.0
147.0
167.0
164.0
175.0
172.0
165.0
133.0
172.0
164.0
149.0
134.0
434.0
134.0
172.0
145.0
141.0
135.0
141.0
176.0
166.0
159.0
165.0
165.0
173.0
167.0
386.0
152.0
148.0
176.0
150.0
149.0
161.0
172.0
130.0
414.0
172.0
140.0
130.0
172.0
153.0
174.0
144.0
136.0
145.0
143.0
173.0
155.0
158.0
134.0
139.0
112.0
131.0
479.0
167.0
147.0
474.0
146.0
173.0
147.0
157.0
158.0
143.0
144.0
168.0
153.0
425.0
148.0
150.0
141.0
137.0
176.0
167.0
150.0
172.0
163.0
130.0
167.0
154.0
167.0
146.0
139.0
142.0
151.0
403.0
147.0
132.0
164.0
171.0
159.0
137.0
151.0
132.0
165.0
437.0
143.0
457.0
152.0
380.0
446.0
412.0
381.0
440.0
393.0
396.0
378.0
407.0
157.0
175.0
144.0
134.0
151.0
155.0
133.0
139.0
147.0
195.0
201.0
154.0
155.0
487.0
162.0
155.0
159.0
144.0
147.0
162.0
161.0
145.0
169.0
148.0
163.0
140.0
132.0
377.0
131.0
140.0
169.0
151.0
135.0
165.0
155.0
141.0
448.0
155.0
143.0
166.0
141.0
145.0
151.0
133.0
164.0
145.0
138.0
167.0
132.0
177.0
159.0
160.0
124.0
173.0
469.0
176.0
144.0
392.0
150.0
173.0
162.0
147.0
135.0
162.0
161.0
136.0
163.0
443.0
169.0
131.0
167.0
151.0
146.0
152.0
158.0
148.0
167.0
155.0
162.0
164.0
156.0
175.0
143.0
149.0
132.0
366.0
138.0
172.0
159.0
138.0
154.0
148.0
166.0
155.0
164.0
483.0
172.0
486.0
168.0
468.0
373.0
471.0
402.0
494.0
383.0
405.0
472.0
474.0
144.0
142.0
140.0
133.0
131.0
130.0
141.0
154.0
135.0
168.0
194.0
146.0
168.0
417.0
160.0
135.0
159.0
165.0
177.0
150.0
141.0
176.0
137.0
144.0
156.0
171.0
166.0
458.0
167.0
148.0
130.0
149.0
138.0
143.0
156.0
149.0
472.0
172.0
169.0
159.0
150.0
148.0
161.0
154.0
144.0
160.0
168.0
162.0
162.0
175.0
142.0
167.0
125.0
174.0
457.0
149.0
172.0
374.0
162.0
153.0
148.0
155.0
167.0
157.0
141.0
143.0
162.0
365.0
138.0
140.0
140.0
167.0
137.0
176.0
172.0
160.0
142.0
172.0
173.0
163.0
174.0
135.0
142.0
144.0
148.0
396.0
155.0
132.0
157.0
145.0
156.0
157.0
154.0
175.0
174.0
393.0
152.0
480.0
138.0
481.0
445.0
401.0
485.0
450.0
367.0
433.0
442.0
469.0
177.0
151.0
141.0
158.0
142.0
176.0
153.0
145.0
156.0
159.0
159.0
168.0
151.0
387.0
146.0
158.0
157.0
176.0
172.0
158.0
156.0
153.0
158.0
157.0
146.0
135.0
134.0
485.0
167.0
145.0
157.0
171.0
147.0
160.0
173.0
159.0
489.0
132.0
164.0
143.0
151.0
145.0
173.0
164.0
177.0
132.0
165.0
149.0
139.0
175.0
177.0
137.0
119.0
136.0
491.0
131.0
161.0
387.0
176.0
140.0
154.0
143.0
158.0
148.0
139.0
173.0
138.0
446.0
177.0
151.0
145.0
151.0
150.0
134.0
156.0
142.0
168.0
172.0
165.0
131.0
164.0
145.0
132.0
129.0
153.0
434.0
135.0
159.0
148.0
154.0
146.0
133.0
138.0
172.0
172.0
436.0
158.0
438.0
174.0
382.0
432.0
476.0
449.0
432.0
375.0
383.0
429.0
390.0
175.0
138.0
173.0
153.0
151.0
146.0
159.0
135.0
153.0
200.0
157.0
131.0
140.0
426.0
169.0
164.0
170.0
136.0
153.0
131.0
153.0
169.0
132.0
137.0
143.0
151.0
156.0
475.0
160.0
153.0
141.0
156.0
153.0
171.0
170.0
168.0
397.0
134.0
153.0
163.0
152.0
162.0
156.0
132.0
138.0
163.0
149.0
138.0
145.0
148.0
163.0
171.0
151.0
159.0
468.0
131.0
174.0
455.0
160.0
151.0
143.0
146.0
167.0
151.0
165.0
140.0
158.0
476.0
168.0
145.0
132.0
162.0
148.0
173.0
142.0
159.0
132.0
176.0
165.0
172.0
147.0
142.0
149.0
132.0
161.0
432.0
144.0
151.0
155.0
149.0
170.0
171.0
160.0
134.0
133.0
365.0
165.0
462.0
133.0
402.0
370.0
420.0
460.0
391.0
392.0
451.0
407.0
449.0
163.0
139.0
160.0
175.0
137.0
160.0
158.0
155.0
141.0
191.0
203.0
146.0
174.0
430.0
163.0
136.0
140.0
134.0
147.0
148.0
163.0
136.0
149.0
151.0
161.0
145.0
148.0
380.0
154.0
140.0
169.0
176.0
155.0
143.0
150.0
163.0
457.0
153.0
163.0
164.0
162.0
166.0
156.0
163.0
136.0
132.0
167.0
157.0
163.0
165.0
161.0
152.0
125.0
134.0
413.0
139.0
147.0
405.0
162.0
171.0
159.0
170.0
131.0
141.0
173.0
177.0
146.0
481.0
146.0
166.0
176.0
170.0
167.0
164.0
141.0
157.0
166.0
131.0
138.0
170.0
150.0
141.0
134.0
151.0
144.0
404.0
172.0
176.0
148.0
133.0
154.0
145.0
141.0
166.0
169.0
463.0
154.0
485.0
131.0
417.0
485.0
410.0
492.0
451.0
441.0
475.0
414.0
490.0
151.0
148.0
167.0
166.0
168.0
154.0
145.0
141.0
160.0
172.0
166.0
156.0
170.0
420.0
151.0
166.0
167.0
133.0
144.0
155.0
168.0
148.0
168.0
143.0
152.0
176.0
174.0
460.0
163.0
158.0
144.0
161.0
138.0
168.0
169.0
137.0
457.0
139.0
176.0
138.0
135.0
156.0
162.0
131.0
140.0
151.0
135.0
167.0
164.0
157.0
172.0
131.0
128.0
143.0
384.0
154.0
148.0
369.0
135.0
149.0
163.0
155.0
154.0
141.0
167.0
164.0
138.0
481.0
169.0
152.0
131.0
139.0
162.0
175.0
160.0
164.0
158.0
138.0
157.0
136.0
134.0
166.0
176.0
120.0
152.0
369.0
138.0
135.0
175.0
162.0
146.0
161.0
161.0
139.0
140.0
478.0
145.0
388.0
167.0
459.0
384.0
364.0
392.0
368.0
469.0
378.0
406.0
365.0
144.0
160.0
165.0
162.0
167.0
164.0
141.0
146.0
136.0
