I_BRKGA_114_6_25_5_CESP
114 6 25 492.0
31146.5
32852.5
35451.5
30364.5
29351.5
33310.5
31325.5
31488.5
34552.5
34852.5
31449.5
31097.5
31549.5
30665.5
29446.5
33972.5
30352.5
32129.5
29916.5
29870.5
35245.5
32024.5
29112.5
35063.5
34813.5
0.04180502947524607
0.035940742672609806
0.0450500624000342
0.03765858720025947
0.04586575105381813
0.033309465504642165
0.04413572641798145
0.03668074466163636
0.042239655800229564
0.03596626791459691
0.04060339081806751
0.03388997331761484
0.04336121163578095
0.03533999038316528
0.04235081972998778
0.03847662574339641
0.04093971785172389
0.03544864485249111
0.04549328549262969
0.0362356474662541
0.04355429498641405
0.034753565812748397
0.04054985590481206
0.03561382444470338
0.05473711845915652
120.0
126.0
117.0
113.0
119.0
108.0
2557.0
22.0
1261.0
1300.0
67.0
529.0
489.0
1276.0
36.0
514.0
119.0
186.0
45.0
327.0
250.0
385.0
58.0
314.0
541.0
291.0
71.0
231.0
76.0
293.0
27.0
354.0
171.0
822.0
1375.0
554.0
351.0
1189.0
274.0
155.0
873.0
5303.0
5735.0
125.0
162.0
320.0
49.0
29.0
189.0
206.0
190.0
510.0
349.0
76.0
63.0
26.0
125.0
30.0
20.0
168.0
903.0
53.0
125.0
61.0
42.0
153.0
155.0
76.0
163.0
147.0
731.0
35.0
20.0
25.0
30.0
8.0
70.0
266.0
104.0
68.0
91.0
54.0
39.0
82.0
146.0
47.0
27.0
58.0
161.0
175.0
102.0
80.0
127.0
48.0
61.0
1596.0
54.0
57.0
70.0
24.0
153.0
297.0
31.0
270.0
119.0
235.0
77.0
129.0
787.0
208.0
71.0
1284.0
127.0
120.0
73.0
90.0
113.0
20.0
269.0
192.0
478.0
1308.0
36.0
542.0
117.0
191.0
45.0
327.0
260.0
371.0
60.0
314.0
552.0
294.0
69.0
251.0
76.0
289.0
29.0
365.0
163.0
814.0
1297.0
573.0
333.0
1082.0
290.0
146.0
858.0
5243.0
5704.0
129.0
169.0
328.0
47.0
27.0
186.0
224.0
187.0
487.0
364.0
74.0
66.0
27.0
126.0
33.0
18.0
162.0
896.0
53.0
128.0
63.0
45.0
158.0
141.0
75.0
165.0
141.0
761.0
37.0
21.0
24.0
30.0
8.0
71.0
275.0
111.0
67.0
87.0
56.0
39.0
85.0
149.0
48.0
25.0
55.0
151.0
159.0
101.0
84.0
134.0
46.0
61.0
1578.0
58.0
54.0
69.0
26.0
155.0
285.0
31.0
268.0
118.0
249.0
78.0
131.0
792.0
211.0
70.0
1273.0
123.0
115.0
72.0
93.0
121.0
19.0
261.0
196.0
517.0
1269.0
33.0
505.0
111.0
174.0
48.0
319.0
265.0
368.0
61.0
310.0
536.0
273.0
71.0
254.0
82.0
292.0
29.0
349.0
162.0
840.0
1282.0
570.0
357.0
1083.0
280.0
146.0
860.0
5002.0
5991.0
130.0
163.0
307.0
50.0
28.0
189.0
222.0
190.0
511.0
359.0
72.0
65.0
27.0
118.0
31.0
20.0
167.0
856.0
51.0
123.0
67.0
46.0
155.0
140.0
74.0
164.0
140.0
782.0
38.0
20.0
25.0
32.0
8.0
75.0
260.0
105.0
71.0
84.0
55.0
41.0
89.0
146.0
47.0
26.0
56.0
150.0
168.0
107.0
85.0
134.0
44.0
65.0
1667.0
59.0
58.0
67.0
25.0
152.0
274.0
31.0
266.0
129.0
248.0
80.0
138.0
786.0
204.0
68.0
1250.0
121.0
121.0
69.0
94.0
118.0
20.0
268.0
190.0
478.0
1341.0
36.0
509.0
120.0
178.0
46.0
350.0
259.0
373.0
59.0
296.0
524.0
285.0
72.0
239.0
80.0
290.0
28.0
351.0
166.0
765.0
1358.0
596.0
328.0
1105.0
271.0
151.0
833.0
5245.0
5665.0
120.0
171.0
319.0
47.0
27.0
180.0
205.0
190.0
483.0
341.0
75.0
62.0
27.0
119.0
32.0
19.0
175.0
871.0
52.0
122.0
65.0
45.0
160.0
155.0
74.0
164.0
140.0
796.0
36.0
20.0
24.0
29.0
8.0
75.0
268.0
103.0
68.0
83.0
58.0
41.0
84.0
144.0
48.0
27.0
54.0
153.0
173.0
105.0
83.0
126.0
46.0
61.0
1636.0
54.0
59.0
67.0
24.0
154.0
284.0
31.0
279.0
122.0
235.0
83.0
133.0
811.0
214.0
71.0
1277.0
127.0
115.0
71.0
86.0
116.0
20.0
247.0
201.0
483.0
1256.0
33.0
539.0
118.0
188.0
44.0
323.0
244.0
371.0
61.0
320.0
546.0
271.0
71.0
232.0
78.0
285.0
27.0
339.0
171.0
809.0
1385.0
548.0
357.0
1095.0
278.0
156.0
851.0
4995.0
5504.0
126.0
159.0
327.0
50.0
27.0
182.0
213.0
193.0
498.0
341.0
79.0
62.0
26.0
121.0
33.0
20.0
176.0
886.0
53.0
124.0
62.0
45.0
157.0
154.0
70.0
154.0
153.0
790.0
35.0
21.0
24.0
32.0
8.0
74.0
260.0
106.0
70.0
84.0
55.0
40.0
83.0
145.0
47.0
27.0
55.0
159.0
164.0
110.0
84.0
127.0
45.0
61.0
1577.0
56.0
56.0
70.0
25.0
167.0
284.0
31.0
277.0
121.0
243.0
78.0
138.0
811.0
220.0
70.0
1278.0
128.0
125.0
68.0
92.0
114.0
19.0
247.0
189.0
482.0
1234.0
35.0
525.0
112.0
175.0
44.0
340.0
250.0
367.0
60.0
303.0
510.0
278.0
71.0
235.0
81.0
280.0
27.0
353.0
166.0
772.0
1388.0
584.0
355.0
1100.0
278.0
144.0
817.0
5226.0
5527.0
125.0
169.0
314.0
49.0
29.0
175.0
204.0
179.0
508.0
340.0
76.0
63.0
26.0
128.0
33.0
20.0
179.0
853.0
53.0
122.0
65.0
46.0
156.0
141.0
73.0
163.0
149.0
762.0
37.0
20.0
24.0
29.0
8.0
76.0
259.0
110.0
68.0
88.0
54.0
38.0
89.0
154.0
45.0
26.0
56.0
154.0
165.0
107.0
85.0
126.0
46.0
62.0
1529.0
54.0
54.0
69.0
26.0
158.0
280.0
33.0
275.0
125.0
239.0
81.0
131.0
816.0
205.0
65.0
1245.0
129.0
115.0
70.0
87.0
115.0
20.0
266.0
193.0
495.0
1315.0
34.0
543.0
115.0
181.0
46.0
348.0
245.0
372.0
61.0
291.0
543.0
282.0
70.0
249.0
77.0
287.0
27.0
340.0
161.0
791.0
1303.0
558.0
333.0
1163.0
281.0
150.0
791.0
5353.0
5784.0
122.0
158.0
321.0
50.0
27.0
186.0
209.0
189.0
515.0
370.0
78.0
63.0
27.0
117.0
33.0
19.0
165.0
853.0
50.0
121.0
67.0
44.0
162.0
141.0
73.0
155.0
143.0
773.0
38.0
20.0
24.0
31.0
8.0
71.0
255.0
104.0
69.0
90.0
59.0
41.0
85.0
148.0
46.0
26.0
53.0
164.0
165.0
110.0
82.0
136.0
46.0
65.0
1576.0
58.0
57.0
70.0
24.0
162.0
285.0
30.0
266.0
124.0
254.0
82.0
138.0
790.0
204.0
67.0
1223.0
123.0
120.0
70.0
94.0
115.0
19.0
255.0
187.0
512.0
1227.0
34.0
532.0
112.0
190.0
44.0
332.0
244.0
368.0
56.0
290.0
525.0
279.0
70.0
247.0
78.0
281.0
28.0
360.0
165.0
812.0
1322.0
548.0
349.0
1196.0
290.0
146.0
801.0
5383.0
5559.0
124.0
162.0
323.0
50.0
29.0
185.0
211.0
179.0
488.0
366.0
74.0
66.0
25.0
122.0
30.0
19.0
162.0
833.0
49.0
130.0
65.0
46.0
162.0
142.0
73.0
164.0
141.0
726.0
38.0
21.0
26.0
30.0
8.0
74.0
260.0
108.0
68.0
83.0
58.0
38.0
82.0
144.0
49.0
26.0
53.0
155.0
161.0
108.0
79.0
128.0
45.0
65.0
1510.0
58.0
56.0
65.0
24.0
166.0
281.0
31.0
284.0
127.0
251.0
83.0
131.0
780.0
210.0
69.0
1275.0
129.0
126.0
73.0
94.0
122.0
18.0
259.0
195.0
485.0
1320.0
35.0
512.0
118.0
182.0
45.0
317.0
258.0
390.0
59.0
302.0
554.0
279.0
72.0
248.0
76.0
273.0
28.0
362.0
169.0
778.0
1261.0
586.0
330.0
1152.0
273.0
157.0
790.0
5024.0
5971.0
129.0
170.0
333.0
47.0
28.0
182.0
220.0
186.0
503.0
358.0
72.0
64.0
27.0
125.0
31.0
19.0
169.0
856.0
52.0
124.0
61.0
46.0
163.0
142.0
74.0
165.0
139.0
724.0
38.0
19.0
24.0
30.0
8.0
72.0
252.0
105.0
70.0
88.0
58.0
40.0
83.0
143.0
45.0
26.0
57.0
154.0
173.0
107.0
81.0
128.0
47.0
61.0
1572.0
55.0
58.0
68.0
25.0
165.0
277.0
32.0
281.0
121.0
246.0
81.0
138.0
818.0
210.0
68.0
1178.0
124.0
118.0
70.0
92.0
119.0
19.0
246.0
202.0
473.0
1260.0
36.0
550.0
118.0
178.0
48.0
336.0
262.0
367.0
59.0
306.0
547.0
274.0
73.0
252.0
75.0
289.0
28.0
360.0
167.0
788.0
1335.0
562.0
359.0
1090.0
277.0
150.0
831.0
5062.0
6006.0
119.0
164.0
308.0
48.0
29.0
193.0
216.0
180.0
522.0
344.0
75.0
67.0
26.0
119.0
32.0
19.0
172.0
820.0
51.0
125.0
64.0
46.0
161.0
154.0
70.0
157.0
150.0
762.0
36.0
21.0
24.0
32.0
8.0
75.0
260.0
103.0
74.0
84.0
55.0
39.0
82.0
148.0
48.0
27.0
55.0
164.0
159.0
106.0
84.0
129.0
48.0
65.0
1621.0
54.0
58.0
68.0
26.0
161.0
280.0
32.0
272.0
118.0
260.0
78.0
131.0
829.0
220.0
69.0
1283.0
131.0
116.0
73.0
93.0
121.0
20.0
260.0
200.0
509.0
1253.0
36.0
536.0
120.0
175.0
48.0
323.0
249.0
379.0
59.0
318.0
526.0
288.0
75.0
234.0
77.0
298.0
27.0
359.0
169.0
830.0
1281.0
596.0
354.0
1167.0
278.0
147.0
823.0
5364.0
5719.0
120.0
171.0
318.0
46.0
29.0
188.0
210.0
193.0
507.0
352.0
76.0
67.0
27.0
124.0
33.0
19.0
167.0
890.0
48.0
124.0
63.0
46.0
152.0
145.0
72.0
158.0
145.0
736.0
38.0
21.0
26.0
31.0
8.0
76.0
272.0
105.0
70.0
85.0
59.0
39.0
89.0
143.0
48.0
27.0
55.0
156.0
166.0
102.0
83.0
134.0
48.0
67.0
1636.0
57.0
55.0
69.0
25.0
157.0
299.0
31.0
281.0
120.0
242.0
76.0
128.0
793.0
217.0
66.0
1238.0
134.0
122.0
72.0
87.0
120.0
18.0
246.0
194.0
495.0
1342.0
34.0
548.0
118.0
184.0
48.0
342.0
266.0
377.0
59.0
290.0
533.0
288.0
74.0
244.0
81.0
295.0
29.0
350.0
171.0
797.0
1275.0
542.0
357.0
1096.0
299.0
154.0
806.0
5062.0
5723.0
125.0
172.0
332.0
50.0
29.0
181.0
223.0
178.0
484.0
368.0
78.0
67.0
25.0
121.0
30.0
19.0
176.0
881.0
52.0
127.0
61.0
42.0
153.0
145.0
72.0
162.0
141.0
779.0
36.0
19.0
24.0
32.0
8.0
74.0
263.0
103.0
72.0
90.0
54.0
38.0
88.0
151.0
48.0
26.0
54.0
154.0
164.0
101.0
86.0
136.0
46.0
62.0
1501.0
59.0
55.0
65.0
24.0
156.0
294.0
33.0
281.0
122.0
247.0
83.0
130.0
786.0
219.0
65.0
1189.0
126.0
125.0
71.0
88.0
112.0
20.0
260.0
197.0
494.0
1342.0
33.0
508.0
112.0
175.0
44.0
317.0
259.0
399.0
57.0
317.0
538.0
271.0
74.0
252.0
75.0
293.0
27.0
372.0
160.0
795.0
1379.0
568.0
342.0
1175.0
285.0
148.0
793.0
5090.0
5543.0
128.0
156.0
327.0
51.0
27.0
191.0
221.0
185.0
517.0
362.0
73.0
62.0
27.0
127.0
31.0
20.0
174.0
814.0
49.0
119.0
65.0
46.0
159.0
145.0
70.0
158.0
147.0
760.0
35.0
21.0
25.0
30.0
8.0
71.0
276.0
106.0
70.0
88.0
58.0
40.0
82.0
149.0
45.0
26.0
58.0
161.0
162.0
105.0
87.0
137.0
48.0
66.0
1569.0
54.0
59.0
71.0
26.0
161.0
289.0
32.0
264.0
124.0
250.0
83.0
132.0
767.0
217.0
70.0
1177.0
127.0
119.0
72.0
89.0
114.0
20.0
267.0
201.0
501.0
1307.0
35.0
541.0
113.0
191.0
48.0
344.0
262.0
377.0
55.0
308.0
534.0
266.0
71.0
235.0
80.0
283.0
28.0
352.0
173.0
792.0
1337.0
597.0
331.0
1162.0
285.0
150.0
791.0
5099.0
5955.0
130.0
162.0
323.0
47.0
29.0
176.0
218.0
177.0
498.0
348.0
77.0
62.0
27.0
127.0
33.0
19.0
171.0
837.0
52.0
122.0
67.0
44.0
166.0
154.0
76.0
155.0
142.0
774.0
36.0
20.0
24.0
30.0
8.0
69.0
268.0
109.0
71.0
88.0
59.0
39.0
81.0
142.0
47.0
25.0
57.0
159.0
162.0
108.0
83.0
134.0
45.0
61.0
1521.0
57.0
54.0
65.0
25.0
162.0
279.0
32.0
275.0
120.0
235.0
81.0
135.0
802.0
210.0
70.0
1230.0
128.0
122.0
68.0
93.0
111.0
19.0
271.0
196.0
504.0
1284.0
36.0
550.0
109.0
175.0
45.0
319.0
244.0
390.0
58.0
308.0
536.0
268.0
74.0
250.0
79.0
295.0
29.0
371.0
164.0
832.0
1318.0
601.0
363.0
1183.0
294.0
158.0
819.0
5140.0
5502.0
119.0
160.0
310.0
50.0
29.0
194.0
212.0
195.0
498.0
366.0
75.0
62.0
26.0
124.0
33.0
20.0
174.0
853.0
52.0
121.0
64.0
42.0
164.0
143.0
74.0
156.0
146.0
776.0
37.0
21.0
25.0
29.0
8.0
74.0
274.0
102.0
71.0
91.0
54.0
41.0
88.0
152.0
46.0
26.0
54.0
151.0
172.0
107.0
82.0
128.0
45.0
65.0
1605.0
58.0
59.0
65.0
25.0
162.0
297.0
32.0
278.0
120.0
248.0
82.0
138.0
769.0
206.0
68.0
1267.0
133.0
123.0
66.0
87.0
111.0
20.0
246.0
201.0
476.0
1236.0
35.0
557.0
109.0
184.0
46.0
320.0
251.0
372.0
57.0
311.0
552.0
272.0
69.0
238.0
75.0
297.0
28.0
374.0
165.0
764.0
1288.0
574.0
337.0
1126.0
284.0
156.0
843.0
5511.0
5670.0
126.0
166.0
306.0
49.0
28.0
185.0
217.0
184.0
490.0
359.0
77.0
66.0
26.0
126.0
32.0
19.0
177.0
837.0
50.0
126.0
63.0
43.0
153.0
149.0
75.0
158.0
151.0
742.0
38.0
21.0
24.0
32.0
8.0
74.0
270.0
112.0
73.0
83.0
55.0
41.0
89.0
141.0
47.0
26.0
53.0
152.0
162.0
110.0
85.0
131.0
47.0
64.0
1531.0
54.0
57.0
69.0
26.0
152.0
299.0
32.0
261.0
128.0
249.0
80.0
131.0
796.0
224.0
68.0
1201.0
129.0
119.0
67.0
89.0
112.0
19.0
246.0
206.0
495.0
1314.0
33.0
512.0
110.0
184.0
44.0
339.0
261.0
381.0
59.0
307.0
531.0
294.0
74.0
250.0
77.0
276.0
28.0
370.0
159.0
817.0
1370.0
573.0
342.0
1092.0
288.0
151.0
847.0
5507.0
5559.0
126.0
157.0
305.0
47.0
27.0
187.0
219.0
187.0
481.0
344.0
77.0
63.0
26.0
124.0
33.0
18.0
167.0
860.0
52.0
120.0
66.0
45.0
166.0
142.0
72.0
162.0
141.0
756.0
37.0
20.0
25.0
31.0
8.0
76.0
273.0
106.0
69.0
91.0
54.0
41.0
88.0
142.0
47.0
27.0
53.0
149.0
167.0
105.0
80.0
138.0
48.0
65.0
1506.0
56.0
54.0
71.0
24.0
165.0
277.0
33.0
263.0
130.0
251.0
79.0
133.0
762.0
210.0
70.0
1200.0
124.0
126.0
71.0
88.0
121.0
19.0
246.0
192.0
500.0
1271.0
35.0
549.0
116.0
186.0
46.0
331.0
268.0
366.0
61.0
294.0
511.0
279.0
72.0
239.0
76.0
297.0
27.0
339.0
161.0
819.0
1357.0
543.0
360.0
1098.0
278.0
156.0
821.0
5224.0
5663.0
126.0
173.0
309.0
51.0
28.0
190.0
211.0
181.0
516.0
353.0
74.0
62.0
27.0
117.0
31.0
20.0
166.0
846.0
49.0
126.0
66.0
42.0
156.0
154.0
72.0
162.0
145.0
766.0
37.0
20.0
26.0
31.0
8.0
71.0
252.0
105.0
68.0
90.0
55.0
39.0
84.0
153.0
45.0
26.0
56.0
150.0
164.0
110.0
81.0
134.0
46.0
65.0
1615.0
57.0
57.0
67.0
25.0
161.0
276.0
32.0
271.0
120.0
257.0
82.0
132.0
823.0
207.0
65.0
1245.0
133.0
118.0
72.0
91.0
122.0
19.0
255.0
193.0
498.0
1281.0
36.0
515.0
113.0
190.0
44.0
332.0
264.0
378.0
59.0
292.0
551.0
292.0
76.0
230.0
82.0
278.0
28.0
352.0
157.0
819.0
1375.0
581.0
346.0
1105.0
272.0
155.0
833.0
5367.0
5508.0
123.0
171.0
332.0
50.0
29.0
186.0
205.0
187.0
520.0
365.0
73.0
62.0
25.0
116.0
30.0
19.0
165.0
849.0
49.0
130.0
61.0
44.0
167.0
147.0
73.0
156.0
153.0
795.0
36.0
20.0
25.0
29.0
8.0
74.0
272.0
103.0
69.0
88.0
57.0
41.0
83.0
149.0
49.0
26.0
53.0
162.0
172.0
108.0
85.0
136.0
44.0
66.0
1620.0
54.0
59.0
67.0
24.0
162.0
296.0
33.0
265.0
126.0
254.0
82.0
139.0
832.0
222.0
70.0
1192.0
132.0
127.0
70.0
86.0
122.0
20.0
270.0
200.0
484.0
1283.0
35.0
510.0
111.0
191.0
48.0
334.0
253.0
383.0
59.0
296.0
520.0
279.0
76.0
240.0
76.0
299.0
28.0
369.0
166.0
842.0
1256.0
594.0
327.0
1174.0
282.0
151.0
850.0
5071.0
6030.0
118.0
163.0
311.0
48.0
27.0
183.0
221.0
189.0
531.0
360.0
72.0
61.0
27.0
117.0
30.0
19.0
170.0
839.0
49.0
120.0
66.0
44.0
164.0
142.0
70.0
160.0
139.0
772.0
36.0
20.0
25.0
32.0
8.0
76.0
275.0
110.0
70.0
87.0
57.0
41.0
88.0
154.0
45.0
27.0
55.0
156.0
165.0
101.0
86.0
139.0
47.0
62.0
1607.0
55.0
58.0
71.0
24.0
159.0
292.0
33.0
275.0
120.0
240.0
82.0
140.0
826.0
210.0
66.0
1174.0
127.0
121.0
73.0
90.0
117.0
19.0
272.0
194.0
493.0
1301.0
33.0
514.0
113.0
183.0
46.0
319.0
268.0
373.0
58.0
312.0
544.0
267.0
71.0
236.0
80.0
299.0
27.0
348.0
166.0
801.0
1370.0
582.0
356.0
1092.0
287.0
145.0
855.0
5106.0
5953.0
122.0
168.0
313.0
49.0
29.0
185.0
226.0
177.0
500.0
370.0
76.0
67.0
25.0
119.0
31.0
19.0
165.0
829.0
49.0
125.0
64.0
45.0
160.0
144.0
72.0
159.0
146.0
796.0
36.0
20.0
25.0
31.0
8.0
76.0
270.0
108.0
72.0
91.0
58.0
41.0
87.0
151.0
47.0
25.0
55.0
148.0
174.0
110.0
87.0
128.0
44.0
63.0
1504.0
56.0
55.0
66.0
24.0
154.0
299.0
32.0
260.0
118.0
236.0
78.0
136.0
826.0
206.0
67.0
1178.0
124.0
127.0
68.0
89.0
122.0
20.0
262.0
198.0
499.0
1283.0
33.0
531.0
119.0
193.0
45.0
350.0
267.0
385.0
60.0
300.0
520.0
276.0
75.0
233.0
75.0
277.0
29.0
366.0
167.0
819.0
1290.0
601.0
363.0
1140.0
276.0
159.0
807.0
5153.0
5764.0
124.0
169.0
330.0
50.0
28.0
189.0
226.0
193.0
516.0
369.0
77.0
66.0
25.0
120.0
30.0
20.0
162.0
818.0
53.0
131.0
66.0
44.0
163.0
150.0
75.0
154.0
152.0
788.0
35.0
20.0
25.0
30.0
8.0
70.0
268.0
109.0
72.0
84.0
58.0
38.0
83.0
144.0
46.0
25.0
53.0
161.0
162.0
103.0
81.0
131.0
45.0
63.0
1626.0
55.0
59.0
65.0
25.0
163.0
293.0
32.0
263.0
126.0
256.0
77.0
129.0
820.0
222.0
71.0
1219.0
124.0
127.0
71.0
92.0
115.0
19.0
264.0
206.0
498.0
1227.0
35.0
519.0
120.0
184.0
46.0
326.0
259.0
380.0
61.0
290.0
542.0
291.0
72.0
229.0
77.0
276.0
27.0
370.0
163.0
786.0
1351.0
571.0
340.0
1105.0
278.0
158.0
846.0
5017.0
5843.0
124.0
172.0
332.0
47.0
27.0
187.0
223.0
189.0
502.0
343.0
73.0
66.0
26.0
119.0
30.0
20.0
172.0
903.0
51.0
128.0
64.0
46.0
156.0
147.0
75.0
164.0
149.0
729.0
38.0
19.0
26.0
32.0
8.0
75.0
251.0
104.0
72.0
90.0
54.0
37.0
88.0
143.0
47.0
25.0
56.0
163.0
175.0
104.0
84.0
130.0
48.0
64.0
1519.0
55.0
58.0
69.0
26.0
155.0
281.0
33.0
284.0
123.0
239.0
83.0
133.0
819.0
216.0
70.0
1164.0
130.0
120.0
68.0
86.0
118.0
19.0
266.0
197.0
511.0
1280.0
35.0
509.0
111.0
175.0
45.0
320.0
254.0
391.0
61.0
314.0
510.0
277.0
71.0
247.0
75.0
279.0
27.0
356.0
167.0
838.0
1305.0
580.0
355.0
1080.0
282.0
158.0
814.0
5353.0
5989.0
127.0
165.0
316.0
50.0
27.0
187.0
206.0
195.0
526.0
373.0
77.0
67.0
26.0
118.0
33.0
20.0
175.0
888.0
50.0
118.0
66.0
45.0
155.0
145.0
70.0
165.0
148.0
777.0
38.0
21.0
24.0
31.0
8.0
74.0
262.0
110.0
70.0
91.0
57.0
41.0
87.0
141.0
48.0
27.0
56.0
152.0
169.0
109.0
80.0
126.0
48.0
64.0
1536.0
54.0
57.0
68.0
26.0
161.0
277.0
32.0
267.0
129.0
247.0
81.0
132.0
795.0
210.0
67.0
1175.0
124.0
127.0
72.0
86.0
115.0
20.0
255.0
189.0
516.0
1291.0
33.0
554.0
120.0
182.0
45.0
321.0
264.0
371.0
59.0
297.0
556.0
292.0
75.0
239.0
82.0
301.0
27.0
348.0
173.0
762.0
1348.0
565.0
329.0
1093.0
288.0
155.0
860.0
5354.0
5897.0
119.0
156.0
318.0
47.0
27.0
190.0
224.0
192.0
487.0
369.0
74.0
65.0
27.0
118.0
30.0
20.0
171.0
864.0
49.0
127.0
64.0
45.0
165.0
150.0
70.0
168.0
152.0
756.0
38.0
19.0
24.0
30.0
8.0
74.0
275.0
104.0
67.0
88.0
57.0
41.0
82.0
147.0
47.0
26.0
57.0
150.0
167.0
103.0
83.0
137.0
45.0
62.0
1635.0
55.0
58.0
70.0
24.0
162.0
291.0
31.0
287.0
127.0
253.0
81.0
128.0
778.0
212.0
71.0
1223.0
125.0
122.0
71.0
86.0
115.0
19.0
267.0
197.0
204.0
153.0
175.0
175.0
366.0
160.0
139.0
133.0
152.0
169.0
162.0
132.0
148.0
161.0
172.0
171.0
146.0
157.0
428.0
136.0
147.0
141.0
156.0
136.0
160.0
152.0
138.0
461.0
132.0
165.0
169.0
177.0
146.0
166.0
163.0
139.0
171.0
160.0
148.0
139.0
135.0
165.0
173.0
123.0
138.0
461.0
133.0
164.0
402.0
166.0
154.0
166.0
131.0
131.0
167.0
169.0
145.0
146.0
439.0
143.0
175.0
148.0
169.0
159.0
135.0
152.0
146.0
148.0
164.0
141.0
135.0
174.0
134.0
167.0
130.0
173.0
368.0
170.0
167.0
176.0
138.0
134.0
158.0
145.0
154.0
160.0
467.0
174.0
394.0
162.0
436.0
430.0
406.0
396.0
453.0
445.0
445.0
364.0
439.0
158.0
139.0
147.0
155.0
132.0
142.0
141.0
139.0
135.0
159.0
184.0
133.0
170.0
451.0
130.0
155.0
141.0
151.0
165.0
166.0
173.0
155.0
136.0
162.0
149.0
155.0
161.0
410.0
161.0
147.0
157.0
176.0
173.0
172.0
177.0
139.0
431.0
155.0
146.0
138.0
175.0
131.0
158.0
133.0
140.0
153.0
157.0
148.0
160.0
147.0
139.0
167.0
120.0
149.0
438.0
134.0
153.0
407.0
142.0
147.0
162.0
167.0
135.0
172.0
170.0
145.0
151.0
480.0
134.0
168.0
160.0
147.0
165.0
160.0
136.0
172.0
132.0
147.0
163.0
154.0
165.0
161.0
150.0
137.0
161.0
487.0
146.0
147.0
142.0
168.0
149.0
162.0
152.0
145.0
161.0
411.0
165.0
456.0
173.0
438.0
443.0
478.0
416.0
454.0
431.0
383.0
400.0
439.0
164.0
169.0
163.0
147.0
145.0
150.0
172.0
161.0
176.0
157.0
195.0
153.0
154.0
391.0
156.0
159.0
173.0
137.0
170.0
131.0
134.0
176.0
163.0
144.0
151.0
145.0
133.0
479.0
144.0
173.0
152.0
175.0
154.0
140.0
157.0
153.0
369.0
148.0
153.0
169.0
131.0
156.0
152.0
162.0
174.0
173.0
163.0
166.0
154.0
139.0
139.0
177.0
115.0
159.0
475.0
135.0
172.0
419.0
159.0
148.0
160.0
143.0
169.0
158.0
177.0
154.0
153.0
408.0
173.0
168.0
172.0
153.0
149.0
162.0
171.0
146.0
143.0
145.0
166.0
170.0
166.0
131.0
159.0
145.0
174.0
452.0
147.0
173.0
157.0
133.0
174.0
143.0
176.0
161.0
161.0
447.0
149.0
408.0
139.0
393.0
450.0
415.0
373.0
410.0
445.0
410.0
431.0
492.0
177.0
163.0
176.0
163.0
154.0
163.0
166.0
145.0
141.0
181.0
190.0
151.0
170.0
449.0
147.0
140.0
177.0
141.0
166.0
167.0
135.0
165.0
147.0
142.0
138.0
141.0
158.0
416.0
165.0
175.0
155.0
132.0
150.0
141.0
144.0
135.0
418.0
167.0
152.0
156.0
153.0
171.0
136.0
137.0
143.0
177.0
173.0
141.0
137.0
132.0
172.0
137.0
148.0
140.0
371.0
137.0
173.0
446.0
132.0
165.0
158.0
140.0
176.0
175.0
149.0
166.0
172.0
459.0
147.0
137.0
135.0
164.0
152.0
159.0
140.0
132.0
172.0
140.0
168.0
166.0
174.0
168.0
136.0
120.0
155.0
426.0
135.0
142.0
141.0
133.0
155.0
157.0
146.0
137.0
146.0
476.0
153.0
471.0
150.0
369.0
466.0
484.0
371.0
363.0
430.0
472.0
381.0
454.0
164.0
163.0
171.0
152.0
148.0
167.0
147.0
160.0
133.0
182.0
181.0
149.0
173.0
378.0
174.0
131.0
165.0
175.0
170.0
160.0
154.0
151.0
154.0
141.0
139.0
148.0
133.0
437.0
135.0
155.0
137.0
133.0
138.0
174.0
172.0
138.0
423.0
168.0
159.0
144.0
143.0
151.0
172.0
166.0
152.0
143.0
151.0
136.0
162.0
174.0
175.0
168.0
149.0
137.0
387.0
131.0
153.0
480.0
163.0
148.0
139.0
163.0
176.0
153.0
149.0
152.0
130.0
465.0
149.0
132.0
150.0
135.0
131.0
147.0
169.0
170.0
157.0
176.0
174.0
164.0
151.0
145.0
161.0
128.0
137.0
468.0
139.0
165.0
148.0
167.0
161.0
138.0
156.0
138.0
139.0
427.0
166.0
469.0
141.0
382.0
393.0
365.0
413.0
486.0
464.0
396.0
399.0
409.0
154.0
150.0
144.0
144.0
143.0
146.0
130.0
169.0
134.0
181.0
179.0
132.0
171.0
395.0
144.0
146.0
144.0
154.0
161.0
166.0
139.0
143.0
165.0
132.0
133.0
152.0
149.0
430.0
170.0
130.0
132.0
133.0
156.0
154.0
176.0
175.0
449.0
175.0
149.0
173.0
151.0
160.0
157.0
174.0
155.0
144.0
176.0
168.0
139.0
172.0
175.0
132.0
135.0
130.0
402.0
131.0
157.0
392.0
140.0
146.0
175.0
141.0
138.0
168.0
146.0
164.0
141.0
398.0
167.0
173.0
136.0
161.0
141.0
155.0
177.0
162.0
130.0
158.0
150.0
131.0
137.0
135.0
161.0
112.0
143.0
465.0
164.0
143.0
149.0
139.0
165.0
160.0
155.0
137.0
141.0
403.0
145.0
370.0
162.0
399.0
488.0
427.0
446.0
392.0
371.0
434.0
448.0
449.0
150.0
150.0
142.0
164.0
154.0
147.0
176.0
141.0
148.0
203.0
165.0
161.0
153.0
387.0
153.0
138.0
139.0
157.0
172.0
136.0
137.0
174.0
157.0
143.0
175.0
156.0
177.0
473.0
158.0
174.0
142.0
142.0
164.0
157.0
142.0
130.0
437.0
142.0
172.0
131.0
140.0
142.0
172.0
154.0
158.0
171.0
175.0
141.0
135.0
164.0
141.0
157.0
117.0
135.0
404.0
168.0
154.0
415.0
145.0
162.0
176.0
166.0
164.0
170.0
135.0
140.0
172.0
376.0
174.0
160.0
167.0
146.0
165.0
132.0
177.0
156.0
159.0
161.0
133.0
152.0
149.0
140.0
137.0
134.0
154.0
432.0
168.0
156.0
160.0
160.0
140.0
167.0
141.0
167.0
157.0
448.0
153.0
480.0
160.0
408.0
485.0
435.0
454.0
468.0
485.0
463.0
423.0
479.0
131.0
160.0
158.0
171.0
158.0
175.0
168.0
155.0
131.0
168.0
202.0
140.0
134.0
383.0
132.0
176.0
160.0
147.0
149.0
160.0
170.0
144.0
148.0
133.0
130.0
135.0
168.0
418.0
137.0
135.0
142.0
166.0
143.0
149.0
152.0
160.0
484.0
175.0
177.0
152.0
139.0
154.0
163.0
149.0
166.0
175.0
153.0
164.0
138.0
147.0
136.0
150.0
136.0
144.0
490.0
155.0
137.0
423.0
170.0
161.0
160.0
173.0
169.0
159.0
139.0
134.0
145.0
374.0
172.0
148.0
157.0
158.0
169.0
143.0
134.0
159.0
133.0
136.0
169.0
136.0
171.0
135.0
159.0
122.0
135.0
466.0
148.0
166.0
143.0
157.0
151.0
142.0
171.0
130.0
151.0
484.0
150.0
384.0
164.0
433.0
435.0
411.0
479.0
430.0
405.0
432.0
378.0
374.0
148.0
164.0
150.0
165.0
144.0
139.0
172.0
169.0
130.0
185.0
172.0
155.0
161.0
404.0
159.0
139.0
175.0
134.0
163.0
132.0
167.0
147.0
168.0
142.0
175.0
172.0
134.0
480.0
137.0
174.0
144.0
163.0
150.0
159.0
138.0
155.0
484.0
153.0
160.0
138.0
160.0
149.0
160.0
141.0
146.0
138.0
132.0
153.0
133.0
166.0
167.0
142.0
140.0
160.0
422.0
147.0
157.0
469.0
160.0
155.0
142.0
170.0
138.0
174.0
161.0
156.0
166.0
461.0
153.0
177.0
160.0
161.0
149.0
160.0
154.0
167.0
152.0
145.0
160.0
141.0
169.0
145.0
132.0
133.0
159.0
364.0
170.0
163.0
163.0
159.0
163.0
139.0
149.0
139.0
157.0
453.0
163.0
477.0
138.0
474.0
423.0
462.0
368.0
478.0
403.0
415.0
371.0
431.0
168.0
149.0
170.0
150.0
165.0
162.0
140.0
156.0
149.0
182.0
197.0
165.0
168.0
424.0
152.0
156.0
161.0
147.0
137.0
142.0
167.0
155.0
135.0
150.0
150.0
166.0
175.0
423.0
140.0
146.0
165.0
136.0
133.0
155.0
134.0
172.0
436.0
144.0
132.0
156.0
164.0
136.0
142.0
157.0
177.0
130.0
163.0
133.0
165.0
135.0
162.0
142.0
115.0
130.0
408.0
135.0
156.0
482.0
162.0
134.0
144.0
158.0
161.0
157.0
147.0
136.0
134.0
391.0
164.0
135.0
151.0
141.0
153.0
157.0
157.0
163.0
150.0
145.0
177.0
170.0
152.0
155.0
155.0
129.0
137.0
381.0
138.0
148.0
169.0
166.0
143.0
146.0
156.0
161.0
131.0
485.0
155.0
478.0
152.0
439.0
465.0
416.0
383.0
453.0
394.0
405.0
492.0
363.0
163.0
168.0
142.0
163.0
137.0
171.0
133.0
161.0
145.0
158.0
194.0
161.0
161.0
451.0
167.0
161.0
130.0
146.0
158.0
146.0
162.0
157.0
174.0
165.0
164.0
163.0
174.0
398.0
156.0
152.0
131.0
160.0
139.0
136.0
136.0
171.0
490.0
153.0
130.0
169.0
137.0
144.0
159.0
131.0
140.0
151.0
169.0
136.0
144.0
158.0
176.0
175.0
130.0
136.0
471.0
174.0
152.0
454.0
135.0
156.0
153.0
159.0
175.0
174.0
159.0
134.0
148.0
371.0
149.0
166.0
172.0
162.0
167.0
140.0
175.0
140.0
164.0
153.0
171.0
156.0
130.0
155.0
137.0
142.0
154.0
411.0
152.0
164.0
142.0
138.0
172.0
139.0
172.0
170.0
134.0
409.0
143.0
429.0
143.0
400.0
448.0
488.0
420.0
470.0
409.0
412.0
381.0
436.0
132.0
155.0
163.0
140.0
132.0
141.0
168.0
153.0
174.0
207.0
184.0
173.0
130.0
482.0
171.0
171.0
175.0
157.0
142.0
143.0
157.0
139.0
131.0
167.0
130.0
138.0
176.0
436.0
150.0
141.0
131.0
167.0
130.0
158.0
167.0
173.0
378.0
162.0
166.0
159.0
159.0
151.0
164.0
155.0
166.0
154.0
144.0
137.0
151.0
150.0
139.0
132.0
126.0
168.0
382.0
175.0
145.0
393.0
171.0
169.0
147.0
135.0
150.0
132.0
165.0
175.0
165.0
458.0
134.0
162.0
148.0
139.0
160.0
173.0
160.0
162.0
133.0
151.0
160.0
151.0
143.0
141.0
175.0
144.0
145.0
468.0
174.0
141.0
145.0
159.0
171.0
135.0
168.0
131.0
154.0
460.0
141.0
486.0
162.0
366.0
417.0
464.0
489.0
465.0
467.0
381.0
456.0
420.0
150.0
169.0
171.0
171.0
168.0
170.0
146.0
146.0
155.0
166.0
199.0
176.0
134.0
402.0
156.0
144.0
174.0
164.0
138.0
150.0
158.0
173.0
160.0
146.0
153.0
134.0
138.0
400.0
168.0
146.0
145.0
165.0
162.0
149.0
174.0
138.0
400.0
136.0
142.0
136.0
160.0
170.0
169.0
151.0
150.0
164.0
167.0
161.0
133.0
149.0
153.0
165.0
134.0
137.0
363.0
144.0
136.0
411.0
149.0
176.0
172.0
136.0
146.0
148.0
148.0
149.0
135.0
448.0
141.0
167.0
136.0
139.0
150.0
167.0
170.0
160.0
145.0
163.0
176.0
162.0
172.0
169.0
134.0
127.0
168.0
471.0
172.0
152.0
176.0
163.0
143.0
147.0
136.0
152.0
149.0
471.0
141.0
434.0
151.0
365.0
484.0
400.0
413.0
481.0
391.0
444.0
393.0
393.0
142.0
142.0
160.0
131.0
177.0
133.0
157.0
170.0
152.0
192.0
184.0
145.0
168.0
441.0
174.0
176.0
168.0
153.0
153.0
136.0
155.0
166.0
140.0
148.0
161.0
169.0
164.0
363.0
137.0
140.0
132.0
151.0
163.0
159.0
164.0
151.0
387.0
152.0
172.0
154.0
152.0
147.0
170.0
135.0
132.0
166.0
153.0
153.0
172.0
151.0
136.0
173.0
131.0
144.0
390.0
132.0
145.0
389.0
161.0
154.0
165.0
161.0
157.0
132.0
153.0
132.0
131.0
442.0
174.0
160.0
167.0
149.0
175.0
166.0
154.0
167.0
136.0
136.0
151.0
151.0
150.0
160.0
175.0
120.0
163.0
431.0
140.0
155.0
161.0
160.0
169.0
156.0
140.0
136.0
162.0
377.0
139.0
474.0
160.0
374.0
469.0
384.0
395.0
388.0
449.0
420.0
449.0
485.0
173.0
159.0
137.0
142.0
173.0
141.0
135.0
146.0
154.0
197.0
176.0
148.0
166.0
477.0
151.0
146.0
173.0
170.0
139.0
133.0
158.0
135.0
143.0
141.0
169.0
163.0
166.0
372.0
147.0
139.0
140.0
157.0
132.0
138.0
132.0
132.0
457.0
146.0
155.0
173.0
152.0
154.0
169.0
137.0
152.0
170.0
164.0
131.0
163.0
174.0
148.0
155.0
112.0
167.0
461.0
136.0
173.0
466.0
172.0
161.0
143.0
139.0
141.0
141.0
153.0
159.0
142.0
444.0
154.0
162.0
152.0
159.0
164.0
169.0
158.0
142.0
164.0
167.0
140.0
160.0
147.0
146.0
143.0
120.0
168.0
427.0
147.0
147.0
141.0
166.0
157.0
173.0
151.0
162.0
150.0
453.0
165.0
433.0
172.0
408.0
450.0
461.0
478.0
400.0
411.0
462.0
437.0
480.0
130.0
131.0
143.0
177.0
132.0
168.0
137.0
169.0
163.0
177.0
167.0
135.0
163.0
452.0
157.0
177.0
139.0
130.0
149.0
176.0
150.0
139.0
152.0
132.0
158.0
153.0
166.0
442.0
173.0
171.0
154.0
175.0
167.0
174.0
152.0
156.0
453.0
160.0
172.0
132.0
140.0
149.0
175.0
172.0
144.0
140.0
170.0
142.0
150.0
156.0
141.0
142.0
135.0
154.0
407.0
174.0
143.0
412.0
160.0
138.0
163.0
150.0
162.0
175.0
169.0
167.0
173.0
419.0
143.0
165.0
148.0
146.0
133.0
153.0
159.0
157.0
155.0
158.0
176.0
133.0
137.0
155.0
165.0
142.0
135.0
475.0
132.0
152.0
156.0
140.0
175.0
147.0
141.0
133.0
136.0
480.0
164.0
462.0
166.0
381.0
427.0
425.0
492.0
486.0
445.0
384.0
426.0
396.0
167.0
151.0
160.0
167.0
171.0
175.0
177.0
159.0
139.0
152.0
198.0
145.0
160.0
375.0
149.0
138.0
161.0
172.0
138.0
137.0
138.0
164.0
159.0
162.0
170.0
155.0
170.0
446.0
140.0
136.0
147.0
135.0
168.0
164.0
171.0
159.0
477.0
158.0
161.0
169.0
160.0
134.0
171.0
141.0
147.0
144.0
153.0
142.0
137.0
141.0
165.0
154.0
131.0
140.0
467.0
144.0
145.0
486.0
148.0
170.0
161.0
140.0
175.0
150.0
132.0
162.0
157.0
435.0
167.0
165.0
149.0
138.0
149.0
150.0
174.0
176.0
168.0
137.0
164.0
162.0
143.0
162.0
169.0
147.0
173.0
414.0
173.0
154.0
160.0
168.0
162.0
150.0
155.0
142.0
145.0
406.0
133.0
454.0
175.0
392.0
480.0
403.0
412.0
371.0
474.0
426.0
427.0
388.0
154.0
131.0
140.0
175.0
152.0
172.0
171.0
147.0
137.0
195.0
165.0
173.0
165.0
415.0
170.0
155.0
163.0
133.0
138.0
171.0
177.0
138.0
167.0
172.0
157.0
155.0
153.0
432.0
143.0
166.0
147.0
146.0
175.0
137.0
130.0
169.0
418.0
154.0
137.0
134.0
159.0
147.0
176.0
134.0
134.0
174.0
150.0
161.0
162.0
145.0
152.0
169.0
148.0
154.0
491.0
142.0
164.0
366.0
175.0
130.0
142.0
162.0
131.0
159.0
177.0
157.0
152.0
405.0
149.0
138.0
142.0
135.0
176.0
147.0
171.0
161.0
141.0
155.0
173.0
150.0
176.0
150.0
158.0
137.0
140.0
364.0
171.0
153.0
134.0
160.0
157.0
149.0
134.0
155.0
130.0
471.0
140.0
369.0
163.0
432.0
470.0
401.0
419.0
408.0
427.0
388.0
425.0
491.0
132.0
136.0
177.0
155.0
159.0
151.0
176.0
142.0
133.0
190.0
190.0
176.0
166.0
405.0
141.0
170.0
137.0
147.0
144.0
143.0
148.0
175.0
177.0
156.0
152.0
177.0
176.0
422.0
148.0
147.0
157.0
138.0
143.0
146.0
134.0
162.0
420.0
131.0
146.0
139.0
168.0
142.0
175.0
147.0
156.0
136.0
144.0
163.0
147.0
171.0
167.0
165.0
145.0
139.0
384.0
152.0
132.0
372.0
162.0
166.0
148.0
150.0
161.0
134.0
171.0
149.0
161.0
417.0
157.0
144.0
140.0
142.0
146.0
133.0
170.0
149.0
147.0
131.0
174.0
149.0
156.0
143.0
162.0
126.0
167.0
372.0
130.0
135.0
154.0
170.0
142.0
138.0
176.0
165.0
141.0
364.0
147.0
373.0
163.0
378.0
475.0
465.0
398.0
443.0
436.0
485.0
449.0
478.0
159.0
169.0
159.0
150.0
169.0
146.0
170.0
151.0
177.0
167.0
189.0
135.0
155.0
376.0
162.0
133.0
171.0
157.0
147.0
166.0
147.0
156.0
134.0
170.0
135.0
141.0
165.0
434.0
162.0
131.0
139.0
152.0
164.0
138.0
155.0
137.0
379.0
139.0
142.0
155.0
170.0
162.0
135.0
162.0
167.0
175.0
161.0
139.0
151.0
171.0
171.0
156.0
148.0
145.0
365.0
145.0
166.0
450.0
172.0
152.0
167.0
172.0
136.0
163.0
147.0
145.0
170.0
465.0
151.0
139.0
149.0
138.0
130.0
146.0
151.0
161.0
155.0
168.0
177.0
157.0
135.0
139.0
176.0
143.0
170.0
386.0
146.0
161.0
132.0
137.0
145.0
167.0
133.0
142.0
153.0
477.0
177.0
375.0
146.0
390.0
409.0
489.0
452.0
482.0
455.0
412.0
418.0
399.0
171.0
139.0
177.0
152.0
163.0
160.0
154.0
135.0
144.0
207.0
159.0
155.0
154.0
470.0
152.0
169.0
150.0
177.0
176.0
171.0
140.0
170.0
157.0
131.0
147.0
137.0
168.0
382.0
138.0
169.0
163.0
136.0
139.0
166.0
173.0
138.0
490.0
166.0
151.0
141.0
132.0
163.0
170.0
169.0
151.0
160.0
172.0
164.0
161.0
176.0
153.0
139.0
120.0
144.0
428.0
145.0
148.0
423.0
141.0
133.0
133.0
161.0
151.0
136.0
160.0
136.0
143.0
366.0
169.0
150.0
143.0
173.0
174.0
140.0
130.0
165.0
140.0
151.0
171.0
145.0
131.0
177.0
148.0
141.0
135.0
426.0
163.0
161.0
131.0
153.0
157.0
156.0
170.0
155.0
156.0
404.0
152.0
466.0
151.0
401.0
489.0
467.0
407.0
454.0
393.0
406.0
416.0
438.0
163.0
168.0
158.0
134.0
159.0
165.0
177.0
168.0
147.0
185.0
205.0
174.0
135.0
448.0
173.0
133.0
139.0
171.0
137.0
168.0
149.0
130.0
170.0
131.0
132.0
136.0
146.0
366.0
136.0
155.0
157.0
160.0
166.0
173.0
165.0
133.0
458.0
158.0
176.0
176.0
144.0
176.0
152.0
144.0
131.0
133.0
145.0
156.0
150.0
159.0
131.0
164.0
118.0
167.0
421.0
130.0
142.0
464.0
164.0
131.0
135.0
133.0
139.0
143.0
155.0
152.0
166.0
450.0
143.0
159.0
165.0
176.0
145.0
176.0
152.0
133.0
136.0
154.0
140.0
148.0
171.0
141.0
175.0
114.0
166.0
459.0
140.0
161.0
163.0
133.0
177.0
152.0
142.0
164.0
155.0
444.0
172.0
450.0
147.0
455.0
395.0
417.0
479.0
443.0
428.0
475.0
422.0
449.0
140.0
142.0
167.0
140.0
144.0
157.0
138.0
161.0
176.0
203.0
177.0
175.0
164.0
386.0
142.0
158.0
170.0
166.0
167.0
157.0
170.0
130.0
173.0
140.0
132.0
132.0
155.0
457.0
170.0
163.0
161.0
150.0
168.0
134.0
148.0
176.0
411.0
168.0
164.0
177.0
163.0
172.0
140.0
142.0
148.0
134.0
155.0
136.0
158.0
170.0
156.0
165.0
113.0
143.0
463.0
148.0
174.0
491.0
167.0
177.0
169.0
147.0
153.0
161.0
162.0
132.0
172.0
446.0
174.0
144.0
173.0
140.0
149.0
153.0
166.0
146.0
170.0
152.0
138.0
135.0
136.0
177.0
137.0
124.0
174.0
419.0
165.0
155.0
151.0
173.0
136.0
175.0
161.0
143.0
172.0
412.0
139.0
428.0
139.0
395.0
437.0
432.0
457.0
486.0
429.0
465.0
484.0
387.0
166.0
156.0
146.0
168.0
149.0
146.0
135.0
171.0
152.0
177.0
184.0
170.0
164.0
462.0
170.0
168.0
168.0
152.0
166.0
146.0
164.0
173.0
158.0
167.0
170.0
131.0
137.0
393.0
168.0
175.0
152.0
175.0
166.0
135.0
143.0
162.0
373.0
139.0
157.0
153.0
144.0
146.0
139.0
151.0
133.0
154.0
147.0
148.0
147.0
150.0
149.0
172.0
114.0
171.0
382.0
133.0
170.0
391.0
163.0
153.0
170.0
144.0
160.0
172.0
165.0
144.0
172.0
386.0
174.0
171.0
160.0
152.0
142.0
175.0
140.0
142.0
137.0
137.0
164.0
133.0
149.0
175.0
169.0
147.0
170.0
483.0
134.0
161.0
155.0
148.0
163.0
146.0
149.0
130.0
148.0
390.0
145.0
436.0
175.0
466.0
403.0
439.0
469.0
411.0
463.0
492.0
409.0
473.0
159.0
157.0
176.0
158.0
152.0
136.0
141.0
158.0
174.0
176.0
168.0
167.0
136.0
432.0
169.0
156.0
165.0
136.0
174.0
175.0
145.0
158.0
162.0
168.0
150.0
150.0
148.0
467.0
140.0
165.0
165.0
147.0
145.0
153.0
158.0
136.0
485.0
141.0
151.0
160.0
168.0
160.0
159.0
139.0
157.0
145.0
147.0
174.0
141.0
152.0
134.0
132.0
112.0
140.0
374.0
146.0
172.0
386.0
173.0
149.0
150.0
139.0
153.0
155.0
172.0
144.0
168.0
491.0
149.0
158.0
141.0
168.0
131.0
149.0
147.0
137.0
171.0
130.0
165.0
142.0
157.0
154.0
162.0
152.0
162.0
400.0
146.0
139.0
132.0
144.0
154.0
165.0
177.0
169.0
174.0
418.0
130.0
365.0
135.0
450.0
384.0
434.0
466.0
372.0
437.0
394.0
443.0
399.0
156.0
140.0
170.0
138.0
142.0
146.0
174.0
130.0
175.0
