I_BRKGA_114_6_25_7_CESP
114 6 25 495.0
35428.5
31854.5
28996.5
30053.5
30287.5
34874.5
30354.5
32828.5
34446.5
30979.5
34918.5
31361.5
33530.5
36178.5
30233.5
30948.5
31562.5
30037.5
32781.5
33716.5
30088.5
35371.5
32370.5
33604.5
29722.5
0.04591409117058567
0.03596451331796638
0.041991626936975196
0.03894523253786593
0.04686189558583797
0.03668825100732523
0.04120731877732505
0.038339737741534805
0.04049534114337977
0.0345498198661473
0.04660937004711277
0.0392222815949609
0.0415730034634226
0.03990030152127193
0.0409812260285944
0.032331332732488845
0.044765956239956606
0.03423735496059835
0.04439845489262507
0.034100140332840555
0.04182547078109567
0.03678457788574129
0.04173242007922994
0.03587116253186049
0.04470911882325712
114.0
121.0
115.0
122.0
124.0
113.0
2557.0
22.0
1261.0
1300.0
67.0
529.0
511.0
1243.0
33.0
532.0
113.0
178.0
47.0
334.0
265.0
398.0
56.0
295.0
524.0
283.0
75.0
252.0
74.0
274.0
28.0
355.0
170.0
793.0
1343.0
589.0
363.0
1093.0
274.0
156.0
808.0
5458.0
5825.0
125.0
160.0
327.0
48.0
27.0
191.0
226.0
190.0
489.0
357.0
74.0
63.0
26.0
123.0
32.0
19.0
168.0
879.0
50.0
120.0
63.0
46.0
167.0
153.0
75.0
152.0
150.0
739.0
35.0
21.0
24.0
32.0
8.0
76.0
276.0
102.0
71.0
84.0
56.0
39.0
88.0
150.0
45.0
25.0
57.0
162.0
163.0
101.0
85.0
138.0
44.0
67.0
1651.0
54.0
54.0
66.0
26.0
155.0
290.0
32.0
277.0
130.0
237.0
82.0
130.0
808.0
225.0
66.0
1203.0
130.0
122.0
70.0
89.0
116.0
19.0
260.0
187.0
483.0
1284.0
36.0
547.0
117.0
177.0
46.0
325.0
262.0
387.0
60.0
309.0
540.0
278.0
74.0
239.0
77.0
275.0
27.0
365.0
173.0
827.0
1294.0
575.0
347.0
1173.0
300.0
148.0
823.0
5289.0
5922.0
131.0
159.0
332.0
51.0
28.0
176.0
218.0
188.0
501.0
363.0
79.0
61.0
25.0
128.0
32.0
18.0
177.0
879.0
53.0
131.0
64.0
44.0
163.0
145.0
73.0
156.0
146.0
789.0
38.0
20.0
24.0
29.0
8.0
70.0
251.0
104.0
70.0
84.0
59.0
41.0
81.0
146.0
49.0
27.0
53.0
161.0
159.0
104.0
82.0
136.0
46.0
61.0
1563.0
55.0
54.0
70.0
26.0
154.0
287.0
31.0
279.0
121.0
244.0
82.0
140.0
778.0
225.0
71.0
1245.0
126.0
116.0
71.0
87.0
116.0
20.0
266.0
195.0
512.0
1251.0
33.0
524.0
109.0
176.0
46.0
332.0
245.0
386.0
56.0
310.0
520.0
295.0
75.0
245.0
76.0
302.0
28.0
361.0
160.0
812.0
1357.0
600.0
336.0
1136.0
289.0
152.0
820.0
5101.0
5539.0
125.0
167.0
332.0
48.0
28.0
183.0
214.0
178.0
495.0
352.0
72.0
67.0
25.0
117.0
30.0
19.0
176.0
832.0
50.0
122.0
66.0
46.0
155.0
148.0
70.0
157.0
139.0
740.0
38.0
19.0
24.0
31.0
8.0
73.0
271.0
102.0
69.0
85.0
54.0
40.0
85.0
147.0
47.0
26.0
55.0
149.0
166.0
102.0
82.0
136.0
44.0
64.0
1566.0
58.0
55.0
67.0
25.0
163.0
275.0
33.0
263.0
127.0
237.0
83.0
135.0
766.0
217.0
69.0
1242.0
126.0
122.0
67.0
88.0
114.0
19.0
254.0
204.0
482.0
1258.0
35.0
516.0
110.0
187.0
48.0
336.0
261.0
373.0
61.0
307.0
537.0
267.0
73.0
232.0
80.0
274.0
28.0
370.0
157.0
771.0
1337.0
582.0
337.0
1112.0
288.0
145.0
854.0
5407.0
5560.0
121.0
169.0
333.0
50.0
28.0
193.0
224.0
182.0
498.0
351.0
74.0
61.0
25.0
123.0
30.0
20.0
176.0
881.0
50.0
123.0
67.0
45.0
164.0
153.0
75.0
163.0
150.0
777.0
38.0
20.0
25.0
32.0
8.0
70.0
257.0
111.0
71.0
87.0
59.0
41.0
85.0
153.0
49.0
26.0
57.0
155.0
170.0
107.0
82.0
138.0
48.0
62.0
1526.0
59.0
56.0
67.0
25.0
158.0
292.0
33.0
267.0
119.0
259.0
82.0
135.0
767.0
216.0
70.0
1197.0
129.0
127.0
71.0
89.0
111.0
19.0
255.0
202.0
500.0
1310.0
33.0
513.0
116.0
184.0
45.0
332.0
259.0
390.0
61.0
297.0
530.0
293.0
70.0
252.0
82.0
280.0
29.0
374.0
163.0
829.0
1345.0
551.0
360.0
1190.0
273.0
156.0
810.0
5204.0
5932.0
121.0
166.0
330.0
49.0
28.0
190.0
219.0
193.0
531.0
356.0
74.0
62.0
27.0
127.0
31.0
19.0
165.0
895.0
53.0
128.0
64.0
42.0
153.0
149.0
74.0
160.0
147.0
789.0
35.0
20.0
24.0
30.0
8.0
73.0
255.0
106.0
70.0
88.0
58.0
38.0
84.0
153.0
45.0
26.0
55.0
148.0
167.0
106.0
80.0
127.0
46.0
64.0
1607.0
58.0
58.0
69.0
25.0
157.0
284.0
32.0
269.0
126.0
256.0
79.0
128.0
832.0
205.0
67.0
1240.0
133.0
125.0
72.0
92.0
114.0
19.0
265.0
189.0
487.0
1264.0
34.0
521.0
119.0
190.0
47.0
323.0
265.0
390.0
55.0
309.0
512.0
274.0
72.0
235.0
75.0
275.0
27.0
368.0
158.0
785.0
1256.0
565.0
359.0
1188.0
272.0
155.0
805.0
5417.0
5480.0
121.0
169.0
303.0
47.0
29.0
180.0
216.0
184.0
529.0
357.0
75.0
67.0
27.0
118.0
31.0
19.0
166.0
848.0
52.0
119.0
67.0
43.0
159.0
141.0
72.0
158.0
151.0
772.0
35.0
21.0
24.0
29.0
8.0
70.0
260.0
113.0
70.0
88.0
56.0
38.0
85.0
145.0
48.0
27.0
53.0
161.0
158.0
102.0
82.0
131.0
48.0
64.0
1560.0
59.0
55.0
71.0
25.0
162.0
282.0
31.0
261.0
127.0
259.0
77.0
132.0
764.0
212.0
68.0
1246.0
123.0
119.0
70.0
85.0
121.0
20.0
263.0
201.0
517.0
1334.0
36.0
535.0
111.0
189.0
46.0
349.0
253.0
400.0
59.0
292.0
545.0
276.0
76.0
235.0
77.0
273.0
27.0
352.0
162.0
812.0
1375.0
578.0
340.0
1116.0
297.0
150.0
848.0
5429.0
5911.0
128.0
167.0
315.0
48.0
27.0
186.0
217.0
189.0
506.0
351.0
79.0
64.0
27.0
117.0
31.0
20.0
174.0
828.0
51.0
125.0
62.0
46.0
161.0
145.0
71.0
162.0
149.0
768.0
38.0
20.0
26.0
31.0
8.0
73.0
275.0
111.0
69.0
84.0
57.0
39.0
88.0
148.0
47.0
27.0
58.0
149.0
160.0
104.0
86.0
136.0
44.0
61.0
1561.0
56.0
57.0
68.0
24.0
166.0
296.0
32.0
266.0
122.0
246.0
83.0
135.0
792.0
207.0
67.0
1219.0
131.0
122.0
73.0
94.0
111.0
20.0
255.0
204.0
490.0
1274.0
34.0
544.0
119.0
179.0
48.0
343.0
264.0
368.0
56.0
290.0
555.0
282.0
74.0
250.0
76.0
276.0
29.0
347.0
159.0
834.0
1257.0
558.0
356.0
1089.0
285.0
156.0
864.0
5013.0
5807.0
131.0
172.0
304.0
49.0
27.0
192.0
218.0
179.0
501.0
357.0
74.0
65.0
27.0
128.0
32.0
19.0
174.0
872.0
49.0
122.0
66.0
43.0
166.0
142.0
74.0
167.0
140.0
763.0
35.0
20.0
26.0
32.0
8.0
75.0
277.0
109.0
72.0
87.0
57.0
38.0
82.0
148.0
47.0
25.0
53.0
152.0
164.0
100.0
81.0
128.0
47.0
63.0
1525.0
55.0
55.0
66.0
26.0
164.0
294.0
30.0
278.0
122.0
260.0
82.0
140.0
778.0
207.0
66.0
1224.0
123.0
120.0
69.0
90.0
116.0
20.0
246.0
199.0
502.0
1248.0
33.0
560.0
117.0
189.0
48.0
326.0
250.0
372.0
61.0
295.0
505.0
287.0
73.0
234.0
80.0
283.0
28.0
367.0
163.0
761.0
1320.0
593.0
354.0
1140.0
274.0
157.0
817.0
5364.0
5607.0
124.0
157.0
316.0
47.0
29.0
186.0
216.0
196.0
498.0
369.0
75.0
64.0
26.0
120.0
32.0
20.0
171.0
877.0
50.0
122.0
61.0
46.0
163.0
140.0
73.0
163.0
141.0
754.0
35.0
21.0
25.0
32.0
8.0
76.0
277.0
108.0
70.0
86.0
58.0
38.0
83.0
154.0
47.0
26.0
58.0
160.0
167.0
108.0
81.0
127.0
48.0
65.0
1654.0
56.0
54.0
71.0
25.0
154.0
295.0
33.0
265.0
119.0
253.0
82.0
139.0
752.0
224.0
68.0
1209.0
122.0
123.0
70.0
90.0
120.0
20.0
248.0
190.0
471.0
1216.0
35.0
535.0
109.0
187.0
47.0
323.0
259.0
399.0
59.0
312.0
507.0
293.0
73.0
246.0
77.0
301.0
27.0
346.0
166.0
789.0
1314.0
595.0
333.0
1191.0
292.0
150.0
835.0
5263.0
5468.0
119.0
167.0
305.0
47.0
28.0
175.0
224.0
192.0
500.0
374.0
76.0
64.0
26.0
125.0
30.0
20.0
165.0
835.0
49.0
118.0
66.0
46.0
167.0
145.0
76.0
159.0
151.0
780.0
37.0
21.0
25.0
32.0
8.0
75.0
276.0
111.0
73.0
91.0
54.0
41.0
88.0
154.0
46.0
27.0
53.0
154.0
174.0
103.0
79.0
126.0
44.0
63.0
1576.0
58.0
54.0
66.0
25.0
157.0
279.0
31.0
279.0
129.0
242.0
79.0
133.0
773.0
215.0
68.0
1213.0
127.0
125.0
66.0
92.0
113.0
19.0
256.0
207.0
468.0
1267.0
35.0
545.0
120.0
182.0
46.0
337.0
270.0
376.0
58.0
309.0
549.0
289.0
76.0
253.0
75.0
277.0
28.0
370.0
172.0
770.0
1344.0
579.0
341.0
1095.0
281.0
159.0
797.0
5119.0
5823.0
126.0
162.0
318.0
48.0
27.0
194.0
209.0
194.0
499.0
349.0
73.0
65.0
27.0
117.0
32.0
19.0
172.0
882.0
51.0
130.0
62.0
46.0
160.0
150.0
69.0
158.0
144.0
795.0
35.0
20.0
25.0
30.0
8.0
69.0
266.0
113.0
69.0
90.0
57.0
41.0
84.0
141.0
48.0
25.0
57.0
154.0
159.0
105.0
81.0
130.0
47.0
64.0
1580.0
59.0
55.0
65.0
24.0
162.0
279.0
33.0
269.0
123.0
252.0
79.0
133.0
778.0
208.0
67.0
1240.0
122.0
122.0
68.0
88.0
111.0
19.0
253.0
193.0
477.0
1252.0
34.0
556.0
117.0
175.0
46.0
318.0
267.0
373.0
60.0
292.0
557.0
267.0
72.0
248.0
77.0
292.0
27.0
371.0
167.0
786.0
1255.0
598.0
338.0
1173.0
277.0
145.0
866.0
5264.0
5509.0
131.0
169.0
309.0
47.0
29.0
184.0
209.0
188.0
518.0
338.0
73.0
67.0
26.0
124.0
31.0
20.0
163.0
903.0
50.0
124.0
66.0
42.0
166.0
142.0
73.0
167.0
153.0
765.0
38.0
20.0
24.0
30.0
8.0
69.0
277.0
110.0
67.0
84.0
57.0
38.0
83.0
141.0
46.0
27.0
56.0
164.0
172.0
101.0
85.0
133.0
46.0
62.0
1538.0
58.0
58.0
68.0
26.0
154.0
286.0
30.0
272.0
127.0
237.0
76.0
130.0
809.0
212.0
70.0
1212.0
124.0
127.0
72.0
88.0
116.0
20.0
270.0
188.0
501.0
1283.0
34.0
518.0
112.0
178.0
44.0
327.0
270.0
385.0
59.0
307.0
536.0
272.0
72.0
237.0
76.0
294.0
28.0
343.0
157.0
786.0
1356.0
578.0
338.0
1085.0
299.0
151.0
847.0
5437.0
5781.0
124.0
161.0
311.0
50.0
27.0
193.0
213.0
182.0
512.0
362.0
79.0
65.0
26.0
120.0
31.0
20.0
177.0
857.0
51.0
129.0
67.0
43.0
151.0
154.0
76.0
162.0
153.0
747.0
35.0
19.0
25.0
32.0
8.0
71.0
274.0
105.0
68.0
85.0
56.0
40.0
86.0
154.0
47.0
27.0
58.0
162.0
168.0
110.0
84.0
130.0
46.0
67.0
1626.0
55.0
55.0
69.0
26.0
151.0
292.0
31.0
283.0
121.0
248.0
82.0
136.0
811.0
214.0
69.0
1252.0
131.0
120.0
67.0
90.0
112.0
19.0
257.0
201.0
496.0
1263.0
35.0
542.0
120.0
187.0
47.0
342.0
262.0
368.0
61.0
307.0
553.0
268.0
69.0
251.0
81.0
279.0
27.0
354.0
168.0
773.0
1326.0
599.0
349.0
1095.0
293.0
153.0
837.0
5368.0
5725.0
125.0
157.0
319.0
48.0
28.0
194.0
204.0
194.0
521.0
349.0
74.0
66.0
25.0
118.0
32.0
20.0
177.0
875.0
51.0
123.0
61.0
46.0
155.0
154.0
74.0
168.0
141.0
739.0
36.0
21.0
26.0
30.0
8.0
76.0
265.0
104.0
74.0
85.0
56.0
41.0
88.0
147.0
48.0
27.0
56.0
157.0
164.0
109.0
81.0
131.0
44.0
66.0
1667.0
56.0
55.0
67.0
24.0
152.0
294.0
31.0
264.0
127.0
238.0
76.0
139.0
768.0
217.0
66.0
1228.0
126.0
122.0
68.0
92.0
120.0
19.0
255.0
193.0
483.0
1314.0
34.0
549.0
113.0
185.0
46.0
320.0
261.0
393.0
60.0
317.0
547.0
270.0
70.0
235.0
82.0
293.0
27.0
339.0
170.0
818.0
1340.0
568.0
358.0
1115.0
273.0
150.0
831.0
5395.0
5519.0
131.0
164.0
323.0
47.0
27.0
187.0
216.0
188.0
502.0
353.0
79.0
63.0
26.0
119.0
33.0
20.0
171.0
834.0
50.0
128.0
64.0
46.0
152.0
152.0
70.0
153.0
144.0
802.0
37.0
21.0
24.0
30.0
8.0
75.0
277.0
110.0
68.0
90.0
58.0
41.0
85.0
144.0
49.0
27.0
57.0
152.0
160.0
105.0
83.0
136.0
44.0
67.0
1628.0
55.0
55.0
64.0
26.0
167.0
291.0
33.0
272.0
125.0
258.0
83.0
137.0
825.0
218.0
69.0
1281.0
129.0
123.0
66.0
86.0
112.0
19.0
265.0
192.0
470.0
1235.0
33.0
560.0
109.0
183.0
48.0
330.0
256.0
399.0
61.0
307.0
544.0
270.0
73.0
249.0
81.0
297.0
29.0
372.0
173.0
806.0
1350.0
598.0
338.0
1182.0
300.0
155.0
836.0
5085.0
5799.0
124.0
164.0
327.0
51.0
28.0
177.0
218.0
189.0
520.0
367.0
74.0
67.0
27.0
119.0
33.0
20.0
177.0
825.0
52.0
124.0
64.0
43.0
156.0
148.0
73.0
153.0
139.0
748.0
38.0
20.0
26.0
32.0
8.0
76.0
255.0
104.0
68.0
91.0
57.0
40.0
85.0
149.0
48.0
25.0
56.0
152.0
174.0
103.0
86.0
127.0
44.0
66.0
1526.0
58.0
59.0
71.0
26.0
167.0
272.0
33.0
279.0
126.0
248.0
80.0
134.0
796.0
207.0
70.0
1200.0
127.0
116.0
67.0
94.0
121.0
18.0
266.0
192.0
504.0
1323.0
34.0
522.0
115.0
175.0
48.0
328.0
253.0
372.0
60.0
306.0
556.0
287.0
73.0
252.0
78.0
298.0
27.0
362.0
173.0
765.0
1356.0
566.0
339.0
1189.0
293.0
145.0
864.0
5145.0
5981.0
122.0
165.0
335.0
51.0
29.0
181.0
213.0
178.0
502.0
373.0
74.0
63.0
26.0
126.0
31.0
20.0
176.0
824.0
50.0
130.0
62.0
44.0
157.0
143.0
72.0
154.0
146.0
798.0
36.0
20.0
24.0
30.0
8.0
70.0
260.0
109.0
70.0
87.0
54.0
38.0
87.0
143.0
45.0
26.0
56.0
156.0
166.0
108.0
80.0
127.0
45.0
66.0
1503.0
56.0
58.0
70.0
26.0
165.0
276.0
32.0
281.0
121.0
249.0
83.0
138.0
830.0
225.0
68.0
1175.0
129.0
120.0
73.0
91.0
112.0
19.0
248.0
205.0
507.0
1249.0
35.0
517.0
110.0
176.0
45.0
331.0
258.0
393.0
58.0
293.0
548.0
277.0
76.0
235.0
79.0
274.0
27.0
372.0
171.0
787.0
1347.0
575.0
332.0
1083.0
297.0
150.0
823.0
5346.0
5788.0
120.0
165.0
306.0
49.0
27.0
181.0
206.0
194.0
508.0
353.0
74.0
63.0
26.0
128.0
31.0
19.0
165.0
865.0
52.0
127.0
66.0
45.0
166.0
154.0
72.0
152.0
141.0
779.0
36.0
21.0
25.0
32.0
8.0
73.0
254.0
107.0
70.0
91.0
55.0
40.0
87.0
148.0
47.0
26.0
55.0
161.0
173.0
108.0
79.0
138.0
44.0
64.0
1582.0
55.0
54.0
70.0
24.0
160.0
278.0
32.0
281.0
123.0
242.0
79.0
140.0
832.0
215.0
65.0
1221.0
131.0
125.0
72.0
88.0
113.0
19.0
265.0
187.0
495.0
1306.0
36.0
531.0
109.0
184.0
45.0
317.0
262.0
365.0
59.0
316.0
521.0
276.0
71.0
234.0
76.0
288.0
29.0
349.0
171.0
767.0
1289.0
570.0
355.0
1088.0
297.0
144.0
850.0
5134.0
5909.0
130.0
171.0
334.0
49.0
28.0
176.0
214.0
182.0
507.0
361.0
72.0
66.0
27.0
119.0
33.0
20.0
167.0
854.0
51.0
128.0
63.0
44.0
162.0
154.0
69.0
159.0
150.0
772.0
37.0
21.0
24.0
32.0
8.0
70.0
275.0
109.0
72.0
88.0
57.0
41.0
88.0
143.0
45.0
25.0
57.0
162.0
171.0
107.0
85.0
131.0
45.0
66.0
1627.0
54.0
58.0
69.0
24.0
161.0
285.0
32.0
262.0
130.0
249.0
78.0
138.0
795.0
207.0
64.0
1232.0
124.0
123.0
73.0
86.0
121.0
19.0
248.0
194.0
514.0
1292.0
33.0
524.0
117.0
190.0
47.0
323.0
259.0
373.0
58.0
310.0
544.0
282.0
72.0
247.0
81.0
274.0
29.0
359.0
170.0
782.0
1306.0
563.0
359.0
1178.0
286.0
151.0
854.0
5442.0
5676.0
119.0
170.0
322.0
47.0
28.0
177.0
226.0
188.0
504.0
364.0
76.0
63.0
26.0
122.0
33.0
19.0
165.0
858.0
50.0
129.0
61.0
44.0
167.0
149.0
73.0
162.0
144.0
777.0
36.0
21.0
26.0
29.0
8.0
72.0
261.0
110.0
68.0
90.0
57.0
39.0
87.0
149.0
46.0
26.0
53.0
155.0
170.0
104.0
80.0
138.0
44.0
67.0
1583.0
54.0
55.0
66.0
24.0
167.0
292.0
31.0
283.0
129.0
251.0
76.0
138.0
770.0
216.0
65.0
1207.0
122.0
120.0
67.0
87.0
121.0
19.0
267.0
188.0
490.0
1278.0
34.0
514.0
111.0
177.0
44.0
328.0
263.0
371.0
57.0
303.0
538.0
293.0
71.0
249.0
82.0
287.0
28.0
361.0
159.0
765.0
1256.0
600.0
352.0
1101.0
298.0
152.0
803.0
5400.0
5485.0
120.0
173.0
331.0
48.0
28.0
185.0
206.0
183.0
530.0
349.0
75.0
62.0
27.0
125.0
33.0
20.0
176.0
846.0
48.0
125.0
63.0
45.0
163.0
151.0
70.0
164.0
149.0
788.0
36.0
21.0
26.0
31.0
8.0
70.0
263.0
110.0
71.0
84.0
56.0
41.0
88.0
151.0
48.0
26.0
55.0
159.0
163.0
103.0
80.0
138.0
48.0
62.0
1620.0
56.0
54.0
67.0
26.0
161.0
295.0
33.0
261.0
118.0
246.0
81.0
138.0
830.0
220.0
67.0
1216.0
129.0
127.0
67.0
93.0
122.0
18.0
258.0
198.0
495.0
1351.0
33.0
553.0
112.0
191.0
44.0
343.0
266.0
382.0
61.0
314.0
521.0
281.0
69.0
250.0
76.0
286.0
27.0
348.0
168.0
779.0
1297.0
563.0
344.0
1088.0
277.0
153.0
842.0
5433.0
5489.0
129.0
163.0
316.0
49.0
29.0
184.0
210.0
188.0
518.0
368.0
72.0
61.0
27.0
117.0
33.0
19.0
174.0
864.0
49.0
125.0
67.0
45.0
154.0
149.0
74.0
161.0
150.0
787.0
36.0
20.0
26.0
30.0
8.0
72.0
255.0
105.0
71.0
88.0
56.0
39.0
82.0
149.0
48.0
25.0
55.0
163.0
174.0
111.0
86.0
127.0
45.0
64.0
1655.0
57.0
56.0
68.0
25.0
151.0
288.0
32.0
264.0
119.0
252.0
76.0
129.0
794.0
220.0
66.0
1245.0
124.0
116.0
70.0
92.0
115.0
19.0
269.0
199.0
468.0
1258.0
35.0
560.0
113.0
177.0
46.0
335.0
254.0
364.0
60.0
319.0
519.0
289.0
72.0
246.0
79.0
290.0
27.0
371.0
173.0
826.0
1337.0
583.0
363.0
1115.0
277.0
159.0
791.0
5211.0
5570.0
131.0
162.0
319.0
50.0
27.0
180.0
226.0
194.0
495.0
359.0
73.0
61.0
27.0
127.0
31.0
19.0
175.0
848.0
48.0
129.0
63.0
46.0
163.0
147.0
75.0
168.0
144.0
798.0
35.0
20.0
26.0
31.0
8.0
72.0
261.0
111.0
69.0
86.0
54.0
41.0
86.0
145.0
46.0
27.0
55.0
149.0
166.0
103.0
82.0
134.0
46.0
63.0
1640.0
56.0
56.0
69.0
25.0
161.0
277.0
32.0
266.0
127.0
244.0
82.0
135.0
782.0
206.0
71.0
1179.0
123.0
115.0
70.0
92.0
113.0
19.0
251.0
196.0
473.0
1325.0
34.0
523.0
112.0
181.0
48.0
326.0
251.0
377.0
57.0
289.0
542.0
267.0
71.0
243.0
81.0
280.0
28.0
359.0
172.0
778.0
1297.0
591.0
334.0
1198.0
277.0
149.0
796.0
5438.0
5686.0
118.0
171.0
311.0
50.0
27.0
188.0
210.0
187.0
513.0
370.0
78.0
63.0
26.0
121.0
32.0
20.0
163.0
822.0
50.0
123.0
65.0
44.0
156.0
151.0
72.0
155.0
142.0
727.0
35.0
19.0
26.0
31.0
8.0
73.0
270.0
105.0
71.0
83.0
59.0
41.0
84.0
154.0
48.0
26.0
56.0
157.0
171.0
110.0
79.0
137.0
45.0
67.0
1513.0
54.0
58.0
65.0
24.0
157.0
294.0
32.0
281.0
121.0
257.0
80.0
141.0
752.0
221.0
65.0
1264.0
123.0
127.0
68.0
89.0
118.0
19.0
255.0
200.0
473.0
1293.0
34.0
517.0
112.0
191.0
45.0
331.0
266.0
396.0
57.0
299.0
547.0
293.0
74.0
235.0
79.0
273.0
28.0
355.0
163.0
771.0
1271.0
572.0
355.0
1133.0
301.0
144.0
792.0
4988.0
5841.0
119.0
171.0
306.0
49.0
27.0
194.0
224.0
195.0
502.0
345.0
79.0
67.0
26.0
117.0
32.0
19.0
179.0
836.0
51.0
120.0
65.0
44.0
166.0
153.0
70.0
153.0
147.0
735.0
38.0
21.0
26.0
32.0
8.0
76.0
257.0
109.0
71.0
84.0
57.0
39.0
82.0
149.0
45.0
25.0
55.0
148.0
173.0
109.0
86.0
129.0
47.0
64.0
1589.0
56.0
58.0
66.0
25.0
161.0
290.0
32.0
261.0
128.0
234.0
79.0
131.0
766.0
212.0
65.0
1189.0
128.0
126.0
68.0
85.0
116.0
20.0
263.0
189.0
162.0
169.0
140.0
146.0
473.0
136.0
166.0
132.0
133.0
165.0
130.0
153.0
141.0
138.0
165.0
165.0
170.0
149.0
386.0
174.0
166.0
136.0
143.0
165.0
147.0
150.0
135.0
400.0
174.0
143.0
161.0
134.0
169.0
167.0
165.0
158.0
133.0
140.0
161.0
139.0
136.0
173.0
175.0
146.0
164.0
407.0
156.0
176.0
409.0
153.0
156.0
171.0
168.0
140.0
138.0
172.0
153.0
148.0
395.0
151.0
165.0
143.0
136.0
138.0
153.0
130.0
145.0
133.0
151.0
133.0
170.0
141.0
137.0
172.0
124.0
169.0
437.0
172.0
134.0
137.0
159.0
149.0
140.0
173.0
137.0
139.0
487.0
144.0
457.0
170.0
465.0
393.0
472.0
379.0
441.0
375.0
470.0
468.0
417.0
160.0
149.0
176.0
153.0
172.0
154.0
157.0
135.0
149.0
201.0
193.0
135.0
131.0
473.0
136.0
177.0
136.0
175.0
155.0
147.0
172.0
151.0
134.0
167.0
130.0
171.0
140.0
416.0
143.0
135.0
133.0
131.0
154.0
172.0
167.0
144.0
463.0
143.0
141.0
144.0
144.0
175.0
175.0
170.0
139.0
132.0
140.0
174.0
168.0
132.0
162.0
149.0
128.0
177.0
369.0
171.0
170.0
469.0
159.0
175.0
176.0
160.0
160.0
133.0
176.0
162.0
165.0
475.0
137.0
156.0
142.0
176.0
168.0
150.0
167.0
138.0
174.0
143.0
152.0
157.0
138.0
142.0
169.0
138.0
137.0
472.0
138.0
152.0
139.0
135.0
171.0
176.0
173.0
171.0
176.0
434.0
139.0
456.0
140.0
492.0
476.0
462.0
468.0
457.0
435.0
457.0
394.0
369.0
174.0
131.0
165.0
142.0
143.0
162.0
165.0
151.0
170.0
198.0
160.0
136.0
165.0
381.0
162.0
172.0
137.0
167.0
132.0
173.0
130.0
144.0
153.0
173.0
173.0
167.0
165.0
475.0
140.0
137.0
175.0
159.0
131.0
145.0
164.0
147.0
454.0
176.0
152.0
142.0
144.0
157.0
161.0
166.0
139.0
145.0
168.0
176.0
169.0
135.0
130.0
145.0
140.0
154.0
443.0
160.0
147.0
425.0
148.0
163.0
149.0
146.0
130.0
161.0
136.0
138.0
166.0
448.0
145.0
157.0
136.0
172.0
143.0
160.0
145.0
175.0
175.0
153.0
168.0
166.0
175.0
162.0
131.0
150.0
164.0
400.0
131.0
138.0
136.0
165.0
140.0
174.0
148.0
151.0
159.0
459.0
169.0
465.0
158.0
422.0
386.0
375.0
467.0
478.0
395.0
482.0
392.0
394.0
133.0
140.0
168.0
141.0
141.0
160.0
134.0
136.0
157.0
202.0
180.0
169.0
162.0
486.0
164.0
167.0
170.0
152.0
176.0
156.0
144.0
168.0
136.0
132.0
138.0
153.0
135.0
447.0
137.0
166.0
173.0
147.0
170.0
176.0
143.0
136.0
461.0
165.0
167.0
171.0
155.0
136.0
171.0
152.0
173.0
134.0
138.0
146.0
164.0
151.0
132.0
142.0
113.0
163.0
399.0
171.0
171.0
421.0
140.0
170.0
140.0
150.0
134.0
158.0
168.0
154.0
168.0
394.0
168.0
164.0
177.0
173.0
151.0
157.0
166.0
171.0
168.0
140.0
148.0
170.0
175.0
172.0
144.0
136.0
159.0
490.0
161.0
171.0
145.0
155.0
153.0
160.0
164.0
144.0
147.0
495.0
142.0
371.0
175.0
453.0
464.0
413.0
466.0
387.0
423.0
481.0
417.0
485.0
148.0
158.0
152.0
176.0
142.0
172.0
153.0
148.0
156.0
174.0
176.0
164.0
168.0
444.0
142.0
130.0
168.0
134.0
135.0
162.0
142.0
164.0
173.0
139.0
163.0
134.0
136.0
484.0
172.0
139.0
153.0
175.0
144.0
130.0
165.0
137.0
491.0
157.0
154.0
157.0
177.0
150.0
134.0
135.0
157.0
132.0
160.0
175.0
137.0
142.0
140.0
135.0
125.0
161.0
416.0
147.0
142.0
481.0
163.0
134.0
175.0
138.0
168.0
177.0
166.0
134.0
146.0
457.0
164.0
139.0
134.0
164.0
155.0
146.0
140.0
132.0
164.0
176.0
148.0
169.0
173.0
138.0
168.0
129.0
140.0
412.0
149.0
177.0
151.0
175.0
162.0
159.0
156.0
153.0
136.0
371.0
144.0
439.0
136.0
407.0
402.0
443.0
444.0
384.0
364.0
447.0
395.0
386.0
173.0
161.0
153.0
160.0
147.0
151.0
135.0
159.0
162.0
156.0
202.0
143.0
149.0
447.0
153.0
158.0
132.0
133.0
130.0
151.0
149.0
156.0
148.0
140.0
149.0
149.0
172.0
406.0
143.0
142.0
143.0
175.0
139.0
163.0
138.0
143.0
465.0
143.0
141.0
173.0
144.0
169.0
164.0
139.0
136.0
177.0
158.0
164.0
133.0
141.0
150.0
176.0
133.0
168.0
451.0
150.0
151.0
400.0
177.0
131.0
176.0
170.0
170.0
132.0
162.0
145.0
153.0
475.0
136.0
157.0
170.0
130.0
141.0
130.0
145.0
164.0
146.0
171.0
144.0
149.0
142.0
140.0
166.0
125.0
161.0
364.0
155.0
135.0
144.0
142.0
173.0
164.0
146.0
133.0
165.0
428.0
154.0
455.0
141.0
484.0
489.0
415.0
374.0
410.0
367.0
414.0
429.0
375.0
139.0
147.0
154.0
140.0
134.0
140.0
149.0
144.0
143.0
159.0
173.0
169.0
135.0
365.0
152.0
167.0
173.0
174.0
162.0
136.0
151.0
140.0
161.0
168.0
133.0
137.0
142.0
422.0
148.0
158.0
143.0
137.0
136.0
172.0
154.0
131.0
447.0
169.0
161.0
133.0
130.0
158.0
135.0
168.0
131.0
136.0
132.0
168.0
150.0
175.0
140.0
165.0
142.0
163.0
395.0
172.0
146.0
475.0
162.0
134.0
172.0
142.0
156.0
158.0
159.0
161.0
168.0
409.0
145.0
141.0
149.0
152.0
151.0
160.0
134.0
143.0
133.0
148.0
145.0
174.0
154.0
157.0
151.0
128.0
130.0
471.0
156.0
168.0
157.0
154.0
147.0
163.0
171.0
147.0
131.0
398.0
171.0
480.0
167.0
450.0
460.0
439.0
365.0
408.0
493.0
435.0
466.0
452.0
169.0
132.0
136.0
177.0
153.0
144.0
168.0
167.0
167.0
164.0
202.0
171.0
138.0
402.0
173.0
157.0
137.0
154.0
169.0
148.0
166.0
130.0
159.0
158.0
150.0
137.0
131.0
457.0
154.0
176.0
157.0
175.0
144.0
137.0
139.0
175.0
389.0
135.0
170.0
146.0
154.0
173.0
142.0
139.0
175.0
172.0
141.0
137.0
169.0
141.0
153.0
173.0
132.0
133.0
492.0
144.0
159.0
461.0
130.0
138.0
141.0
139.0
157.0
173.0
158.0
164.0
173.0
371.0
162.0
161.0
133.0
162.0
140.0
155.0
175.0
134.0
176.0
165.0
146.0
147.0
132.0
139.0
153.0
143.0
153.0
487.0
168.0
162.0
135.0
171.0
140.0
133.0
152.0
148.0
148.0
412.0
171.0
386.0
138.0
395.0
375.0
445.0
445.0
474.0
402.0
435.0
426.0
407.0
143.0
146.0
134.0
170.0
168.0
157.0
143.0
136.0
131.0
186.0
162.0
162.0
172.0
375.0
156.0
171.0
150.0
175.0
172.0
157.0
172.0
153.0
135.0
143.0
146.0
172.0
135.0
432.0
148.0
162.0
141.0
148.0
161.0
155.0
133.0
140.0
456.0
141.0
170.0
166.0
135.0
153.0
176.0
158.0
135.0
143.0
139.0
149.0
176.0
164.0
176.0
149.0
113.0
156.0
470.0
138.0
130.0
484.0
151.0
148.0
131.0
132.0
148.0
165.0
152.0
166.0
142.0
417.0
165.0
135.0
162.0
138.0
144.0
161.0
165.0
144.0
162.0
174.0
151.0
135.0
148.0
145.0
151.0
139.0
172.0
412.0
143.0
146.0
131.0
177.0
153.0
148.0
152.0
156.0
156.0
381.0
149.0
413.0
171.0
486.0
375.0
421.0
416.0
372.0
414.0
383.0
423.0
438.0
138.0
147.0
152.0
149.0
139.0
149.0
161.0
147.0
137.0
178.0
154.0
177.0
153.0
431.0
175.0
174.0
156.0
132.0
164.0
174.0
143.0
172.0
137.0
136.0
174.0
131.0
161.0
424.0
141.0
143.0
142.0
147.0
156.0
134.0
138.0
170.0
488.0
175.0
149.0
130.0
148.0
131.0
176.0
147.0
152.0
142.0
139.0
146.0
148.0
165.0
170.0
143.0
143.0
144.0
376.0
153.0
135.0
436.0
168.0
134.0
155.0
172.0
144.0
134.0
131.0
133.0
171.0
433.0
174.0
153.0
158.0
172.0
166.0
143.0
138.0
175.0
166.0
161.0
171.0
174.0
135.0
149.0
168.0
132.0
142.0
405.0
144.0
172.0
134.0
171.0
168.0
158.0
158.0
158.0
153.0
479.0
164.0
490.0
136.0
405.0
372.0
430.0
389.0
404.0
480.0
464.0
448.0
482.0
161.0
136.0
167.0
152.0
167.0
162.0
132.0
144.0
158.0
191.0
192.0
176.0
155.0
393.0
172.0
173.0
139.0
137.0
145.0
172.0
153.0
150.0
154.0
135.0
156.0
158.0
169.0
492.0
155.0
156.0
133.0
139.0
166.0
144.0
166.0
146.0
374.0
146.0
152.0
135.0
170.0
153.0
148.0
142.0
144.0
159.0
150.0
149.0
139.0
160.0
155.0
157.0
144.0
151.0
417.0
136.0
166.0
471.0
162.0
138.0
152.0
158.0
161.0
176.0
165.0
145.0
143.0
477.0
135.0
157.0
136.0
144.0
135.0
144.0
144.0
158.0
132.0
177.0
162.0
143.0
153.0
169.0
132.0
151.0
146.0
429.0
167.0
141.0
175.0
175.0
140.0
133.0
140.0
175.0
172.0
473.0
136.0
381.0
145.0
442.0
389.0
401.0
378.0
427.0
400.0
448.0
379.0
407.0
135.0
160.0
155.0
170.0
164.0
149.0
160.0
175.0
175.0
206.0
207.0
138.0
135.0
465.0
131.0
131.0
171.0
136.0
144.0
132.0
134.0
165.0
137.0
158.0
159.0
148.0
138.0
478.0
169.0
138.0
131.0
162.0
140.0
145.0
146.0
163.0
367.0
144.0
165.0
156.0
147.0
146.0
151.0
170.0
162.0
147.0
154.0
173.0
168.0
144.0
143.0
172.0
120.0
156.0
379.0
162.0
149.0
363.0
162.0
150.0
158.0
175.0
149.0
174.0
146.0
164.0
163.0
378.0
171.0
173.0
145.0
141.0
173.0
154.0
157.0
161.0
145.0
146.0
167.0
142.0
154.0
161.0
168.0
151.0
142.0
434.0
149.0
165.0
140.0
171.0
142.0
141.0
158.0
165.0
164.0
459.0
152.0
440.0
141.0
399.0
471.0
418.0
423.0
382.0
416.0
372.0
423.0
454.0
168.0
141.0
146.0
162.0
147.0
159.0
143.0
147.0
131.0
189.0
195.0
132.0
176.0
430.0
161.0
166.0
164.0
146.0
141.0
150.0
145.0
133.0
144.0
157.0
143.0
134.0
146.0
418.0
171.0
157.0
163.0
135.0
160.0
160.0
173.0
132.0
417.0
137.0
144.0
133.0
132.0
132.0
152.0
150.0
163.0
157.0
154.0
136.0
159.0
167.0
167.0
144.0
119.0
132.0
480.0
171.0
146.0
428.0
172.0
152.0
144.0
169.0
137.0
145.0
130.0
158.0
138.0
480.0
136.0
133.0
149.0
137.0
148.0
144.0
171.0
160.0
147.0
135.0
134.0
150.0
147.0
160.0
161.0
147.0
162.0
401.0
144.0
167.0
154.0
171.0
162.0
141.0
155.0
139.0
164.0
409.0
149.0
472.0
160.0
431.0
393.0
393.0
477.0
376.0
419.0
474.0
406.0
452.0
157.0
169.0
136.0
173.0
148.0
148.0
141.0
137.0
157.0
201.0
153.0
176.0
155.0
404.0
156.0
155.0
173.0
168.0
136.0
134.0
156.0
132.0
145.0
151.0
151.0
174.0
154.0
376.0
163.0
133.0
175.0
174.0
147.0
149.0
156.0
148.0
373.0
154.0
172.0
174.0
153.0
147.0
147.0
152.0
136.0
137.0
156.0
140.0
137.0
174.0
165.0
156.0
113.0
138.0
443.0
159.0
144.0
380.0
152.0
143.0
157.0
164.0
149.0
159.0
134.0
164.0
146.0
420.0
165.0
130.0
163.0
134.0
167.0
138.0
152.0
170.0
167.0
136.0
160.0
156.0
135.0
139.0
144.0
119.0
141.0
462.0
176.0
160.0
170.0
163.0
175.0
131.0
136.0
139.0
159.0
482.0
131.0
395.0
139.0
454.0
394.0
423.0
395.0
475.0
391.0
460.0
473.0
442.0
158.0
167.0
151.0
156.0
154.0
172.0
164.0
138.0
131.0
156.0
198.0
139.0
156.0
467.0
131.0
140.0
172.0
163.0
160.0
145.0
144.0
138.0
150.0
137.0
170.0
151.0
149.0
374.0
169.0
173.0
144.0
147.0
175.0
162.0
135.0
133.0
466.0
141.0
170.0
159.0
154.0
155.0
139.0
136.0
176.0
130.0
151.0
159.0
157.0
163.0
147.0
176.0
137.0
168.0
453.0
151.0
133.0
469.0
137.0
157.0
162.0
140.0
163.0
142.0
148.0
160.0
131.0
396.0
169.0
163.0
146.0
176.0
174.0
175.0
159.0
175.0
158.0
167.0
148.0
131.0
175.0
131.0
149.0
147.0
131.0
471.0
164.0
134.0
142.0
171.0
141.0
142.0
160.0
131.0
165.0
379.0
145.0
379.0
160.0
465.0
473.0
392.0
401.0
389.0
408.0
465.0
479.0
489.0
159.0
159.0
139.0
158.0
157.0
143.0
165.0
137.0
164.0
181.0
166.0
168.0
158.0
463.0
135.0
158.0
136.0
131.0
161.0
167.0
172.0
152.0
140.0
134.0
175.0
155.0
137.0
372.0
150.0
149.0
165.0
155.0
162.0
147.0
143.0
138.0
438.0
135.0
159.0
148.0
169.0
136.0
159.0
167.0
165.0
164.0
160.0
168.0
177.0
145.0
138.0
148.0
138.0
138.0
447.0
163.0
139.0
419.0
149.0
155.0
144.0
151.0
168.0
154.0
163.0
153.0
166.0
432.0
150.0
150.0
142.0
171.0
138.0
135.0
162.0
130.0
162.0
147.0
168.0
136.0
139.0
168.0
133.0
138.0
151.0
376.0
139.0
154.0
138.0
133.0
152.0
170.0
142.0
132.0
141.0
412.0
161.0
415.0
148.0
447.0
460.0
452.0
449.0
484.0
373.0
408.0
432.0
420.0
153.0
171.0
161.0
135.0
159.0
153.0
137.0
137.0
137.0
203.0
168.0
133.0
169.0
390.0
145.0
132.0
155.0
136.0
158.0
157.0
145.0
163.0
138.0
176.0
133.0
141.0
148.0
376.0
134.0
156.0
143.0
147.0
132.0
152.0
175.0
173.0
477.0
159.0
174.0
157.0
149.0
141.0
146.0
168.0
144.0
155.0
149.0
132.0
139.0
161.0
157.0
169.0
115.0
152.0
404.0
168.0
161.0
439.0
148.0
157.0
170.0
152.0
173.0
163.0
176.0
153.0
131.0
443.0
133.0
137.0
151.0
132.0
152.0
176.0
152.0
149.0
161.0
174.0
148.0
131.0
167.0
177.0
166.0
125.0
163.0
432.0
171.0
150.0
140.0
159.0
160.0
145.0
168.0
137.0
175.0
391.0
140.0
472.0
151.0
414.0
439.0
481.0
491.0
414.0
494.0
444.0
405.0
491.0
162.0
163.0
171.0
161.0
137.0
133.0
154.0
136.0
135.0
194.0
185.0
153.0
165.0
487.0
136.0
151.0
132.0
144.0
144.0
170.0
130.0
134.0
176.0
173.0
170.0
170.0
174.0
418.0
165.0
151.0
169.0
150.0
161.0
176.0
144.0
153.0
405.0
167.0
160.0
145.0
138.0
147.0
163.0
143.0
142.0
137.0
152.0
153.0
177.0
153.0
134.0
177.0
133.0
177.0
394.0
157.0
136.0
428.0
156.0
139.0
151.0
172.0
176.0
164.0
138.0
171.0
158.0
372.0
135.0
140.0
140.0
147.0
154.0
137.0
161.0
176.0
158.0
134.0
165.0
160.0
143.0
151.0
143.0
141.0
166.0
435.0
152.0
166.0
145.0
131.0
163.0
144.0
155.0
169.0
162.0
383.0
170.0
471.0
133.0
409.0
370.0
481.0
419.0
419.0
396.0
469.0
489.0
485.0
142.0
138.0
145.0
133.0
154.0
148.0
161.0
138.0
139.0
174.0
175.0
137.0
163.0
454.0
163.0
140.0
174.0
166.0
150.0
158.0
137.0
170.0
134.0
173.0
135.0
136.0
140.0
433.0
167.0
138.0
172.0
175.0
132.0
158.0
156.0
140.0
494.0
141.0
152.0
164.0
162.0
133.0
177.0
177.0
165.0
131.0
131.0
151.0
170.0
138.0
137.0
169.0
120.0
172.0
491.0
143.0
151.0
396.0
140.0
175.0
157.0
156.0
146.0
161.0
130.0
163.0
161.0
368.0
157.0
176.0
140.0
145.0
139.0
143.0
137.0
148.0
172.0
137.0
137.0
173.0
157.0
168.0
130.0
145.0
154.0
363.0
161.0
138.0
142.0
174.0
148.0
152.0
176.0
130.0
157.0
441.0
135.0
391.0
147.0
402.0
409.0
473.0
428.0
466.0
442.0
389.0
449.0
440.0
143.0
134.0
145.0
140.0
139.0
174.0
134.0
175.0
166.0
191.0
185.0
167.0
155.0
418.0
174.0
157.0
174.0
155.0
176.0
163.0
131.0
154.0
171.0
171.0
157.0
161.0
166.0
367.0
149.0
165.0
167.0
140.0
161.0
176.0
144.0
172.0
422.0
160.0
143.0
148.0
161.0
140.0
149.0
136.0
167.0
170.0
176.0
172.0
170.0
152.0
173.0
151.0
112.0
174.0
422.0
176.0
144.0
384.0
135.0
150.0
160.0
170.0
140.0
160.0
177.0
148.0
139.0
460.0
152.0
134.0
131.0
143.0
157.0
167.0
168.0
139.0
174.0
155.0
147.0
146.0
142.0
164.0
150.0
121.0
154.0
371.0
147.0
155.0
141.0
138.0
176.0
130.0
153.0
166.0
164.0
386.0
148.0
445.0
140.0
363.0
442.0
470.0
372.0
374.0
430.0
483.0
394.0
412.0
176.0
140.0
155.0
150.0
165.0
133.0
133.0
156.0
138.0
206.0
185.0
146.0
155.0
487.0
132.0
165.0
141.0
143.0
177.0
149.0
167.0
176.0
150.0
167.0
135.0
131.0
143.0
471.0
163.0
162.0
167.0
159.0
170.0
146.0
138.0
160.0
442.0
148.0
162.0
147.0
148.0
156.0
157.0
153.0
154.0
151.0
176.0
175.0
174.0
135.0
152.0
150.0
144.0
177.0
443.0
141.0
130.0
476.0
150.0
148.0
154.0
132.0
171.0
169.0
138.0
149.0
133.0
436.0
162.0
175.0
134.0
147.0
141.0
166.0
132.0
153.0
155.0
161.0
137.0
149.0
140.0
133.0
176.0
120.0
154.0
472.0
175.0
170.0
172.0
161.0
173.0
168.0
139.0
131.0
131.0
366.0
133.0
384.0
171.0
399.0
385.0
472.0
374.0
385.0
391.0
482.0
474.0
457.0
161.0
166.0
153.0
163.0
133.0
150.0
161.0
167.0
135.0
175.0
202.0
166.0
159.0
401.0
159.0
156.0
159.0
134.0
166.0
164.0
171.0
174.0
172.0
159.0
146.0
175.0
176.0
463.0
131.0
174.0
157.0
155.0
155.0
157.0
141.0
157.0
452.0
136.0
163.0
156.0
171.0
169.0
172.0
133.0
138.0
147.0
161.0
167.0
136.0
149.0
144.0
136.0
150.0
174.0
473.0
150.0
145.0
441.0
153.0
160.0
146.0
165.0
155.0
163.0
137.0
162.0
165.0
376.0
134.0
139.0
133.0
160.0
168.0
156.0
138.0
130.0
146.0
156.0
138.0
159.0
144.0
134.0
143.0
135.0
155.0
420.0
161.0
170.0
176.0
154.0
158.0
135.0
158.0
148.0
149.0
437.0
157.0
465.0
141.0
369.0
374.0
467.0
408.0
369.0
427.0
464.0
436.0
404.0
160.0
174.0
132.0
152.0
161.0
153.0
161.0
156.0
150.0
162.0
168.0
160.0
156.0
408.0
137.0
161.0
167.0
150.0
131.0
149.0
166.0
176.0
157.0
134.0
175.0
164.0
154.0
369.0
169.0
157.0
139.0
153.0
130.0
136.0
169.0
144.0
437.0
157.0
152.0
142.0
168.0
156.0
150.0
148.0
156.0
167.0
168.0
138.0
139.0
139.0
141.0
162.0
128.0
134.0
375.0
137.0
140.0
446.0
163.0
149.0
171.0
146.0
148.0
135.0
156.0
163.0
146.0
479.0
172.0
177.0
154.0
161.0
130.0
177.0
145.0
169.0
153.0
173.0
164.0
137.0
142.0
131.0
159.0
124.0
156.0
468.0
145.0
161.0
152.0
141.0
176.0
162.0
155.0
175.0
147.0
367.0
150.0
415.0
157.0
378.0
481.0
444.0
393.0
484.0
408.0
379.0
440.0
384.0
161.0
154.0
147.0
137.0
142.0
161.0
144.0
176.0
157.0
159.0
197.0
169.0
138.0
448.0
138.0
154.0
150.0
136.0
132.0
164.0
155.0
150.0
152.0
143.0
175.0
159.0
153.0
445.0
168.0
136.0
173.0
143.0
173.0
143.0
143.0
173.0
388.0
146.0
161.0
148.0
168.0
154.0
171.0
172.0
145.0
163.0
156.0
170.0
159.0
161.0
168.0
155.0
126.0
165.0
449.0
145.0
145.0
476.0
143.0
133.0
174.0
130.0
173.0
133.0
153.0
137.0
173.0
457.0
151.0
145.0
142.0
157.0
148.0
143.0
150.0
153.0
148.0
136.0
165.0
145.0
149.0
162.0
145.0
112.0
163.0
407.0
140.0
138.0
130.0
136.0
157.0
153.0
153.0
170.0
170.0
454.0
165.0
439.0
146.0
451.0
457.0
481.0
421.0
380.0
372.0
468.0
455.0
476.0
175.0
177.0
149.0
152.0
138.0
130.0
144.0
137.0
154.0
181.0
180.0
175.0
149.0
420.0
134.0
152.0
148.0
138.0
153.0
170.0
174.0
168.0
134.0
175.0
160.0
173.0
143.0
437.0
174.0
166.0
132.0
138.0
159.0
166.0
132.0
176.0
367.0
148.0
140.0
160.0
159.0
137.0
175.0
145.0
140.0
144.0
131.0
133.0
145.0
134.0
169.0
134.0
112.0
136.0
477.0
135.0
161.0
482.0
142.0
154.0
139.0
158.0
166.0
167.0
162.0
169.0
169.0
372.0
164.0
166.0
142.0
139.0
156.0
131.0
169.0
165.0
138.0
131.0
174.0
141.0
160.0
163.0
170.0
116.0
151.0
392.0
148.0
147.0
170.0
150.0
132.0
132.0
132.0
156.0
169.0
428.0
177.0
435.0
145.0
455.0
408.0
439.0
481.0
475.0
404.0
371.0
487.0
462.0
168.0
175.0
149.0
177.0
135.0
146.0
147.0
174.0
175.0
