I_BRKGA_178_6_30_8_CESP
178 6 30 495.0
55958.5
58200.5
58852.5
55603.5
58187.5
59362.5
54922.5
61779.5
56974.5
59286.5
56854.5
59154.5
59070.5
54758.5
55696.5
55916.5
61021.5
58992.5
57972.5
60192.5
60042.5
61869.5
60222.5
61467.5
64153.5
59536.5
58486.5
61718.5
58816.5
62529.5
0.035410410940072815
0.027357071866906713
0.03970262570847111
0.03134872686760328
0.03391841979880006
0.02710399924373408
0.03527991342628906
0.03276554431111133
0.03790016241183172
0.031103946533671212
0.03496739397709792
0.02854396765058614
0.039092303448539076
0.03317319495689787
0.036018742612600026
0.03285252906766646
0.0383891439815428
0.030999445145872644
0.03636235150438461
0.03091663002391711
0.039594057227336395
0.02898081569621806
0.0349204968295171
0.03219225081360087
0.03440030646890557
0.028096314259485076
0.039720893515053854
0.030153143810258652
0.035771858230563974
0.022963339671464467
111.0
125.0
110.0
119.0
128.0
110.0
2557.0
22.0
1261.0
1300.0
67.0
529.0
513.0
1260.0
33.0
516.0
116.0
187.0
48.0
322.0
248.0
372.0
60.0
296.0
221.0
483.0
216.0
1058.0
171.0
341.0
425.0
1316.0
2700.0
1067.0
1056.0
13.0
225.0
557.0
272.0
75.0
236.0
81.0
274.0
14.0
10.0
10.0
12.0
13.0
12.0
14.0
100.0
14.0
12.0
12.0
27.0
360.0
157.0
770.0
1288.0
596.0
360.0
1136.0
282.0
151.0
870.0
5268.0
5745.0
128.0
159.0
316.0
50.0
29.0
188.0
220.0
190.0
507.0
28.0
78.0
66.0
26.0
128.0
28.0
31.0
19.0
109.0
163.0
849.0
49.0
119.0
65.0
46.0
157.0
206.0
320.0
148.0
159.0
72.0
813.0
162.0
151.0
725.0
35.0
64.0
213.0
98.0
14.0
353.0
124.0
20.0
26.0
32.0
8.0
76.0
276.0
113.0
73.0
88.0
54.0
37.0
85.0
147.0
45.0
26.0
57.0
151.0
110.0
84.0
126.0
48.0
66.0
7.0
1542.0
58.0
118.0
59.0
47.0
638.0
854.0
116.0
1346.0
1057.0
24.0
114.0
114.0
272.0
6274.0
208.0
95.0
158.0
297.0
30.0
267.0
30.0
119.0
258.0
78.0
128.0
777.0
119.0
156.0
448.0
324.0
221.0
69.0
1268.0
125.0
127.0
67.0
85.0
119.0
19.0
251.0
190.0
353.0
164.0
38.0
69.0
51.0
188.0
231.0
322.0
193.0
871.0
1319.0
504.0
1309.0
36.0
511.0
115.0
174.0
44.0
344.0
247.0
392.0
59.0
297.0
221.0
490.0
218.0
1081.0
163.0
345.0
426.0
1264.0
2610.0
1075.0
990.0
12.0
224.0
513.0
294.0
72.0
230.0
77.0
301.0
14.0
10.0
9.0
12.0
13.0
12.0
14.0
95.0
14.0
12.0
11.0
29.0
347.0
157.0
797.0
1263.0
563.0
356.0
1192.0
273.0
150.0
860.0
5466.0
5700.0
119.0
161.0
329.0
47.0
29.0
182.0
216.0
181.0
495.0
26.0
72.0
64.0
27.0
118.0
29.0
30.0
18.0
111.0
165.0
844.0
48.0
122.0
67.0
46.0
152.0
216.0
340.0
151.0
161.0
71.0
809.0
168.0
151.0
731.0
37.0
62.0
196.0
97.0
14.0
336.0
121.0
20.0
25.0
30.0
8.0
69.0
262.0
110.0
71.0
84.0
55.0
41.0
89.0
150.0
47.0
25.0
58.0
156.0
110.0
81.0
133.0
46.0
65.0
7.0
1588.0
59.0
118.0
54.0
46.0
662.0
810.0
118.0
1423.0
1103.0
25.0
115.0
119.0
254.0
6408.0
210.0
99.0
166.0
278.0
33.0
267.0
29.0
125.0
241.0
80.0
137.0
822.0
121.0
159.0
441.0
315.0
211.0
65.0
1280.0
129.0
118.0
67.0
90.0
119.0
19.0
247.0
206.0
370.0
170.0
38.0
71.0
50.0
203.0
229.0
315.0
199.0
870.0
1315.0
472.0
1244.0
34.0
543.0
112.0
189.0
48.0
326.0
253.0
365.0
61.0
310.0
235.0
479.0
202.0
1132.0
162.0
357.0
424.0
1373.0
2742.0
1089.0
985.0
12.0
223.0
542.0
273.0
76.0
233.0
79.0
291.0
14.0
10.0
10.0
12.0
13.0
12.0
14.0
92.0
14.0
12.0
11.0
28.0
371.0
171.0
783.0
1376.0
597.0
350.0
1192.0
275.0
156.0
797.0
5465.0
5628.0
119.0
173.0
310.0
48.0
27.0
194.0
213.0
185.0
530.0
27.0
78.0
63.0
26.0
119.0
28.0
33.0
20.0
117.0
163.0
870.0
50.0
127.0
61.0
44.0
151.0
207.0
322.0
145.0
161.0
71.0
871.0
167.0
149.0
760.0
35.0
63.0
204.0
89.0
13.0
329.0
124.0
20.0
24.0
29.0
8.0
74.0
266.0
105.0
69.0
91.0
56.0
41.0
85.0
148.0
49.0
26.0
56.0
158.0
107.0
84.0
136.0
45.0
65.0
7.0
1533.0
58.0
108.0
56.0
47.0
615.0
840.0
116.0
1408.0
1057.0
25.0
117.0
118.0
264.0
6317.0
202.0
100.0
154.0
293.0
31.0
288.0
29.0
125.0
239.0
75.0
130.0
820.0
118.0
154.0
419.0
328.0
205.0
68.0
1283.0
130.0
122.0
71.0
89.0
112.0
20.0
252.0
207.0
339.0
165.0
37.0
65.0
49.0
190.0
221.0
297.0
192.0
897.0
1211.0
517.0
1218.0
34.0
547.0
117.0
184.0
44.0
336.0
269.0
363.0
56.0
309.0
219.0
506.0
205.0
1129.0
160.0
355.0
424.0
1374.0
2725.0
1039.0
1051.0
12.0
230.0
551.0
294.0
69.0
246.0
79.0
295.0
14.0
10.0
10.0
11.0
13.0
12.0
14.0
100.0
13.0
12.0
12.0
28.0
353.0
158.0
834.0
1383.0
556.0
329.0
1124.0
294.0
152.0
807.0
5008.0
6021.0
128.0
168.0
310.0
47.0
28.0
188.0
209.0
187.0
510.0
28.0
72.0
65.0
26.0
117.0
29.0
31.0
19.0
117.0
175.0
877.0
50.0
130.0
63.0
43.0
158.0
218.0
322.0
142.0
166.0
70.0
835.0
162.0
149.0
744.0
37.0
61.0
194.0
89.0
13.0
332.0
117.0
19.0
26.0
32.0
8.0
69.0
263.0
107.0
74.0
87.0
54.0
38.0
83.0
154.0
49.0
26.0
54.0
152.0
111.0
79.0
132.0
44.0
62.0
7.0
1617.0
57.0
108.0
58.0
45.0
637.0
831.0
113.0
1361.0
1072.0
24.0
115.0
109.0
276.0
6391.0
199.0
93.0
160.0
284.0
32.0
261.0
29.0
121.0
260.0
77.0
131.0
794.0
120.0
151.0
455.0
314.0
223.0
66.0
1223.0
126.0
121.0
70.0
94.0
121.0
19.0
246.0
198.0
366.0
166.0
37.0
68.0
50.0
198.0
232.0
313.0
204.0
894.0
1263.0
495.0
1271.0
36.0
532.0
112.0
181.0
48.0
325.0
252.0
394.0
55.0
316.0
228.0
459.0
215.0
1092.0
160.0
326.0
409.0
1263.0
2528.0
1068.0
1012.0
12.0
231.0
510.0
276.0
76.0
241.0
75.0
300.0
13.0
10.0
10.0
12.0
14.0
11.0
14.0
91.0
14.0
12.0
12.0
28.0
347.0
161.0
793.0
1385.0
586.0
349.0
1181.0
291.0
153.0
838.0
5475.0
5932.0
121.0
161.0
318.0
50.0
27.0
176.0
205.0
180.0
490.0
28.0
77.0
62.0
27.0
120.0
28.0
30.0
20.0
110.0
167.0
865.0
53.0
128.0
66.0
46.0
167.0
205.0
314.0
142.0
165.0
72.0
872.0
158.0
139.0
789.0
37.0
61.0
206.0
93.0
14.0
338.0
125.0
21.0
25.0
32.0
8.0
69.0
275.0
113.0
70.0
90.0
58.0
39.0
81.0
144.0
47.0
27.0
54.0
150.0
111.0
82.0
139.0
46.0
66.0
7.0
1525.0
57.0
109.0
58.0
44.0
651.0
874.0
120.0
1311.0
1154.0
25.0
113.0
111.0
253.0
6342.0
203.0
94.0
163.0
283.0
32.0
281.0
29.0
126.0
238.0
77.0
132.0
775.0
121.0
147.0
436.0
317.0
222.0
66.0
1205.0
123.0
122.0
70.0
87.0
115.0
20.0
252.0
189.0
367.0
162.0
36.0
66.0
53.0
204.0
220.0
306.0
196.0
815.0
1248.0
475.0
1219.0
36.0
519.0
111.0
176.0
48.0
341.0
256.0
389.0
60.0
310.0
231.0
472.0
216.0
1127.0
161.0
338.0
414.0
1343.0
2736.0
1037.0
1046.0
13.0
216.0
541.0
268.0
72.0
239.0
75.0
289.0
13.0
10.0
10.0
12.0
13.0
12.0
13.0
91.0
13.0
11.0
12.0
29.0
348.0
173.0
844.0
1353.0
570.0
361.0
1107.0
285.0
152.0
862.0
5217.0
5789.0
120.0
161.0
336.0
50.0
28.0
185.0
217.0
179.0
509.0
26.0
78.0
61.0
25.0
123.0
29.0
31.0
19.0
118.0
171.0
902.0
49.0
127.0
62.0
44.0
160.0
203.0
322.0
150.0
173.0
73.0
805.0
160.0
145.0
750.0
37.0
63.0
206.0
92.0
13.0
327.0
121.0
21.0
25.0
30.0
8.0
69.0
250.0
113.0
68.0
87.0
57.0
38.0
86.0
154.0
45.0
27.0
56.0
160.0
105.0
81.0
128.0
46.0
62.0
7.0
1650.0
58.0
111.0
56.0
44.0
635.0
833.0
118.0
1368.0
1058.0
24.0
118.0
113.0
259.0
6484.0
203.0
95.0
165.0
270.0
30.0
263.0
28.0
127.0
260.0
81.0
140.0
765.0
120.0
151.0
464.0
306.0
206.0
70.0
1231.0
124.0
126.0
69.0
89.0
113.0
19.0
252.0
191.0
358.0
173.0
39.0
68.0
49.0
202.0
223.0
298.0
197.0
880.0
1202.0
496.0
1299.0
36.0
512.0
111.0
178.0
44.0
324.0
244.0
389.0
59.0
289.0
232.0
490.0
208.0
1045.0
156.0
338.0
444.0
1363.0
2530.0
1097.0
955.0
13.0
221.0
523.0
273.0
70.0
230.0
75.0
281.0
14.0
10.0
10.0
12.0
14.0
12.0
13.0
96.0
14.0
11.0
11.0
28.0
345.0
173.0
809.0
1302.0
542.0
360.0
1140.0
300.0
147.0
846.0
5212.0
5759.0
131.0
167.0
324.0
49.0
27.0
180.0
222.0
190.0
529.0
28.0
76.0
65.0
25.0
125.0
27.0
33.0
20.0
115.0
174.0
902.0
49.0
127.0
61.0
42.0
167.0
208.0
326.0
143.0
167.0
73.0
829.0
161.0
150.0
790.0
37.0
61.0
207.0
95.0
14.0
348.0
118.0
21.0
25.0
31.0
8.0
76.0
253.0
104.0
70.0
83.0
54.0
41.0
85.0
146.0
48.0
26.0
56.0
162.0
108.0
82.0
132.0
46.0
66.0
7.0
1665.0
56.0
110.0
54.0
44.0
604.0
829.0
115.0
1320.0
1125.0
24.0
114.0
111.0
258.0
6668.0
207.0
102.0
156.0
270.0
32.0
286.0
30.0
130.0
239.0
82.0
133.0
761.0
124.0
150.0
442.0
310.0
210.0
67.0
1272.0
134.0
124.0
67.0
89.0
117.0
20.0
253.0
196.0
354.0
159.0
38.0
68.0
48.0
206.0
227.0
311.0
195.0
861.0
1243.0
503.0
1340.0
36.0
554.0
120.0
187.0
44.0
333.0
270.0
400.0
60.0
295.0
214.0
484.0
214.0
1049.0
158.0
357.0
438.0
1285.0
2507.0
1099.0
976.0
13.0
223.0
520.0
272.0
72.0
235.0
79.0
274.0
14.0
10.0
10.0
12.0
14.0
12.0
14.0
94.0
14.0
12.0
12.0
27.0
347.0
170.0
781.0
1292.0
584.0
350.0
1127.0
273.0
159.0
815.0
5197.0
6024.0
130.0
167.0
313.0
51.0
28.0
189.0
207.0
186.0
507.0
26.0
74.0
65.0
26.0
119.0
28.0
33.0
20.0
112.0
171.0
903.0
52.0
119.0
62.0
44.0
157.0
217.0
336.0
146.0
159.0
72.0
801.0
159.0
145.0
796.0
38.0
60.0
205.0
92.0
13.0
350.0
121.0
20.0
26.0
29.0
8.0
74.0
258.0
113.0
74.0
90.0
55.0
40.0
82.0
148.0
48.0
26.0
54.0
151.0
110.0
87.0
138.0
45.0
62.0
7.0
1564.0
59.0
110.0
56.0
45.0
619.0
831.0
121.0
1353.0
1154.0
24.0
115.0
108.0
274.0
6349.0
203.0
102.0
161.0
298.0
31.0
272.0
28.0
121.0
259.0
76.0
136.0
807.0
114.0
146.0
440.0
300.0
220.0
66.0
1215.0
123.0
119.0
67.0
93.0
112.0
20.0
247.0
204.0
366.0
161.0
36.0
70.0
51.0
204.0
242.0
298.0
189.0
858.0
1270.0
518.0
1228.0
35.0
508.0
113.0
186.0
46.0
337.0
256.0
375.0
59.0
317.0
235.0
496.0
198.0
1043.0
163.0
333.0
422.0
1378.0
2605.0
1009.0
1027.0
13.0
233.0
534.0
276.0
74.0
233.0
80.0
284.0
14.0
10.0
9.0
12.0
14.0
11.0
13.0
95.0
14.0
12.0
11.0
28.0
352.0
170.0
829.0
1298.0
552.0
346.0
1126.0
271.0
150.0
837.0
5395.0
5805.0
125.0
165.0
328.0
50.0
27.0
181.0
207.0
181.0
483.0
27.0
72.0
62.0
27.0
119.0
27.0
32.0
20.0
117.0
171.0
818.0
53.0
129.0
66.0
43.0
151.0
218.0
316.0
143.0
163.0
71.0
803.0
166.0
153.0
785.0
38.0
64.0
211.0
95.0
13.0
326.0
120.0
20.0
25.0
32.0
8.0
75.0
266.0
103.0
67.0
89.0
56.0
39.0
88.0
146.0
49.0
26.0
57.0
160.0
101.0
86.0
138.0
46.0
61.0
7.0
1544.0
59.0
109.0
58.0
45.0
598.0
834.0
120.0
1418.0
1144.0
24.0
118.0
117.0
258.0
6720.0
196.0
95.0
156.0
279.0
32.0
263.0
29.0
127.0
242.0
83.0
135.0
769.0
120.0
150.0
425.0
313.0
224.0
66.0
1284.0
121.0
115.0
68.0
88.0
112.0
18.0
269.0
194.0
341.0
158.0
39.0
67.0
51.0
191.0
232.0
305.0
186.0
825.0
1297.0
492.0
1295.0
34.0
554.0
110.0
182.0
46.0
348.0
244.0
389.0
61.0
307.0
225.0
475.0
207.0
1097.0
157.0
325.0
420.0
1319.0
2651.0
1042.0
1049.0
13.0
222.0
509.0
293.0
75.0
240.0
75.0
282.0
14.0
10.0
10.0
12.0
14.0
12.0
14.0
97.0
14.0
12.0
12.0
27.0
361.0
170.0
763.0
1290.0
601.0
355.0
1184.0
282.0
156.0
834.0
5307.0
5992.0
129.0
168.0
317.0
50.0
29.0
183.0
207.0
194.0
519.0
27.0
76.0
64.0
25.0
117.0
29.0
32.0
20.0
108.0
169.0
886.0
50.0
127.0
61.0
43.0
153.0
205.0
321.0
151.0
174.0
69.0
885.0
166.0
147.0
768.0
35.0
66.0
196.0
97.0
14.0
340.0
121.0
20.0
25.0
32.0
8.0
71.0
270.0
108.0
72.0
91.0
56.0
40.0
88.0
143.0
45.0
25.0
54.0
149.0
111.0
81.0
134.0
48.0
63.0
7.0
1629.0
56.0
112.0
59.0
48.0
639.0
848.0
122.0
1390.0
1060.0
25.0
118.0
109.0
261.0
6391.0
196.0
102.0
158.0
271.0
30.0
260.0
28.0
120.0
252.0
78.0
128.0
759.0
122.0
150.0
448.0
297.0
221.0
70.0
1237.0
128.0
127.0
67.0
93.0
115.0
19.0
258.0
188.0
374.0
170.0
39.0
71.0
49.0
202.0
234.0
295.0
200.0
881.0
1288.0
510.0
1296.0
36.0
559.0
116.0
190.0
48.0
341.0
260.0
385.0
57.0
312.0
218.0
461.0
199.0
1116.0
169.0
345.0
447.0
1365.0
2606.0
1060.0
981.0
13.0
212.0
545.0
282.0
75.0
246.0
75.0
274.0
13.0
10.0
10.0
11.0
13.0
11.0
14.0
100.0
14.0
12.0
12.0
28.0
363.0
162.0
783.0
1361.0
577.0
359.0
1149.0
291.0
156.0
798.0
5016.0
5879.0
130.0
163.0
326.0
49.0
28.0
177.0
222.0
190.0
499.0
27.0
72.0
67.0
27.0
121.0
27.0
30.0
20.0
108.0
166.0
860.0
50.0
121.0
66.0
45.0
160.0
210.0
339.0
154.0
171.0
69.0
879.0
161.0
153.0
727.0
36.0
66.0
207.0
93.0
13.0
347.0
126.0
20.0
24.0
30.0
8.0
76.0
257.0
111.0
72.0
89.0
57.0
41.0
81.0
139.0
49.0
27.0
56.0
162.0
102.0
84.0
138.0
45.0
62.0
7.0
1505.0
56.0
110.0
55.0
44.0
634.0
809.0
119.0
1342.0
1093.0
25.0
116.0
117.0
269.0
6276.0
202.0
96.0
164.0
275.0
33.0
281.0
28.0
124.0
235.0
75.0
128.0
781.0
124.0
150.0
445.0
303.0
208.0
70.0
1217.0
133.0
119.0
70.0
90.0
118.0
20.0
271.0
190.0
365.0
168.0
37.0
71.0
53.0
190.0
222.0
314.0
206.0
900.0
1322.0
492.0
1261.0
34.0
557.0
120.0
179.0
44.0
329.0
263.0
367.0
61.0
299.0
235.0
461.0
211.0
1060.0
172.0
340.0
406.0
1294.0
2678.0
1033.0
961.0
13.0
215.0
543.0
274.0
71.0
249.0
74.0
302.0
13.0
10.0
10.0
12.0
14.0
12.0
14.0
96.0
13.0
11.0
11.0
27.0
339.0
173.0
827.0
1345.0
547.0
340.0
1155.0
295.0
151.0
846.0
5183.0
5799.0
127.0
163.0
327.0
49.0
28.0
190.0
219.0
194.0
517.0
26.0
72.0
64.0
27.0
127.0
27.0
31.0
19.0
117.0
178.0
834.0
51.0
127.0
64.0
46.0
154.0
214.0
337.0
149.0
163.0
71.0
809.0
153.0
153.0
738.0
35.0
61.0
205.0
90.0
13.0
350.0
122.0
21.0
26.0
32.0
8.0
71.0
272.0
107.0
73.0
86.0
59.0
41.0
82.0
152.0
49.0
26.0
55.0
155.0
105.0
85.0
137.0
44.0
66.0
7.0
1538.0
57.0
108.0
56.0
48.0
606.0
820.0
123.0
1410.0
1120.0
26.0
123.0
118.0
268.0
6611.0
210.0
98.0
152.0
272.0
31.0
280.0
29.0
130.0
260.0
78.0
137.0
799.0
113.0
153.0
456.0
302.0
209.0
67.0
1185.0
122.0
120.0
73.0
86.0
112.0
19.0
268.0
200.0
346.0
175.0
39.0
71.0
49.0
197.0
221.0
295.0
203.0
830.0
1274.0
506.0
1332.0
36.0
535.0
116.0
192.0
46.0
328.0
260.0
367.0
61.0
297.0
230.0
494.0
219.0
1078.0
166.0
323.0
429.0
1390.0
2729.0
1024.0
993.0
13.0
220.0
506.0
294.0
73.0
234.0
81.0
285.0
13.0
9.0
10.0
12.0
14.0
12.0
14.0
97.0
14.0
12.0
12.0
28.0
367.0
161.0
844.0
1367.0
582.0
336.0
1174.0
287.0
156.0
848.0
5364.0
5857.0
121.0
158.0
322.0
48.0
28.0
180.0
212.0
185.0
483.0
28.0
76.0
62.0
27.0
117.0
27.0
32.0
19.0
117.0
171.0
865.0
51.0
131.0
63.0
43.0
156.0
216.0
314.0
145.0
161.0
73.0
872.0
155.0
149.0
729.0
35.0
62.0
201.0
89.0
14.0
321.0
119.0
20.0
25.0
30.0
8.0
69.0
254.0
109.0
74.0
85.0
55.0
38.0
89.0
153.0
47.0
25.0
55.0
156.0
102.0
86.0
127.0
44.0
63.0
7.0
1533.0
55.0
112.0
54.0
47.0
641.0
826.0
122.0
1356.0
1127.0
26.0
111.0
114.0
259.0
6620.0
199.0
94.0
152.0
290.0
31.0
265.0
28.0
126.0
236.0
76.0
140.0
784.0
113.0
153.0
436.0
301.0
223.0
68.0
1238.0
133.0
125.0
72.0
92.0
116.0
20.0
253.0
206.0
358.0
171.0
39.0
68.0
52.0
194.0
220.0
310.0
203.0
891.0
1327.0
513.0
1225.0
34.0
554.0
118.0
191.0
47.0
337.0
268.0
390.0
57.0
289.0
220.0
474.0
214.0
1121.0
172.0
322.0
407.0
1345.0
2679.0
1110.0
1014.0
13.0
210.0
523.0
279.0
69.0
230.0
82.0
299.0
13.0
10.0
10.0
12.0
14.0
11.0
14.0
97.0
14.0
12.0
12.0
29.0
350.0
164.0
774.0
1285.0
563.0
345.0
1169.0
301.0
151.0
861.0
5408.0
5621.0
126.0
169.0
317.0
50.0
28.0
180.0
226.0
195.0
528.0
27.0
74.0
66.0
27.0
123.0
28.0
32.0
19.0
115.0
166.0
824.0
49.0
126.0
65.0
44.0
153.0
205.0
327.0
145.0
174.0
71.0
855.0
157.0
141.0
748.0
37.0
66.0
199.0
93.0
14.0
355.0
121.0
21.0
26.0
30.0
8.0
70.0
269.0
102.0
67.0
86.0
57.0
40.0
81.0
146.0
48.0
25.0
56.0
159.0
106.0
84.0
128.0
47.0
65.0
7.0
1631.0
58.0
113.0
55.0
45.0
610.0
873.0
114.0
1429.0
1124.0
26.0
120.0
116.0
259.0
6547.0
208.0
93.0
159.0
298.0
33.0
287.0
29.0
129.0
244.0
79.0
134.0
798.0
117.0
151.0
445.0
298.0
210.0
67.0
1232.0
133.0
116.0
67.0
87.0
119.0
19.0
257.0
206.0
341.0
167.0
36.0
68.0
52.0
195.0
231.0
311.0
203.0
829.0
1219.0
506.0
1249.0
33.0
550.0
119.0
190.0
44.0
346.0
248.0
369.0
58.0
314.0
224.0
487.0
209.0
1068.0
166.0
328.0
447.0
1300.0
2626.0
1005.0
997.0
12.0
227.0
509.0
271.0
69.0
251.0
77.0
282.0
14.0
9.0
10.0
12.0
14.0
11.0
14.0
99.0
14.0
12.0
12.0
28.0
347.0
164.0
803.0
1255.0
576.0
338.0
1144.0
278.0
148.0
838.0
5410.0
5526.0
128.0
165.0
329.0
47.0
27.0
187.0
208.0
181.0
523.0
28.0
75.0
62.0
25.0
127.0
28.0
32.0
19.0
109.0
178.0
836.0
51.0
126.0
61.0
44.0
165.0
208.0
323.0
142.0
167.0
72.0
856.0
167.0
143.0
795.0
35.0
64.0
194.0
91.0
14.0
339.0
127.0
21.0
24.0
30.0
8.0
73.0
272.0
108.0
74.0
87.0
59.0
39.0
88.0
153.0
47.0
26.0
56.0
160.0
111.0
86.0
128.0
46.0
64.0
7.0
1634.0
55.0
110.0
58.0
45.0
659.0
842.0
120.0
1344.0
1113.0
26.0
112.0
113.0
268.0
6458.0
207.0
95.0
156.0
271.0
33.0
274.0
29.0
119.0
259.0
79.0
128.0
793.0
112.0
158.0
446.0
303.0
224.0
69.0
1167.0
127.0
125.0
68.0
85.0
122.0
18.0
270.0
187.0
355.0
173.0
36.0
68.0
51.0
189.0
223.0
318.0
203.0
825.0
1209.0
482.0
1247.0
36.0
540.0
117.0
190.0
48.0
320.0
245.0
364.0
61.0
302.0
219.0
491.0
215.0
1091.0
162.0
322.0
408.0
1263.0
2603.0
1042.0
1013.0
13.0
215.0
541.0
281.0
76.0
237.0
76.0
293.0
14.0
10.0
10.0
12.0
13.0
12.0
14.0
97.0
13.0
12.0
12.0
27.0
356.0
168.0
828.0
1304.0
595.0
357.0
1134.0
272.0
146.0
796.0
5385.0
5491.0
129.0
166.0
323.0
50.0
29.0
180.0
218.0
195.0
482.0
26.0
74.0
64.0
25.0
123.0
29.0
31.0
19.0
108.0
162.0
880.0
49.0
121.0
61.0
42.0
160.0
210.0
333.0
146.0
165.0
75.0
807.0
155.0
147.0
800.0
36.0
61.0
198.0
98.0
14.0
356.0
125.0
20.0
25.0
29.0
8.0
70.0
272.0
105.0
74.0
89.0
56.0
39.0
87.0
148.0
47.0
26.0
56.0
151.0
105.0
87.0
132.0
46.0
66.0
7.0
1584.0
54.0
119.0
54.0
47.0
628.0
852.0
115.0
1382.0
1069.0
26.0
114.0
114.0
270.0
6676.0
206.0
97.0
165.0
278.0
30.0
288.0
28.0
125.0
244.0
77.0
128.0
829.0
121.0
155.0
450.0
317.0
205.0
69.0
1201.0
128.0
126.0
71.0
93.0
117.0
20.0
246.0
205.0
350.0
171.0
38.0
69.0
52.0
205.0
221.0
323.0
190.0
859.0
1269.0
501.0
1348.0
33.0
544.0
117.0
186.0
48.0
317.0
266.0
399.0
61.0
289.0
214.0
496.0
207.0
1068.0
164.0
341.0
442.0
1351.0
2750.0
1014.0
1033.0
13.0
226.0
559.0
280.0
75.0
251.0
77.0
286.0
13.0
10.0
10.0
12.0
14.0
12.0
13.0
93.0
14.0
12.0
12.0
27.0
345.0
173.0
816.0
1360.0
583.0
351.0
1194.0
291.0
157.0
830.0
5403.0
5444.0
125.0
162.0
336.0
51.0
28.0
188.0
211.0
177.0
523.0
26.0
73.0
64.0
26.0
118.0
28.0
30.0
20.0
113.0
177.0
880.0
51.0
130.0
63.0
46.0
154.0
219.0
335.0
154.0
162.0
74.0
803.0
159.0
152.0
738.0
38.0
61.0
208.0
92.0
13.0
322.0
126.0
20.0
25.0
31.0
8.0
74.0
250.0
113.0
69.0
82.0
57.0
39.0
85.0
149.0
45.0
26.0
53.0
151.0
111.0
80.0
137.0
46.0
61.0
7.0
1638.0
57.0
112.0
57.0
48.0
599.0
815.0
121.0
1355.0
1093.0
24.0
112.0
119.0
258.0
6656.0
207.0
92.0
161.0
290.0
32.0
274.0
27.0
123.0
257.0
81.0
137.0
832.0
123.0
159.0
422.0
329.0
210.0
67.0
1278.0
122.0
119.0
67.0
91.0
113.0
18.0
264.0
199.0
338.0
161.0
36.0
68.0
49.0
205.0
232.0
299.0
196.0
820.0
1296.0
493.0
1246.0
35.0
524.0
120.0
176.0
46.0
324.0
250.0
363.0
59.0
318.0
233.0
506.0
198.0
1109.0
167.0
348.0
436.0
1268.0
2588.0
1044.0
1001.0
13.0
228.0
522.0
287.0
74.0
241.0
75.0
295.0
14.0
10.0
10.0
12.0
14.0
12.0
14.0
91.0
14.0
12.0
12.0
27.0
339.0
170.0
785.0
1383.0
574.0
354.0
1144.0
272.0
153.0
808.0
5403.0
5948.0
131.0
161.0
314.0
46.0
29.0
186.0
214.0
190.0
520.0
27.0
77.0
65.0
27.0
125.0
28.0
31.0
20.0
118.0
175.0
887.0
50.0
128.0
61.0
44.0
166.0
214.0
318.0
146.0
168.0
74.0
855.0
155.0
152.0
770.0
36.0
62.0
202.0
89.0
13.0
350.0
117.0
21.0
25.0
30.0
8.0
70.0
258.0
108.0
74.0
83.0
54.0
38.0
82.0
152.0
46.0
27.0
53.0
162.0
106.0
79.0
133.0
44.0
65.0
7.0
1635.0
59.0
115.0
55.0
48.0
653.0
837.0
112.0
1346.0
1072.0
24.0
118.0
112.0
251.0
6806.0
204.0
98.0
154.0
292.0
33.0
260.0
30.0
129.0
246.0
82.0
131.0
793.0
117.0
148.0
452.0
303.0
208.0
70.0
1230.0
134.0
122.0
73.0
87.0
115.0
20.0
253.0
206.0
345.0
168.0
38.0
67.0
48.0
190.0
232.0
313.0
197.0
884.0
1294.0
472.0
1280.0
36.0
532.0
109.0
179.0
46.0
347.0
247.0
391.0
58.0
319.0
224.0
459.0
206.0
1043.0
160.0
351.0
418.0
1274.0
2528.0
1019.0
983.0
13.0
224.0
535.0
273.0
72.0
231.0
82.0
291.0
13.0
10.0
10.0
11.0
14.0
12.0
13.0
90.0
14.0
12.0
12.0
28.0
343.0
167.0
799.0
1305.0
593.0
348.0
1152.0
291.0
155.0
833.0
5144.0
5492.0
127.0
173.0
304.0
47.0
29.0
179.0
218.0
194.0
496.0
28.0
79.0
61.0
25.0
117.0
27.0
32.0
19.0
114.0
171.0
822.0
53.0
119.0
67.0
43.0
157.0
208.0
323.0
153.0
169.0
75.0
865.0
158.0
147.0
802.0
35.0
63.0
198.0
98.0
14.0
332.0
117.0
21.0
26.0
31.0
8.0
73.0
266.0
107.0
74.0
88.0
58.0
38.0
85.0
152.0
45.0
27.0
55.0
163.0
104.0
86.0
134.0
48.0
67.0
7.0
1664.0
57.0
110.0
54.0
45.0
661.0
806.0
123.0
1355.0
1084.0
25.0
116.0
114.0
252.0
6311.0
213.0
99.0
159.0
293.0
31.0
274.0
30.0
124.0
257.0
77.0
128.0
770.0
113.0
145.0
433.0
324.0
221.0
67.0
1267.0
124.0
120.0
71.0
86.0
117.0
20.0
263.0
205.0
361.0
168.0
36.0
65.0
52.0
200.0
229.0
323.0
197.0
827.0
1204.0
480.0
1291.0
34.0
554.0
115.0
180.0
47.0
336.0
257.0
400.0
58.0
292.0
215.0
490.0
216.0
1096.0
166.0
354.0
418.0
1295.0
2546.0
1051.0
1039.0
13.0
224.0
504.0
271.0
76.0
251.0
79.0
282.0
14.0
10.0
10.0
12.0
14.0
12.0
13.0
93.0
14.0
12.0
11.0
27.0
349.0
169.0
818.0
1315.0
600.0
352.0
1151.0
281.0
158.0
866.0
5466.0
5619.0
125.0
162.0
335.0
49.0
29.0
176.0
210.0
186.0
525.0
28.0
75.0
64.0
27.0
126.0
29.0
32.0
20.0
111.0
163.0
889.0
52.0
119.0
64.0
46.0
162.0
221.0
325.0
155.0
176.0
75.0
812.0
160.0
142.0
765.0
37.0
62.0
203.0
91.0
14.0
339.0
123.0
20.0
24.0
32.0
8.0
72.0
258.0
104.0
72.0
91.0
59.0
38.0
87.0
143.0
45.0
26.0
56.0
159.0
104.0
87.0
127.0
45.0
61.0
7.0
1598.0
59.0
109.0
58.0
44.0
610.0
823.0
114.0
1372.0
1042.0
25.0
118.0
112.0
277.0
6594.0
202.0
101.0
151.0
294.0
32.0
288.0
28.0
129.0
256.0
75.0
132.0
776.0
119.0
149.0
418.0
309.0
207.0
66.0
1216.0
124.0
118.0
71.0
86.0
121.0
19.0
262.0
207.0
347.0
164.0
38.0
70.0
49.0
197.0
234.0
314.0
199.0
811.0
1265.0
519.0
1261.0
36.0
526.0
117.0
183.0
44.0
347.0
256.0
383.0
59.0
291.0
227.0
492.0
216.0
1084.0
156.0
324.0
422.0
1328.0
2704.0
1102.0
1006.0
12.0
233.0
551.0
285.0
71.0
231.0
75.0
289.0
14.0
10.0
10.0
11.0
13.0
11.0
14.0
97.0
13.0
12.0
12.0
27.0
367.0
172.0
778.0
1295.0
568.0
346.0
1089.0
288.0
153.0
812.0
5497.0
5643.0
130.0
157.0
324.0
51.0
28.0
185.0
226.0
186.0
485.0
27.0
74.0
64.0
25.0
121.0
27.0
31.0
19.0
118.0
166.0
896.0
53.0
119.0
64.0
42.0
165.0
210.0
325.0
149.0
175.0
72.0
850.0
168.0
151.0
786.0
35.0
66.0
210.0
93.0
13.0
356.0
120.0
20.0
25.0
32.0
8.0
69.0
257.0
105.0
71.0
84.0
55.0
39.0
88.0
147.0
49.0
25.0
53.0
152.0
105.0
86.0
130.0
44.0
62.0
7.0
1663.0
58.0
112.0
56.0
47.0
607.0
853.0
116.0
1399.0
1081.0
24.0
114.0
113.0
253.0
6272.0
210.0
93.0
166.0
271.0
33.0
269.0
30.0
118.0
249.0
76.0
134.0
787.0
112.0
155.0
431.0
315.0
221.0
69.0
1184.0
125.0
121.0
71.0
94.0
116.0
20.0
271.0
194.0
348.0
161.0
36.0
68.0
52.0
190.0
238.0
296.0
189.0
896.0
1311.0
500.0
1283.0
34.0
526.0
120.0
185.0
45.0
346.0
254.0
397.0
59.0
312.0
214.0
460.0
199.0
1109.0
165.0
330.0
427.0
1279.0
2514.0
1070.0
1023.0
12.0
229.0
518.0
272.0
70.0
243.0
75.0
285.0
14.0
10.0
9.0
12.0
14.0
12.0
14.0
97.0
14.0
12.0
12.0
28.0
352.0
170.0
770.0
1285.0
580.0
358.0
1156.0
293.0
149.0
828.0
5002.0
5704.0
127.0
166.0
314.0
47.0
27.0
183.0
224.0
195.0
531.0
27.0
75.0
65.0
26.0
126.0
28.0
33.0
20.0
110.0
170.0
902.0
49.0
124.0
62.0
45.0
164.0
219.0
337.0
153.0
175.0
70.0
809.0
165.0
152.0
769.0
38.0
60.0
215.0
93.0
14.0
340.0
120.0
21.0
24.0
30.0
8.0
76.0
275.0
113.0
70.0
84.0
56.0
40.0
84.0
142.0
46.0
25.0
58.0
154.0
107.0
84.0
127.0
44.0
63.0
7.0
1585.0
54.0
118.0
54.0
48.0
622.0
861.0
119.0
1414.0
1128.0
26.0
118.0
114.0
252.0
6501.0
209.0
92.0
157.0
280.0
33.0
263.0
29.0
123.0
256.0
76.0
133.0
776.0
114.0
148.0
431.0
315.0
221.0
66.0
1168.0
128.0
125.0
72.0
91.0
120.0
20.0
256.0
198.0
374.0
161.0
37.0
69.0
49.0
188.0
232.0
293.0
193.0
882.0
1291.0
500.0
1272.0
35.0
548.0
111.0
187.0
48.0
325.0
270.0
387.0
57.0
289.0
219.0
461.0
203.0
1029.0
161.0
353.0
445.0
1354.0
2570.0
1094.0
1053.0
13.0
219.0
519.0
276.0
76.0
239.0
82.0
282.0
14.0
10.0
10.0
12.0
14.0
12.0
14.0
98.0
14.0
12.0
12.0
28.0
370.0
171.0
804.0
1266.0
590.0
363.0
1143.0
273.0
148.0
825.0
5128.0
5628.0
120.0
169.0
335.0
51.0
29.0
192.0
218.0
190.0
512.0
27.0
72.0
61.0
25.0
127.0
27.0
31.0
20.0
116.0
173.0
850.0
52.0
120.0
66.0
43.0
162.0
217.0
339.0
144.0
167.0
71.0
799.0
155.0
152.0
753.0
37.0
62.0
203.0
89.0
13.0
324.0
119.0
21.0
26.0
31.0
8.0
76.0
272.0
109.0
71.0
84.0
59.0
41.0
82.0
143.0
46.0
27.0
57.0
164.0
102.0
84.0
131.0
46.0
66.0
7.0
1631.0
56.0
108.0
54.0
46.0
616.0
828.0
117.0
1309.0
1110.0
26.0
116.0
118.0
262.0
6740.0
202.0
99.0
152.0
273.0
32.0
288.0
29.0
121.0
241.0
83.0
132.0
761.0
119.0
154.0
462.0
319.0
223.0
65.0
1193.0
122.0
118.0
70.0
94.0
113.0
19.0
256.0
189.0
356.0
158.0
36.0
68.0
50.0
190.0
242.0
295.0
193.0
851.0
1211.0
489.0
1280.0
33.0
519.0
115.0
187.0
47.0
334.0
269.0
401.0
60.0
311.0
220.0
467.0
206.0
1029.0
170.0
336.0
447.0
1346.0
2551.0
1089.0
1030.0
13.0
225.0
543.0
283.0
72.0
239.0
81.0
290.0
14.0
10.0
10.0
12.0
14.0
12.0
14.0
94.0
14.0
11.0
12.0
29.0
370.0
157.0
765.0
1393.0
595.0
361.0
1153.0
288.0
153.0
810.0
5402.0
5963.0
123.0
162.0
314.0
49.0
27.0
192.0
208.0
180.0
523.0
26.0
76.0
62.0
27.0
120.0
28.0
33.0
19.0
118.0
174.0
830.0
49.0
119.0
62.0
46.0
153.0
206.0
342.0
142.0
164.0
69.0
854.0
160.0
142.0
723.0
38.0
65.0
208.0
94.0
14.0
344.0
118.0
20.0
25.0
32.0
8.0
74.0
265.0
109.0
69.0
90.0
56.0
41.0
86.0
148.0
47.0
26.0
53.0
160.0
102.0
86.0
139.0
47.0
66.0
7.0
1517.0
56.0
111.0
55.0
48.0
601.0
802.0
114.0
1305.0
1112.0
26.0
119.0
115.0
270.0
6748.0
216.0
98.0
157.0
289.0
31.0
268.0
30.0
122.0
252.0
80.0
131.0
752.0
121.0
154.0
454.0
321.0
210.0
70.0
1247.0
134.0
124.0
73.0
93.0
113.0
19.0
264.0
193.0
368.0
171.0
36.0
65.0
53.0
201.0
231.0
320.0
187.0
892.0
1260.0
479.0
1282.0
36.0
556.0
113.0
193.0
45.0
339.0
261.0
394.0
55.0
307.0
217.0
493.0
215.0
1120.0
157.0
338.0
419.0
1268.0
2753.0
1092.0
971.0
13.0
220.0
546.0
280.0
72.0
233.0
78.0
293.0
13.0
10.0
10.0
11.0
14.0
12.0
13.0
97.0
14.0
12.0
11.0
27.0
366.0
164.0
817.0
1316.0
545.0
336.0
1195.0
285.0
150.0
823.0
5456.0
5619.0
121.0
160.0
306.0
51.0
27.0
175.0
215.0
183.0
522.0
26.0
77.0
62.0
26.0
123.0
28.0
31.0
20.0
111.0
177.0
849.0
53.0
121.0
67.0
45.0
167.0
208.0
313.0
148.0
169.0
73.0
834.0
165.0
151.0
803.0
38.0
60.0
210.0
92.0
14.0
354.0
128.0
21.0
24.0
31.0
8.0
69.0
274.0
109.0
70.0
83.0
56.0
37.0
81.0
153.0
49.0
27.0
53.0
163.0
108.0
84.0
133.0
46.0
66.0
7.0
1566.0
54.0
118.0
56.0
46.0
661.0
863.0
114.0
1352.0
1125.0
24.0
113.0
114.0
268.0
6828.0
209.0
94.0
158.0
298.0
31.0
282.0
28.0
128.0
251.0
81.0
133.0
796.0
117.0
156.0
453.0
312.0
215.0
68.0
1230.0
128.0
121.0
72.0
90.0
117.0
19.0
252.0
199.0
363.0
173.0
36.0
69.0
52.0
196.0
233.0
303.0
190.0
865.0
1318.0
473.0
1340.0
36.0
517.0
117.0
187.0
47.0
333.0
270.0
366.0
61.0
305.0
214.0
498.0
210.0
1129.0
162.0
343.0
422.0
1326.0
2563.0
1066.0
964.0
12.0
215.0
511.0
289.0
73.0
233.0
76.0
280.0
13.0
10.0
10.0
12.0
13.0
12.0
14.0
97.0
13.0
12.0
11.0
29.0
348.0
169.0
821.0
1306.0
591.0
349.0
1106.0
271.0
145.0
840.0
5162.0
5786.0
130.0
159.0
316.0
50.0
27.0
193.0
205.0
188.0
524.0
28.0
73.0
61.0
27.0
127.0
29.0
32.0
19.0
115.0
175.0
901.0
49.0
124.0
62.0
46.0
163.0
216.0
340.0
151.0
172.0
71.0
873.0
166.0
143.0
782.0
37.0
63.0
207.0
98.0
14.0
339.0
125.0
20.0
25.0
31.0
8.0
71.0
262.0
109.0
69.0
84.0
59.0
38.0
81.0
154.0
45.0
26.0
53.0
164.0
107.0
79.0
127.0
44.0
65.0
7.0
1514.0
57.0
118.0
54.0
45.0
651.0
855.0
122.0
1402.0
1040.0
25.0
114.0
108.0
259.0
6713.0
216.0
98.0
159.0
277.0
32.0
286.0
30.0
130.0
247.0
78.0
136.0
781.0
117.0
147.0
422.0
317.0
206.0
65.0
1163.0
123.0
127.0
70.0
90.0
118.0
18.0
261.0
193.0
372.0
166.0
37.0
65.0
52.0
205.0
223.0
314.0
202.0
837.0
1201.0
477.0
1231.0
35.0
513.0
114.0
183.0
44.0
350.0
255.0
401.0
61.0
310.0
217.0
461.0
199.0
1109.0
171.0
337.0
443.0
1376.0
2611.0
1005.0
1049.0
13.0
215.0
540.0
293.0
70.0
251.0
74.0
290.0
14.0
10.0
10.0
12.0
14.0
12.0
13.0
92.0
14.0
12.0
11.0
29.0
357.0
166.0
832.0
1262.0
597.0
332.0
1144.0
291.0
149.0
844.0
5314.0
5807.0
126.0
158.0
311.0
50.0
27.0
181.0
224.0
182.0
516.0
28.0
78.0
62.0
26.0
120.0
28.0
31.0
19.0
112.0
169.0
883.0
51.0
128.0
63.0
44.0
166.0
200.0
338.0
140.0
173.0
70.0
866.0
160.0
139.0
751.0
38.0
66.0
203.0
92.0
14.0
335.0
129.0
21.0
25.0
31.0
8.0
71.0
267.0
102.0
68.0
85.0
57.0
39.0
83.0
144.0
48.0
26.0
54.0
154.0
100.0
87.0
126.0
44.0
63.0
7.0
1594.0
59.0
113.0
55.0
44.0
611.0
869.0
114.0
1403.0
1064.0
24.0
116.0
116.0
257.0
6431.0
203.0
95.0
164.0
270.0
32.0
284.0
29.0
126.0
248.0
80.0
136.0
757.0
115.0
152.0
448.0
307.0
212.0
68.0
1287.0
131.0
119.0
70.0
94.0
117.0
19.0
272.0
195.0
370.0
168.0
39.0
70.0
49.0
188.0
235.0
315.0
205.0
894.0
1313.0
509.0
1336.0
35.0
547.0
109.0
188.0
44.0
341.0
258.0
380.0
61.0
313.0
233.0
460.0
209.0
1079.0
161.0
351.0
431.0
1290.0
2498.0
1033.0
1045.0
13.0
217.0
556.0
274.0
73.0
251.0
78.0
290.0
14.0
10.0
10.0
12.0
13.0
12.0
14.0
96.0
14.0
12.0
12.0
27.0
349.0
171.0
762.0
1360.0
568.0
358.0
1158.0
295.0
153.0
876.0
5032.0
5825.0
126.0
171.0
309.0
47.0
29.0
176.0
209.0
192.0
497.0
26.0
78.0
66.0
25.0
122.0
27.0
31.0
19.0
117.0
168.0
847.0
50.0
122.0
65.0
45.0
151.0
209.0
313.0
154.0
168.0
74.0
866.0
160.0
139.0
802.0
38.0
66.0
200.0
98.0
14.0
344.0
127.0
21.0
26.0
32.0
8.0
71.0
270.0
106.0
74.0
90.0
55.0
40.0
88.0
142.0
45.0
26.0
55.0
158.0
107.0
86.0
126.0
48.0
66.0
7.0
1559.0
58.0
118.0
59.0
46.0
604.0
864.0
117.0
1403.0
1154.0
26.0
112.0
110.0
262.0
6443.0
208.0
93.0
153.0
272.0
33.0
287.0
29.0
120.0
246.0
82.0
129.0
794.0
112.0
147.0
429.0
301.0
204.0
71.0
1198.0
133.0
120.0
71.0
92.0
115.0
19.0
270.0
199.0
358.0
160.0
38.0
71.0
51.0
190.0
223.0
323.0
203.0
846.0
1258.0
505.0
1347.0
35.0
535.0
109.0
180.0
46.0
334.0
244.0
396.0
60.0
293.0
222.0
505.0
198.0
1079.0
165.0
338.0
445.0
1317.0
2633.0
1092.0
952.0
13.0
227.0
534.0
278.0
69.0
247.0
77.0
282.0
13.0
10.0
10.0
12.0
13.0
12.0
13.0
100.0
13.0
12.0
12.0
28.0
350.0
167.0
825.0
1320.0
597.0
363.0
1146.0
292.0
154.0
857.0
5466.0
5784.0
130.0
157.0
307.0
47.0
28.0
193.0
225.0
182.0
525.0
27.0
72.0
62.0
27.0
119.0
28.0
33.0
20.0
108.0
166.0
889.0
50.0
129.0
64.0
46.0
159.0
216.0
315.0
152.0
176.0
72.0
819.0
159.0
140.0
788.0
35.0
61.0
205.0
90.0
14.0
347.0
126.0
21.0
26.0
29.0
8.0
71.0
271.0
112.0
72.0
83.0
54.0
39.0
83.0
150.0
46.0
27.0
58.0
163.0
111.0
84.0
126.0
47.0
67.0
7.0
1667.0
58.0
116.0
54.0
47.0
641.0
809.0
113.0
1406.0
1118.0
24.0
116.0
110.0
274.0
6626.0
213.0
101.0
153.0
279.0
33.0
266.0
30.0
130.0
245.0
83.0
138.0
773.0
114.0
147.0
426.0
297.0
224.0
67.0
1215.0
131.0
117.0
71.0
94.0
116.0
20.0
262.0
198.0
369.0
162.0
37.0
71.0
48.0
191.0
222.0
307.0
201.0
829.0
1219.0
513.0
1240.0
36.0
537.0
118.0
184.0
46.0
349.0
262.0
372.0
56.0
291.0
233.0
464.0
214.0
1089.0
170.0
348.0
409.0
1269.0
2763.0
1047.0
960.0
13.0
219.0
529.0
279.0
69.0
253.0
77.0
279.0
13.0
10.0
10.0
12.0
14.0
12.0
14.0
92.0
13.0
12.0
11.0
27.0
364.0
168.0
813.0
1287.0
569.0
328.0
1158.0
283.0
147.0
825.0
5217.0
5659.0
130.0
164.0
317.0
50.0
27.0
193.0
221.0
185.0
491.0
28.0
73.0
62.0
27.0
119.0
29.0
32.0
20.0
112.0
170.0
866.0
52.0
130.0
65.0
45.0
161.0
214.0
338.0
141.0
175.0
71.0
842.0
168.0
148.0
723.0
35.0
66.0
206.0
89.0
13.0
346.0
126.0
20.0
25.0
30.0
8.0
72.0
268.0
103.0
68.0
89.0
58.0
40.0
89.0
154.0
45.0
25.0
53.0
155.0
101.0
79.0
132.0
47.0
64.0
7.0
1555.0
55.0
114.0
54.0
45.0
629.0
844.0
113.0
1425.0
1079.0
24.0
119.0
111.0
254.0
6544.0
201.0
101.0
155.0
288.0
31.0
262.0
29.0
127.0
235.0
81.0
130.0
752.0
116.0
153.0
448.0
312.0
219.0
68.0
1163.0
134.0
118.0
70.0
88.0
110.0
20.0
259.0
192.0
372.0
158.0
38.0
64.0
49.0
193.0
228.0
322.0
189.0
821.0
1318.0
183.0
164.0
139.0
147.0
365.0
172.0
135.0
154.0
134.0
155.0
175.0
133.0
164.0
175.0
161.0
170.0
171.0
139.0
169.0
156.0
142.0
137.0
176.0
479.0
162.0
170.0
167.0
157.0
151.0
156.0
142.0
461.0
409.0
410.0
393.0
494.0
435.0
488.0
456.0
412.0
386.0
436.0
490.0
144.0
147.0
143.0
149.0
165.0
143.0
162.0
156.0
412.0
143.0
164.0
169.0
161.0
135.0
175.0
161.0
170.0
130.0
144.0
155.0
154.0
172.0
164.0
163.0
149.0
142.0
137.0
441.0
158.0
142.0
162.0
434.0
164.0
131.0
153.0
130.0
142.0
163.0
169.0
155.0
177.0
173.0
131.0
132.0
163.0
423.0
148.0
154.0
431.0
176.0
381.0
160.0
455.0
177.0
152.0
144.0
167.0
162.0
157.0
145.0
165.0
175.0
166.0
174.0
147.0
143.0
166.0
139.0
144.0
463.0
172.0
154.0
153.0
154.0
170.0
378.0
154.0
163.0
171.0
172.0
435.0
153.0
136.0
130.0
168.0
161.0
135.0
165.0
155.0
487.0
150.0
431.0
374.0
387.0
160.0
462.0
431.0
472.0
447.0
425.0
481.0
417.0
479.0
488.0
381.0
372.0
416.0
370.0
370.0
141.0
157.0
138.0
177.0
171.0
172.0
157.0
142.0
144.0
141.0
173.0
380.0
364.0
444.0
490.0
392.0
402.0
171.0
131.0
149.0
190.0
181.0
149.0
166.0
369.0
136.0
175.0
130.0
153.0
131.0
163.0
150.0
171.0
161.0
169.0
160.0
172.0
144.0
167.0
131.0
170.0
139.0
176.0
387.0
164.0
154.0
168.0
164.0
139.0
152.0
148.0
474.0
407.0
418.0
448.0
372.0
454.0
368.0
443.0
447.0
445.0
464.0
472.0
159.0
138.0
132.0
155.0
163.0
167.0
136.0
166.0
408.0
174.0
158.0
162.0
159.0
133.0
156.0
163.0
168.0
155.0
147.0
144.0
168.0
174.0
156.0
160.0
152.0
137.0
164.0
365.0
166.0
157.0
134.0
394.0
176.0
149.0
174.0
143.0
148.0
159.0
165.0
158.0
144.0
134.0
137.0
146.0
146.0
389.0
171.0
175.0
493.0
170.0
396.0
137.0
389.0
148.0
132.0
144.0
152.0
135.0
158.0
155.0
171.0
162.0
154.0
131.0
135.0
173.0
159.0
135.0
162.0
390.0
163.0
146.0
156.0
166.0
139.0
377.0
170.0
166.0
131.0
162.0
462.0
165.0
136.0
146.0
151.0
155.0
158.0
137.0
166.0
420.0
135.0
480.0
481.0
473.0
141.0
451.0
402.0
374.0
494.0
444.0
483.0
422.0
423.0
394.0
487.0
445.0
423.0
370.0
488.0
172.0
157.0
131.0
139.0
176.0
130.0
159.0
139.0
145.0
133.0
152.0
393.0
381.0
415.0
404.0
483.0
432.0
172.0
138.0
145.0
187.0
170.0
149.0
149.0
416.0
176.0
172.0
137.0
162.0
158.0
148.0
148.0
152.0
168.0
139.0
161.0
163.0
155.0
132.0
173.0
175.0
140.0
152.0
471.0
162.0
170.0
166.0
164.0
132.0
133.0
144.0
369.0
453.0
473.0
483.0
386.0
423.0
419.0
413.0
416.0
410.0
488.0
441.0
151.0
141.0
146.0
164.0
150.0
158.0
161.0
144.0
438.0
133.0
142.0
148.0
172.0
132.0
171.0
131.0
159.0
160.0
134.0
160.0
134.0
176.0
148.0
143.0
136.0
152.0
169.0
424.0
133.0
166.0
136.0
436.0
165.0
176.0
169.0
157.0
147.0
176.0
147.0
165.0
145.0
169.0
160.0
165.0
166.0
493.0
153.0
171.0
475.0
160.0
438.0
168.0
425.0
176.0
137.0
171.0
130.0
130.0
161.0
163.0
146.0
166.0
166.0
165.0
165.0
160.0
156.0
124.0
158.0
367.0
137.0
159.0
135.0
136.0
159.0
424.0
150.0
132.0
131.0
143.0
431.0
161.0
137.0
159.0
143.0
133.0
141.0
158.0
149.0
408.0
159.0
442.0
482.0
390.0
130.0
413.0
425.0
432.0
379.0
395.0
371.0
480.0
480.0
387.0
418.0
464.0
488.0
489.0
383.0
171.0
164.0
153.0
132.0
165.0
134.0
138.0
145.0
164.0
147.0
171.0
376.0
466.0
386.0
472.0
437.0
494.0
146.0
156.0
140.0
176.0
161.0
159.0
146.0
473.0
145.0
171.0
167.0
155.0
153.0
148.0
140.0
140.0
150.0
141.0
174.0
151.0
177.0
135.0
167.0
157.0
154.0
175.0
406.0
163.0
143.0
144.0
173.0
145.0
139.0
150.0
374.0
467.0
482.0
461.0
388.0
424.0
472.0
427.0
438.0
425.0
487.0
458.0
151.0
139.0
142.0
172.0
147.0
137.0
149.0
164.0
482.0
162.0
157.0
174.0
176.0
167.0
130.0
147.0
131.0
166.0
154.0
146.0
165.0
171.0
170.0
136.0
119.0
168.0
177.0
401.0
158.0
173.0
150.0
363.0
132.0
150.0
141.0
158.0
172.0
131.0
152.0
132.0
157.0
160.0
131.0
132.0
139.0
377.0
139.0
130.0
371.0
154.0
433.0
132.0
370.0
171.0
152.0
163.0
153.0
154.0
145.0
140.0
165.0
163.0
139.0
149.0
133.0
139.0
174.0
128.0
133.0
411.0
160.0
135.0
134.0
161.0
157.0
457.0
132.0
145.0
138.0
173.0
484.0
152.0
147.0
165.0
163.0
137.0
170.0
171.0
148.0
491.0
173.0
492.0
454.0
414.0
141.0
418.0
384.0
433.0
388.0
434.0
382.0
443.0
397.0
376.0
450.0
478.0
468.0
464.0
390.0
171.0
145.0
161.0
174.0
147.0
162.0
146.0
171.0
144.0
145.0
168.0
364.0
436.0
363.0
401.0
430.0
401.0
131.0
133.0
142.0
179.0
189.0
148.0
161.0
438.0
145.0
148.0
141.0
148.0
170.0
156.0
157.0
130.0
166.0
175.0
155.0
132.0
146.0
158.0
173.0
149.0
135.0
152.0
494.0
160.0
167.0
175.0
146.0
164.0
132.0
174.0
387.0
388.0
439.0
469.0
385.0
438.0
494.0
475.0
372.0
421.0
372.0
381.0
173.0
136.0
133.0
160.0
168.0
155.0
135.0
141.0
491.0
133.0
131.0
171.0
134.0
173.0
173.0
133.0
131.0
134.0
156.0
153.0
144.0
133.0
147.0
139.0
146.0
159.0
148.0
481.0
146.0
159.0
160.0
419.0
160.0
166.0
169.0
130.0
146.0
137.0
141.0
134.0
162.0
162.0
136.0
137.0
171.0
410.0
142.0
137.0
477.0
137.0
386.0
134.0
387.0
175.0
143.0
161.0
139.0
154.0
137.0
163.0
172.0
175.0
142.0
146.0
142.0
171.0
148.0
145.0
160.0
470.0
137.0
148.0
168.0
156.0
146.0
467.0
147.0
158.0
156.0
144.0
378.0
133.0
159.0
140.0
144.0
143.0
135.0
140.0
159.0
370.0
136.0
406.0
474.0
380.0
169.0
490.0
392.0
473.0
423.0
434.0
364.0
365.0
377.0
452.0
473.0
363.0
379.0
458.0
452.0
172.0
176.0
148.0
166.0
157.0
142.0
159.0
160.0
140.0
166.0
173.0
386.0
387.0
374.0
480.0
397.0
438.0
130.0
163.0
152.0
197.0
194.0
153.0
132.0
379.0
172.0
141.0
166.0
159.0
137.0
155.0
164.0
149.0
173.0
137.0
136.0
139.0
170.0
150.0
146.0
170.0
130.0
174.0
383.0
136.0
142.0
164.0
167.0
161.0
130.0
151.0
382.0
461.0
460.0
493.0
412.0
424.0
414.0
371.0
447.0
401.0
483.0
441.0
170.0
143.0
153.0
149.0
157.0
147.0
138.0
151.0
420.0
144.0
133.0
170.0
167.0
155.0
134.0
153.0
146.0
172.0
136.0
164.0
139.0
157.0
137.0
152.0
123.0
154.0
144.0
370.0
142.0
154.0
151.0
389.0
150.0
171.0
147.0
138.0
134.0
156.0
160.0
134.0
149.0
172.0
142.0
165.0
171.0
459.0
169.0
151.0
463.0
175.0
428.0
169.0
376.0
147.0
166.0
165.0
149.0
177.0
168.0
141.0
170.0
150.0
175.0
165.0
160.0
169.0
143.0
145.0
176.0
425.0
132.0
166.0
172.0
146.0
166.0
408.0
151.0
164.0
143.0
151.0
414.0
131.0
161.0
132.0
150.0
154.0
132.0
130.0
146.0
379.0
138.0
473.0
452.0
493.0
149.0
485.0
492.0
399.0
465.0
403.0
438.0
393.0
381.0
473.0
413.0
479.0
379.0
386.0
419.0
152.0
146.0
140.0
170.0
167.0
143.0
163.0
158.0
170.0
162.0
137.0
402.0
454.0
423.0
427.0
459.0
387.0
145.0
167.0
133.0
153.0
198.0
139.0
166.0
421.0
144.0
174.0
166.0
149.0
132.0
166.0
144.0
131.0
165.0
153.0
160.0
160.0
168.0
151.0
153.0
168.0
150.0
169.0
469.0
142.0
135.0
147.0
147.0
137.0
145.0
176.0
385.0
446.0
426.0
487.0
468.0
419.0
394.0
368.0
374.0
450.0
487.0
460.0
164.0
160.0
160.0
135.0
165.0
171.0
134.0
144.0
370.0
161.0
159.0
157.0
146.0
143.0
163.0
147.0
176.0
146.0
167.0
171.0
175.0
161.0
155.0
175.0
145.0
146.0
158.0
442.0
138.0
148.0
161.0
366.0
140.0
176.0
147.0
142.0
148.0
168.0
132.0
172.0
133.0
154.0
170.0
134.0
176.0
404.0
155.0
140.0
451.0
159.0
442.0
163.0
376.0
164.0
140.0
169.0
158.0
147.0
159.0
167.0
143.0
151.0
136.0
176.0
170.0
140.0
175.0
133.0
159.0
488.0
145.0
156.0
163.0
158.0
163.0
400.0
133.0
135.0
143.0
163.0
473.0
155.0
163.0
166.0
175.0
166.0
166.0
151.0
136.0
470.0
170.0
435.0
457.0
368.0
176.0
435.0
471.0
395.0
489.0
386.0
363.0
383.0
489.0
426.0
393.0
413.0
404.0
426.0
473.0
169.0
163.0
165.0
173.0
147.0
169.0
155.0
138.0
133.0
139.0
137.0
412.0
408.0
457.0
477.0
440.0
471.0
139.0
151.0
138.0
198.0
204.0
139.0
141.0
465.0
132.0
175.0
161.0
165.0
134.0
156.0
135.0
136.0
141.0
159.0
175.0
148.0
134.0
170.0
151.0
157.0
170.0
173.0
470.0
133.0
142.0
168.0
147.0
132.0
170.0
144.0
421.0
457.0
395.0
433.0
479.0
469.0
415.0
423.0
413.0
371.0
410.0
374.0
176.0
151.0
163.0
133.0
148.0
171.0
163.0
130.0
373.0
174.0
134.0
153.0
138.0
164.0
164.0
168.0
158.0
165.0
162.0
166.0
143.0
169.0
158.0
139.0
149.0
133.0
135.0
464.0
171.0
153.0
176.0
439.0
146.0
175.0
173.0
153.0
156.0
150.0
158.0
131.0
162.0
161.0
130.0
154.0
132.0
474.0
143.0
161.0
435.0
173.0
467.0
166.0
383.0
150.0
168.0
151.0
152.0
147.0
148.0
141.0
143.0
177.0
132.0
154.0
164.0
174.0
149.0
115.0
149.0
364.0
133.0
164.0
167.0
146.0
177.0
467.0
158.0
173.0
159.0
169.0
471.0
157.0
142.0
157.0
176.0
142.0
147.0
175.0
151.0
440.0
130.0
472.0
384.0
438.0
154.0
439.0
463.0
463.0
367.0
494.0
392.0
382.0
427.0
480.0
444.0
461.0
425.0
403.0
384.0
152.0
160.0
154.0
134.0
132.0
170.0
176.0
166.0
161.0
135.0
173.0
393.0
486.0
382.0
412.0
370.0
415.0
173.0
168.0
130.0
162.0
185.0
153.0
139.0
375.0
173.0
149.0
158.0
131.0
153.0
152.0
174.0
148.0
135.0
171.0
161.0
177.0
159.0
154.0
144.0
167.0
177.0
141.0
395.0
132.0
174.0
161.0
139.0
176.0
174.0
163.0
431.0
415.0
441.0
372.0
380.0
489.0
456.0
432.0
373.0
474.0
416.0
393.0
157.0
169.0
145.0
135.0
140.0
163.0
160.0
152.0
466.0
167.0
156.0
164.0
163.0
135.0
136.0
158.0
138.0
145.0
133.0
152.0
153.0
140.0
168.0
164.0
113.0
171.0
145.0
477.0
132.0
154.0
157.0
400.0
176.0
161.0
163.0
160.0
151.0
134.0
157.0
142.0
154.0
170.0
162.0
137.0
140.0
383.0
167.0
149.0
433.0
133.0
416.0
133.0
492.0
144.0
175.0
175.0
172.0
139.0
168.0
162.0
161.0
140.0
173.0
137.0
169.0
147.0
155.0
123.0
160.0
366.0
149.0
146.0
154.0
151.0
146.0
430.0
151.0
130.0
174.0
165.0
426.0
161.0
134.0
153.0
152.0
139.0
149.0
131.0
138.0
435.0
157.0
490.0
363.0
373.0
163.0
420.0
394.0
410.0
443.0
424.0
418.0
405.0
363.0
434.0
384.0
426.0
367.0
379.0
472.0
161.0
138.0
172.0
155.0
152.0
138.0
167.0
161.0
156.0
166.0
136.0
441.0
380.0
363.0
448.0
458.0
412.0
133.0
170.0
154.0
156.0
197.0
140.0
149.0
366.0
172.0
137.0
174.0
150.0
160.0
167.0
135.0
140.0
149.0
171.0
137.0
132.0
134.0
145.0
174.0
146.0
158.0
151.0
464.0
165.0
134.0
163.0
160.0
162.0
167.0
154.0
459.0
379.0
477.0
423.0
465.0
428.0
471.0
375.0
488.0
425.0
490.0
489.0
135.0
142.0
150.0
159.0
151.0
136.0
151.0
172.0
391.0
171.0
132.0
148.0
168.0
177.0
135.0
146.0
152.0
133.0
170.0
176.0
149.0
153.0
173.0
138.0
113.0
158.0
152.0
371.0
166.0
163.0
152.0
479.0
145.0
169.0
158.0
137.0
166.0
175.0
161.0
171.0
153.0
133.0
151.0
165.0
132.0
427.0
146.0
137.0
417.0
135.0
388.0
154.0
382.0
161.0
141.0
150.0
158.0
168.0
133.0
163.0
171.0
142.0
170.0
166.0
158.0
163.0
154.0
140.0
148.0
404.0
154.0
148.0
154.0
156.0
134.0
468.0
159.0
174.0
159.0
142.0
477.0
143.0
142.0
135.0
146.0
166.0
172.0
164.0
151.0
425.0
133.0
460.0
425.0
423.0
165.0
489.0
466.0
421.0
455.0
479.0
386.0
456.0
487.0
430.0
425.0
475.0
466.0
430.0
386.0
144.0
131.0
152.0
132.0
170.0
165.0
169.0
165.0
165.0
143.0
173.0
477.0
474.0
472.0
383.0
375.0
492.0
149.0
131.0
149.0
189.0
162.0
172.0
143.0
438.0
158.0
144.0
158.0
155.0
156.0
162.0
155.0
130.0
159.0
151.0
162.0
142.0
139.0
164.0
142.0
155.0
177.0
159.0
494.0
144.0
139.0
146.0
142.0
131.0
143.0
131.0
397.0
380.0
385.0
438.0
453.0
412.0
438.0
374.0
475.0
408.0
401.0
375.0
144.0
134.0
175.0
172.0
158.0
136.0
162.0
142.0
419.0
139.0
143.0
137.0
156.0
154.0
143.0
143.0
134.0
151.0
165.0
156.0
137.0
172.0
167.0
160.0
150.0
168.0
177.0
436.0
159.0
148.0
149.0
451.0
158.0
143.0
172.0
160.0
152.0
154.0
153.0
139.0
141.0
133.0
168.0
169.0
150.0
438.0
175.0
159.0
366.0
174.0
462.0
175.0
432.0
153.0
159.0
169.0
172.0
171.0
163.0
173.0
143.0
143.0
153.0
159.0
157.0
140.0
134.0
144.0
148.0
489.0
165.0
130.0
161.0
174.0
144.0
374.0
152.0
137.0
160.0
174.0
426.0
136.0
149.0
153.0
133.0
133.0
152.0
132.0
134.0
385.0
175.0
374.0
487.0
402.0
175.0
447.0
400.0
449.0
467.0
370.0
441.0
463.0
364.0
469.0
418.0
384.0
384.0
438.0
488.0
161.0
175.0
168.0
151.0
172.0
165.0
150.0
150.0
158.0
173.0
152.0
462.0
484.0
365.0
466.0
371.0
434.0
163.0
130.0
136.0
180.0
178.0
159.0
132.0
370.0
133.0
162.0
155.0
172.0
138.0
149.0
148.0
150.0
143.0
130.0
139.0
143.0
143.0
144.0
170.0
174.0
131.0
169.0
390.0
139.0
169.0
166.0
135.0
133.0
167.0
166.0
443.0
369.0
412.0
437.0
389.0
363.0
425.0
459.0
374.0
383.0
377.0
393.0
136.0
168.0
152.0
161.0
173.0
169.0
164.0
176.0
474.0
132.0
131.0
150.0
159.0
132.0
161.0
173.0
139.0
135.0
134.0
174.0
131.0
136.0
145.0
171.0
132.0
174.0
142.0
402.0
166.0
133.0
152.0
426.0
130.0
148.0
156.0
149.0
146.0
163.0
160.0
170.0
167.0
137.0
175.0
148.0
162.0
451.0
171.0
150.0
468.0
136.0
479.0
155.0
366.0
143.0
143.0
159.0
141.0
152.0
158.0
133.0
159.0
176.0
130.0
150.0
130.0
136.0
144.0
132.0
154.0
470.0
132.0
176.0
162.0
172.0
141.0
467.0
138.0
157.0
147.0
130.0
407.0
135.0
159.0
170.0
147.0
168.0
131.0
137.0
176.0
467.0
150.0
398.0
449.0
436.0
155.0
420.0
485.0
427.0
487.0
372.0
402.0
492.0
382.0
401.0
456.0
421.0
425.0
466.0
462.0
163.0
150.0
174.0
172.0
155.0
153.0
159.0
153.0
134.0
169.0
142.0
419.0
448.0
372.0
468.0
429.0
372.0
152.0
131.0
131.0
187.0
197.0
137.0
136.0
378.0
174.0
161.0
174.0
164.0
176.0
168.0
152.0
161.0
144.0
142.0
168.0
166.0
136.0
132.0
140.0
159.0
133.0
140.0
489.0
159.0
131.0
149.0
135.0
152.0
154.0
134.0
450.0
430.0
494.0
491.0
446.0
409.0
479.0
382.0
490.0
428.0
427.0
454.0
154.0
165.0
169.0
131.0
149.0
176.0
140.0
133.0
417.0
139.0
174.0
134.0
144.0
142.0
153.0
169.0
145.0
154.0
147.0
132.0
130.0
136.0
176.0
176.0
124.0
139.0
156.0
373.0
158.0
158.0
170.0
478.0
171.0
142.0
139.0
144.0
158.0
151.0
141.0
153.0
159.0
133.0
133.0
168.0
142.0
385.0
133.0
174.0
447.0
177.0
398.0
176.0
449.0
159.0
146.0
135.0
138.0
164.0
143.0
142.0
151.0
130.0
158.0
152.0
173.0
154.0
151.0
130.0
156.0
455.0
177.0
137.0
163.0
138.0
139.0
410.0
140.0
142.0
149.0
174.0
465.0
171.0
168.0
166.0
142.0
149.0
146.0
171.0
148.0
455.0
171.0
378.0
457.0
375.0
163.0
435.0
383.0
379.0
398.0
393.0
411.0
446.0
414.0
365.0
440.0
385.0
468.0
477.0
490.0
171.0
174.0
152.0
148.0
148.0
150.0
146.0
142.0
147.0
161.0
154.0
491.0
459.0
388.0
472.0
449.0
452.0
135.0
137.0
167.0
155.0
186.0
174.0
163.0
450.0
131.0
150.0
167.0
160.0
168.0
170.0
142.0
173.0
147.0
170.0
161.0
144.0
139.0
162.0
152.0
131.0
176.0
140.0
416.0
151.0
170.0
154.0
149.0
143.0
156.0
156.0
420.0
473.0
399.0
445.0
422.0
485.0
480.0
388.0
382.0
402.0
387.0
408.0
153.0
176.0
153.0
133.0
133.0
175.0
149.0
137.0
465.0
161.0
164.0
140.0
144.0
160.0
169.0
148.0
155.0
139.0
132.0
147.0
166.0
164.0
163.0
138.0
127.0
149.0
174.0
462.0
153.0
133.0
160.0
495.0
146.0
160.0
167.0
136.0
172.0
154.0
140.0
153.0
165.0
153.0
158.0
176.0
136.0
420.0
141.0
171.0
467.0
163.0
449.0
164.0
385.0
167.0
152.0
154.0
170.0
132.0
169.0
147.0
143.0
143.0
142.0
145.0
153.0
151.0
133.0
117.0
131.0
371.0
146.0
135.0
148.0
168.0
148.0
407.0
163.0
150.0
168.0
168.0
449.0
140.0
135.0
150.0
148.0
138.0
135.0
167.0
145.0
370.0
157.0
395.0
389.0
477.0
137.0
464.0
387.0
388.0
378.0
407.0
428.0
467.0
462.0
378.0
447.0
381.0
424.0
447.0
370.0
171.0
164.0
158.0
133.0
150.0
150.0
134.0
138.0
138.0
159.0
149.0
392.0
477.0
384.0
454.0
487.0
418.0
139.0
175.0
176.0
208.0
175.0
153.0
140.0
381.0
139.0
158.0
139.0
150.0
156.0
175.0
173.0
167.0
135.0
145.0
134.0
151.0
162.0
144.0
130.0
149.0
141.0
148.0
415.0
150.0
139.0
144.0
165.0
150.0
154.0
165.0
401.0
431.0
456.0
475.0
439.0
490.0
363.0
452.0
372.0
387.0
414.0
386.0
151.0
136.0
171.0
174.0
153.0
131.0
154.0
168.0
450.0
176.0
177.0
143.0
173.0
145.0
160.0
133.0
135.0
149.0
145.0
153.0
139.0
134.0
165.0
149.0
118.0
162.0
160.0
460.0
142.0
158.0
142.0
391.0
172.0
131.0
137.0
152.0
151.0
157.0
172.0
160.0
172.0
161.0
152.0
156.0
160.0
485.0
146.0
158.0
420.0
131.0
424.0
135.0
487.0
169.0
171.0
177.0
148.0
150.0
150.0
155.0
150.0
165.0
167.0
136.0
142.0
167.0
137.0
113.0
143.0
431.0
165.0
140.0
136.0
131.0
148.0
436.0
174.0
155.0
169.0
139.0
454.0
147.0
135.0
144.0
164.0
173.0
165.0
153.0
133.0
390.0
136.0
411.0
434.0
454.0
156.0
402.0
479.0
387.0
454.0
381.0
488.0
398.0
437.0
451.0
377.0
438.0
399.0
471.0
399.0
156.0
171.0
134.0
133.0
173.0
149.0
160.0
141.0
158.0
172.0
176.0
392.0
377.0
456.0
395.0
430.0
461.0
161.0
156.0
139.0
183.0
202.0
167.0
168.0
427.0
136.0
167.0
154.0
174.0
136.0
136.0
175.0
162.0
137.0
155.0
159.0
171.0
136.0
167.0
150.0
150.0
153.0
168.0
448.0
146.0
171.0
131.0
172.0
153.0
156.0
148.0
402.0
493.0
479.0
441.0
397.0
388.0
386.0
408.0
444.0
366.0
371.0
456.0
162.0
177.0
176.0
130.0
174.0
142.0
148.0
161.0
370.0
153.0
175.0
173.0
156.0
155.0
169.0
158.0
154.0
132.0
156.0
132.0
162.0
149.0
146.0
130.0
128.0
175.0
175.0
381.0
131.0
137.0
130.0
412.0
145.0
137.0
171.0
146.0
167.0
176.0
137.0
154.0
151.0
147.0
158.0
168.0
144.0
464.0
171.0
176.0
377.0
137.0
434.0
164.0
470.0
169.0
143.0
149.0
161.0
131.0
175.0
141.0
140.0
140.0
143.0
163.0
150.0
154.0
140.0
147.0
167.0
380.0
133.0
136.0
133.0
153.0
142.0
474.0
174.0
167.0
131.0
157.0
369.0
147.0
159.0
163.0
171.0
151.0
159.0
144.0
153.0
427.0
158.0
369.0
399.0
481.0
147.0
379.0
367.0
408.0
494.0
447.0
372.0
373.0
364.0
368.0
394.0
383.0
366.0
406.0
493.0
138.0
169.0
140.0
173.0
139.0
166.0
155.0
146.0
167.0
169.0
153.0
490.0
420.0
468.0
438.0
435.0
455.0
149.0
139.0
140.0
206.0
174.0
153.0
172.0
442.0
167.0
158.0
165.0
167.0
171.0
162.0
130.0
152.0
168.0
148.0
139.0
143.0
155.0
137.0
162.0
175.0
162.0
137.0
429.0
135.0
163.0
152.0
141.0
141.0
131.0
162.0
467.0
478.0
421.0
394.0
405.0
373.0
459.0
379.0
435.0
494.0
399.0
446.0
144.0
147.0
142.0
149.0
174.0
153.0
159.0
135.0
365.0
160.0
170.0
135.0
153.0
134.0
145.0
141.0
137.0
143.0
172.0
160.0
175.0
173.0
163.0
172.0
149.0
160.0
152.0
385.0
147.0
168.0
172.0
400.0
155.0
168.0
172.0
153.0
148.0
140.0
158.0
159.0
165.0
150.0
153.0
171.0
175.0
411.0
136.0
151.0
395.0
130.0
414.0
167.0
487.0
150.0
173.0
164.0
148.0
143.0
151.0
156.0
149.0
169.0
142.0
147.0
150.0
139.0
151.0
152.0
163.0
407.0
156.0
166.0
139.0
170.0
132.0
477.0
137.0
160.0
169.0
167.0
414.0
135.0
142.0
149.0
163.0
152.0
160.0
151.0
137.0
378.0
164.0
438.0
492.0
401.0
146.0
409.0
415.0
430.0
409.0
430.0
434.0
432.0
455.0
460.0
413.0
436.0
466.0
439.0
411.0
144.0
172.0
143.0
175.0
173.0
143.0
162.0
154.0
170.0
175.0
150.0
374.0
421.0
426.0
388.0
383.0
408.0
145.0
158.0
138.0
182.0
175.0
133.0
164.0
407.0
134.0
170.0
153.0
155.0
154.0
163.0
148.0
165.0
145.0
149.0
153.0
159.0
176.0
167.0
161.0
149.0
132.0
167.0
390.0
173.0
167.0
136.0
150.0
136.0
137.0
155.0
434.0
483.0
420.0
402.0
486.0
414.0
394.0
464.0
456.0
385.0
395.0
400.0
145.0
150.0
141.0
145.0
148.0
149.0
135.0
133.0
384.0
133.0
173.0
155.0
140.0
164.0
140.0
132.0
149.0
176.0
143.0
167.0
174.0
148.0
174.0
154.0
126.0
154.0
168.0
455.0
165.0
154.0
166.0
481.0
137.0
133.0
155.0
174.0
155.0
158.0
156.0
136.0
143.0
135.0
131.0
167.0
143.0
466.0
154.0
164.0
412.0
155.0
399.0
148.0
372.0
171.0
163.0
174.0
144.0
172.0
141.0
152.0
155.0
145.0
150.0
168.0
151.0
167.0
158.0
117.0
175.0
467.0
166.0
135.0
143.0
138.0
176.0
485.0
157.0
167.0
140.0
138.0
372.0
174.0
150.0
168.0
163.0
164.0
157.0
170.0
172.0
395.0
149.0
458.0
491.0
403.0
161.0
374.0
494.0
397.0
477.0
480.0
427.0
374.0
434.0
454.0
374.0
436.0
376.0
451.0
367.0
150.0
148.0
170.0
142.0
174.0
156.0
145.0
137.0
168.0
176.0
164.0
464.0
490.0
400.0
376.0
419.0
393.0
166.0
169.0
150.0
202.0
185.0
150.0
149.0
384.0
160.0
149.0
172.0
145.0
138.0
145.0
174.0
159.0
139.0
165.0
148.0
135.0
152.0
174.0
135.0
162.0
160.0
148.0
443.0
143.0
159.0
146.0
154.0
134.0
152.0
141.0
490.0
491.0
417.0
415.0
378.0
426.0
423.0
454.0
472.0
416.0
368.0
478.0
157.0
154.0
158.0
157.0
143.0
130.0
168.0
163.0
378.0
165.0
144.0
137.0
173.0
150.0
155.0
153.0
161.0
144.0
159.0
169.0
176.0
167.0
133.0
131.0
144.0
150.0
161.0
373.0
161.0
170.0
144.0
387.0
130.0
166.0
176.0
177.0
169.0
140.0
157.0
169.0
147.0
148.0
141.0
134.0
158.0
462.0
143.0
131.0
475.0
166.0
473.0
159.0
452.0
170.0
177.0
143.0
134.0
152.0
171.0
146.0
149.0
172.0
176.0
136.0
156.0
159.0
171.0
136.0
154.0
452.0
168.0
167.0
145.0
138.0
131.0
491.0
163.0
175.0
165.0
177.0
393.0
136.0
139.0
139.0
169.0
177.0
132.0
175.0
161.0
403.0
143.0
451.0
494.0
385.0
133.0
465.0
436.0
378.0
434.0
400.0
391.0
452.0
406.0
438.0
405.0
364.0
385.0
449.0
490.0
137.0
142.0
140.0
166.0
172.0
168.0
174.0
144.0
156.0
135.0
176.0
484.0
368.0
406.0
469.0
483.0
478.0
147.0
153.0
131.0
165.0
189.0
139.0
166.0
379.0
143.0
164.0
144.0
141.0
165.0
134.0
155.0
135.0
139.0
151.0
173.0
154.0
157.0
135.0
167.0
154.0
167.0
148.0
460.0
145.0
149.0
140.0
172.0
171.0
174.0
136.0
399.0
366.0
493.0
368.0
447.0
448.0
472.0
447.0
415.0
474.0
372.0
433.0
161.0
146.0
157.0
151.0
142.0
162.0
167.0
136.0
429.0
163.0
130.0
159.0
176.0
154.0
150.0
140.0
157.0
171.0
175.0
140.0
157.0
168.0
130.0
138.0
137.0
166.0
171.0
439.0
160.0
158.0
146.0
452.0
141.0
144.0
168.0
142.0
138.0
148.0
167.0
158.0
164.0
171.0
163.0
159.0
141.0
470.0
154.0
139.0
374.0
158.0
391.0
132.0
476.0
144.0
157.0
167.0
153.0
133.0
157.0
173.0
159.0
139.0
144.0
170.0
158.0
156.0
142.0
122.0
154.0
374.0
159.0
156.0
156.0
174.0
156.0
493.0
152.0
152.0
164.0
162.0
469.0
176.0
171.0
171.0
143.0
165.0
159.0
130.0
156.0
400.0
139.0
401.0
375.0
425.0
173.0
376.0
368.0
479.0
364.0
410.0
391.0
482.0
455.0
435.0
429.0
372.0
423.0
380.0
452.0
174.0
158.0
156.0
174.0
138.0
132.0
135.0
176.0
137.0
163.0
136.0
421.0
439.0
437.0
456.0
451.0
424.0
176.0
151.0
158.0
177.0
176.0
139.0
177.0
458.0
153.0
171.0
140.0
172.0
147.0
152.0
153.0
172.0
170.0
141.0
139.0
174.0
155.0
146.0
161.0
146.0
167.0
164.0
456.0
157.0
170.0
165.0
152.0
161.0
170.0
174.0
442.0
492.0
477.0
389.0
493.0
415.0
375.0
449.0
373.0
445.0
475.0
433.0
174.0
159.0
134.0
165.0
152.0
155.0
149.0
162.0
403.0
141.0
170.0
168.0
152.0
159.0
138.0
162.0
166.0
133.0
130.0
173.0
149.0
175.0
143.0
170.0
127.0
172.0
176.0
373.0
170.0
140.0
166.0
383.0
176.0
176.0
149.0
174.0
152.0
134.0
163.0
166.0
165.0
171.0
154.0
175.0
135.0
472.0
145.0
162.0
454.0
152.0
469.0
130.0
492.0
161.0
176.0
166.0
137.0
148.0
159.0
153.0
149.0
155.0
174.0
158.0
142.0
161.0
131.0
137.0
149.0
453.0
132.0
174.0
151.0
161.0
164.0
438.0
170.0
146.0
144.0
174.0
468.0
154.0
132.0
154.0
161.0
151.0
135.0
170.0
159.0
435.0
134.0
435.0
404.0
432.0
167.0
463.0
459.0
400.0
366.0
464.0
439.0
423.0
418.0
430.0
368.0
428.0
415.0
484.0
433.0
150.0
134.0
167.0
168.0
170.0
163.0
145.0
162.0
169.0
154.0
156.0
380.0
439.0
470.0
420.0
432.0
406.0
175.0
142.0
142.0
186.0
203.0
157.0
136.0
471.0
159.0
167.0
132.0
174.0
135.0
146.0
137.0
161.0
141.0
176.0
140.0
147.0
153.0
142.0
175.0
161.0
142.0
171.0
468.0
149.0
137.0
175.0
131.0
151.0
134.0
162.0
412.0
450.0
408.0
454.0
441.0
443.0
378.0
400.0
431.0
408.0
452.0
418.0
157.0
132.0
157.0
161.0
175.0
142.0
162.0
135.0
444.0
143.0
143.0
159.0
132.0
170.0
135.0
165.0
153.0
176.0
146.0
158.0
171.0
171.0
165.0
148.0
139.0
140.0
156.0
483.0
162.0
132.0
173.0
374.0
140.0
140.0
167.0
162.0
134.0
141.0
156.0
171.0
166.0
163.0
136.0
155.0
145.0
465.0
175.0
146.0
488.0
159.0
380.0
173.0
420.0
143.0
130.0
160.0
167.0
167.0
154.0
133.0
160.0
152.0
141.0
170.0
160.0
157.0
136.0
141.0
149.0
452.0
140.0
169.0
135.0
162.0
157.0
429.0
166.0
142.0
171.0
152.0
418.0
176.0
164.0
170.0
148.0
160.0
134.0
146.0
166.0
402.0
134.0
470.0
489.0
410.0
142.0
479.0
391.0
420.0
378.0
415.0
378.0
467.0
384.0
464.0
435.0
365.0
396.0
441.0
468.0
164.0
159.0
134.0
158.0
160.0
177.0
139.0
143.0
158.0
163.0
153.0
436.0
471.0
447.0
372.0
411.0
477.0
158.0
140.0
170.0
162.0
157.0
149.0
153.0
459.0
176.0
136.0
173.0
157.0
146.0
145.0
171.0
134.0
142.0
156.0
151.0
146.0
175.0
149.0
154.0
172.0
175.0
140.0
467.0
157.0
146.0
165.0
150.0
165.0
146.0
171.0
439.0
421.0
487.0
467.0
437.0
467.0
364.0
378.0
442.0
426.0
388.0
463.0
133.0
175.0
162.0
171.0
177.0
137.0
154.0
169.0
376.0
150.0
133.0
135.0
154.0
139.0
172.0
170.0
135.0
151.0
172.0
133.0
140.0
142.0
164.0
176.0
140.0
156.0
175.0
482.0
139.0
145.0
132.0
454.0
164.0
165.0
147.0
166.0
168.0
157.0
132.0
167.0
141.0
152.0
174.0
140.0
168.0
460.0
139.0
164.0
443.0
150.0
428.0
145.0
369.0
137.0
147.0
177.0
146.0
131.0
157.0
166.0
138.0
144.0
158.0
168.0
138.0
171.0
132.0
144.0
166.0
461.0
138.0
168.0
177.0
169.0
170.0
406.0
150.0
177.0
176.0
138.0
469.0
134.0
174.0
159.0
152.0
150.0
141.0
158.0
157.0
472.0
147.0
395.0
435.0
397.0
165.0
465.0
410.0
478.0
392.0
451.0
456.0
444.0
397.0
456.0
490.0
493.0
375.0
367.0
431.0
155.0
150.0
158.0
132.0
136.0
140.0
157.0
161.0
140.0
174.0
153.0
485.0
408.0
377.0
402.0
425.0
369.0
139.0
154.0
151.0
184.0
153.0
141.0
132.0
369.0
139.0
167.0
172.0
141.0
163.0
174.0
140.0
174.0
173.0
137.0
168.0
157.0
138.0
158.0
139.0
159.0
168.0
149.0
472.0
169.0
162.0
152.0
176.0
154.0
135.0
141.0
440.0
400.0
450.0
460.0
421.0
494.0
365.0
363.0
416.0
478.0
363.0
467.0
146.0
171.0
157.0
174.0
142.0
177.0
136.0
132.0
460.0
177.0
163.0
141.0
151.0
161.0
157.0
131.0
156.0
163.0
168.0
163.0
150.0
170.0
143.0
173.0
132.0
161.0
154.0
373.0
157.0
146.0
147.0
452.0
177.0
146.0
131.0
136.0
131.0
160.0
160.0
148.0
163.0
175.0
156.0
146.0
140.0
415.0
161.0
135.0
480.0
134.0
408.0
143.0
483.0
175.0
152.0
141.0
146.0
162.0
175.0
162.0
161.0
148.0
166.0
135.0
145.0
166.0
131.0
116.0
164.0
440.0
130.0
144.0
173.0
160.0
135.0
435.0
158.0
176.0
165.0
174.0
421.0
158.0
143.0
140.0
170.0
137.0
174.0
174.0
147.0
389.0
164.0
443.0
455.0
386.0
156.0
399.0
367.0
388.0
368.0
459.0
465.0
485.0
371.0
481.0
386.0
471.0
433.0
409.0
447.0
171.0
145.0
172.0
137.0
172.0
140.0
161.0
158.0
133.0
142.0
144.0
466.0
381.0
486.0
481.0
388.0
435.0
177.0
134.0
139.0
173.0
152.0
144.0
173.0
482.0
165.0
172.0
134.0
132.0
134.0
135.0
163.0
144.0
136.0
165.0
133.0
151.0
157.0
174.0
164.0
158.0
151.0
163.0
415.0
142.0
136.0
177.0
166.0
133.0
131.0
150.0
463.0
369.0
485.0
479.0
483.0
369.0
466.0
454.0
433.0
476.0
465.0
389.0
134.0
141.0
174.0
167.0
131.0
163.0
135.0
160.0
448.0
177.0
158.0
171.0
138.0
147.0
175.0
175.0
167.0
141.0
168.0
142.0
146.0
175.0
156.0
149.0
122.0
148.0
147.0
438.0
152.0
170.0
130.0
375.0
163.0
164.0
131.0
174.0
142.0
144.0
164.0
167.0
143.0
132.0
160.0
176.0
174.0
421.0
166.0
153.0
377.0
161.0
431.0
167.0
467.0
135.0
131.0
166.0
165.0
155.0
167.0
171.0
154.0
174.0
141.0
159.0
162.0
175.0
132.0
151.0
138.0
381.0
175.0
177.0
165.0
142.0
172.0
465.0
176.0
169.0
144.0
144.0
444.0
137.0
170.0
160.0
171.0
172.0
155.0
136.0
140.0
483.0
133.0
378.0
439.0
418.0
162.0
363.0
376.0
419.0
426.0
449.0
470.0
444.0
470.0
449.0
492.0
363.0
466.0
474.0
470.0
146.0
145.0
131.0
175.0
173.0
168.0
176.0
173.0
141.0
176.0
171.0
375.0
475.0
453.0
386.0
444.0
388.0
171.0
138.0
158.0
158.0
177.0
170.0
163.0
458.0
143.0
132.0
147.0
159.0
152.0
161.0
163.0
153.0
147.0
157.0
139.0
164.0
142.0
162.0
152.0
163.0
159.0
175.0
386.0
167.0
137.0
150.0
139.0
171.0
148.0
167.0
369.0
442.0
399.0
464.0
415.0
393.0
369.0
434.0
428.0
451.0
429.0
464.0
151.0
156.0
141.0
137.0
148.0
132.0
162.0
156.0
369.0
169.0
165.0
174.0
140.0
148.0
165.0
172.0
139.0
177.0
154.0
150.0
139.0
144.0
139.0
131.0
118.0
169.0
137.0
452.0
163.0
176.0
154.0
493.0
173.0
169.0
168.0
155.0
148.0
142.0
163.0
147.0
158.0
131.0
146.0
138.0
156.0
462.0
133.0
152.0
419.0
135.0
474.0
166.0
402.0
155.0
177.0
171.0
159.0
145.0
161.0
149.0
166.0
173.0
168.0
154.0
167.0
162.0
159.0
115.0
145.0
454.0
173.0
134.0
145.0
175.0
162.0
492.0
171.0
153.0
170.0
174.0
407.0
176.0
177.0
165.0
170.0
164.0
160.0
144.0
151.0
459.0
142.0
393.0
444.0
421.0
134.0
377.0
385.0
470.0
426.0
374.0
419.0
478.0
410.0
372.0
400.0
440.0
368.0
468.0
459.0
176.0
150.0
144.0
160.0
164.0
140.0
162.0
139.0
156.0
176.0
142.0
494.0
425.0
494.0
402.0
486.0
405.0
135.0
140.0
144.0
169.0
166.0
163.0
156.0
452.0
145.0
135.0
131.0
146.0
147.0
145.0
144.0
151.0
155.0
167.0
176.0
177.0
133.0
152.0
136.0
135.0
147.0
164.0
487.0
155.0
170.0
159.0
168.0
143.0
140.0
138.0
380.0
481.0
415.0
405.0
482.0
424.0
481.0
453.0
402.0
400.0
480.0
450.0
131.0
135.0
174.0
135.0
155.0
134.0
135.0
163.0
452.0
132.0
145.0
175.0
176.0
158.0
150.0
141.0
148.0
136.0
139.0
146.0
132.0
131.0
162.0
155.0
140.0
140.0
164.0
373.0
159.0
143.0
167.0
432.0
141.0
150.0
177.0
155.0
166.0
138.0
153.0
169.0
160.0
166.0
139.0
156.0
149.0
394.0
163.0
144.0
442.0
176.0
459.0
140.0
424.0
132.0
168.0
151.0
166.0
165.0
155.0
156.0
131.0
135.0
170.0
147.0
169.0
137.0
151.0
116.0
132.0
407.0
160.0
146.0
145.0
153.0
171.0
457.0
173.0
131.0
152.0
144.0
461.0
144.0
141.0
162.0
157.0
148.0
135.0
166.0
143.0
469.0
174.0
423.0
456.0
454.0
139.0
425.0
481.0
439.0
363.0
472.0
397.0
476.0
483.0
485.0
383.0
433.0
401.0
399.0
371.0
164.0
140.0
139.0
137.0
138.0
148.0
133.0
173.0
163.0
137.0
172.0
404.0
397.0
490.0
424.0
441.0
387.0
166.0
142.0
150.0
186.0
207.0
162.0
153.0
403.0
143.0
157.0
145.0
147.0
142.0
176.0
134.0
150.0
161.0
158.0
170.0
149.0
169.0
147.0
131.0
177.0
151.0
139.0
445.0
142.0
168.0
161.0
134.0
137.0
139.0
144.0
487.0
492.0
366.0
488.0
457.0
453.0
489.0
468.0
428.0
473.0
493.0
436.0
154.0
164.0
148.0
170.0
142.0
164.0
168.0
149.0
392.0
169.0
133.0
136.0
139.0
146.0
150.0
163.0
163.0
165.0
143.0
155.0
136.0
148.0
162.0
141.0
128.0
159.0
131.0
460.0
150.0
142.0
170.0
484.0
164.0
171.0
159.0
142.0
167.0
168.0
172.0
173.0
133.0
150.0
145.0
146.0
175.0
450.0
139.0
132.0
458.0
169.0
460.0
150.0
436.0
160.0
136.0
165.0
140.0
153.0
138.0
147.0
159.0
160.0
175.0
144.0
166.0
171.0
165.0
121.0
154.0
445.0
155.0
167.0
140.0
171.0
149.0
478.0
150.0
135.0
160.0
130.0
470.0
138.0
170.0
134.0
141.0
170.0
169.0
144.0
160.0
446.0
144.0
442.0
365.0
469.0
168.0
419.0
483.0
462.0
369.0
419.0
475.0
423.0
468.0
382.0
484.0
397.0
368.0
406.0
408.0
153.0
176.0
176.0
165.0
155.0
133.0
155.0
147.0
154.0
133.0
160.0
446.0
416.0
379.0
426.0
442.0
430.0
133.0
160.0
145.0
187.0
173.0
173.0
140.0
377.0
176.0
157.0
166.0
168.0
138.0
176.0
147.0
157.0
171.0
157.0
177.0
174.0
165.0
162.0
176.0
166.0
168.0
152.0
406.0
151.0
175.0
145.0
134.0
162.0
132.0
134.0
455.0
482.0
461.0
403.0
443.0
369.0
398.0
390.0
403.0
370.0
444.0
488.0
163.0
150.0
132.0
166.0
150.0
162.0
165.0
159.0
434.0
151.0
138.0
163.0
160.0
166.0
142.0
170.0
158.0
154.0
154.0
172.0
130.0
148.0
130.0
175.0
127.0
156.0
150.0
490.0
165.0
131.0
161.0
417.0
166.0
152.0
172.0
134.0
177.0
160.0
135.0
165.0
160.0
147.0
139.0
153.0
175.0
482.0
145.0
151.0
396.0
161.0
393.0
141.0
367.0
152.0
156.0
135.0
168.0
174.0
150.0
159.0
155.0
148.0
166.0
161.0
169.0
157.0
142.0
140.0
143.0
404.0
163.0
173.0
161.0
144.0
151.0
431.0
164.0
137.0
176.0
137.0
479.0
145.0
163.0
159.0
136.0
146.0
172.0
177.0
167.0
436.0
134.0
367.0
376.0
431.0
142.0
407.0
452.0
410.0
488.0
449.0
396.0
367.0
479.0
440.0
418.0
401.0
454.0
377.0
392.0
159.0
138.0
175.0
162.0
154.0
167.0
172.0
167.0
130.0
149.0
133.0
424.0
383.0
463.0
395.0
422.0
470.0
173.0
156.0
145.0
166.0
181.0
177.0
172.0
375.0
137.0
176.0
169.0
166.0
155.0
146.0
135.0
150.0
163.0
173.0
170.0
136.0
146.0
157.0
149.0
159.0
172.0
136.0
485.0
170.0
130.0
161.0
170.0
163.0
160.0
132.0
436.0
449.0
475.0
482.0
476.0
488.0
471.0
394.0
434.0
448.0
377.0
394.0
138.0
173.0
165.0
141.0
140.0
137.0
173.0
169.0
466.0
150.0
144.0
153.0
169.0
151.0
139.0
142.0
151.0
172.0
137.0
147.0
163.0
136.0
167.0
172.0
116.0
145.0
161.0
442.0
159.0
156.0
163.0
487.0
171.0
163.0
163.0
156.0
175.0
165.0
148.0
165.0
175.0
138.0
148.0
132.0
131.0
417.0
138.0
158.0
493.0
154.0
446.0
177.0
388.0
155.0
172.0
172.0
157.0
148.0
155.0
155.0
139.0
174.0
149.0
170.0
136.0
172.0
162.0
113.0
141.0
426.0
158.0
152.0
163.0
131.0
145.0
445.0
146.0
140.0
176.0
138.0
420.0
140.0
145.0
155.0
144.0
139.0
176.0
155.0
171.0
482.0
134.0
478.0
375.0
399.0
170.0
461.0
476.0
400.0
399.0
425.0
472.0
424.0
368.0
408.0
405.0
478.0
414.0
486.0
369.0
146.0
150.0
149.0
159.0
148.0
143.0
168.0
165.0
131.0
171.0
137.0
476.0
417.0
417.0
370.0
434.0
382.0
164.0
130.0
164.0
