I_BRKGA_178_6_5_4_CESP
178 6 5 494.0
59638.5
62169.5
61266.5
58112.5
57957.5
0.2272654083889695
0.1747513315921678
0.23431492314137553
0.19563568676131446
0.16803265011617263
110.0
121.0
108.0
111.0
114.0
117.0
2557.0
22.0
1261.0
1300.0
67.0
529.0
476.0
1328.0
36.0
537.0
116.0
182.0
48.0
330.0
247.0
365.0
58.0
303.0
229.0
467.0
207.0
1140.0
164.0
341.0
440.0
1352.0
2690.0
1105.0
1011.0
12.0
231.0
511.0
288.0
74.0
236.0
81.0
295.0
14.0
10.0
10.0
11.0
14.0
12.0
14.0
100.0
14.0
12.0
12.0
29.0
364.0
173.0
831.0
1387.0
582.0
359.0
1178.0
294.0
148.0
860.0
5500.0
5799.0
121.0
172.0
315.0
48.0
29.0
179.0
219.0
189.0
527.0
27.0
72.0
63.0
27.0
118.0
28.0
32.0
19.0
109.0
173.0
825.0
53.0
131.0
67.0
43.0
167.0
202.0
310.0
154.0
163.0
70.0
822.0
168.0
144.0
785.0
37.0
61.0
205.0
94.0
13.0
349.0
117.0
21.0
26.0
32.0
8.0
75.0
252.0
107.0
68.0
88.0
57.0
39.0
81.0
151.0
49.0
26.0
57.0
153.0
111.0
80.0
134.0
47.0
62.0
7.0
1553.0
59.0
111.0
56.0
45.0
656.0
800.0
112.0
1425.0
1150.0
26.0
122.0
109.0
267.0
6316.0
207.0
97.0
155.0
275.0
32.0
266.0
28.0
129.0
249.0
78.0
141.0
813.0
120.0
153.0
426.0
300.0
225.0
69.0
1218.0
129.0
116.0
67.0
89.0
121.0
19.0
260.0
200.0
354.0
173.0
38.0
67.0
49.0
202.0
231.0
303.0
202.0
889.0
1220.0
477.0
1338.0
33.0
519.0
119.0
178.0
46.0
341.0
248.0
374.0
57.0
304.0
222.0
481.0
201.0
1089.0
155.0
331.0
423.0
1367.0
2657.0
1085.0
1009.0
12.0
215.0
514.0
277.0
76.0
244.0
80.0
297.0
14.0
10.0
10.0
12.0
14.0
12.0
14.0
97.0
14.0
11.0
12.0
28.0
342.0
165.0
790.0
1259.0
545.0
349.0
1090.0
274.0
145.0
789.0
5479.0
5570.0
122.0
159.0
304.0
48.0
29.0
177.0
224.0
189.0
511.0
26.0
73.0
61.0
27.0
128.0
28.0
32.0
19.0
109.0
166.0
890.0
50.0
118.0
64.0
44.0
155.0
217.0
326.0
146.0
169.0
73.0
824.0
166.0
148.0
798.0
37.0
66.0
199.0
95.0
14.0
333.0
129.0
21.0
26.0
29.0
8.0
70.0
250.0
108.0
73.0
85.0
58.0
39.0
89.0
146.0
48.0
27.0
53.0
151.0
106.0
81.0
131.0
46.0
67.0
7.0
1514.0
57.0
109.0
56.0
46.0
617.0
817.0
123.0
1321.0
1065.0
25.0
119.0
116.0
266.0
6762.0
201.0
95.0
159.0
271.0
33.0
280.0
28.0
119.0
240.0
79.0
129.0
810.0
122.0
144.0
451.0
323.0
207.0
71.0
1204.0
126.0
127.0
69.0
93.0
121.0
20.0
255.0
199.0
354.0
173.0
39.0
67.0
53.0
197.0
226.0
318.0
188.0
873.0
1245.0
500.0
1345.0
34.0
558.0
120.0
188.0
48.0
325.0
251.0
401.0
57.0
305.0
219.0
470.0
216.0
1059.0
162.0
347.0
446.0
1279.0
2697.0
1076.0
1047.0
13.0
225.0
549.0
277.0
72.0
249.0
78.0
299.0
14.0
10.0
10.0
11.0
14.0
11.0
14.0
96.0
14.0
12.0
12.0
27.0
356.0
166.0
783.0
1330.0
562.0
363.0
1114.0
275.0
156.0
827.0
5354.0
5842.0
123.0
167.0
327.0
46.0
28.0
185.0
211.0
180.0
505.0
26.0
79.0
63.0
26.0
127.0
28.0
33.0
20.0
109.0
166.0
823.0
51.0
120.0
63.0
43.0
152.0
201.0
314.0
142.0
160.0
73.0
835.0
160.0
152.0
767.0
38.0
61.0
212.0
95.0
14.0
338.0
119.0
21.0
26.0
30.0
8.0
73.0
252.0
107.0
71.0
83.0
56.0
41.0
86.0
144.0
48.0
27.0
56.0
161.0
101.0
87.0
131.0
48.0
65.0
7.0
1569.0
55.0
118.0
57.0
44.0
611.0
801.0
113.0
1363.0
1104.0
24.0
111.0
117.0
270.0
6469.0
213.0
102.0
151.0
292.0
32.0
287.0
27.0
123.0
242.0
81.0
128.0
826.0
123.0
156.0
443.0
308.0
225.0
67.0
1284.0
131.0
126.0
72.0
86.0
113.0
20.0
268.0
191.0
345.0
171.0
36.0
69.0
49.0
190.0
221.0
309.0
202.0
845.0
1224.0
511.0
1334.0
33.0
524.0
114.0
193.0
44.0
319.0
257.0
396.0
57.0
317.0
217.0
497.0
208.0
1112.0
164.0
329.0
417.0
1330.0
2642.0
1024.0
1040.0
13.0
215.0
548.0
295.0
70.0
253.0
80.0
280.0
13.0
10.0
9.0
11.0
13.0
12.0
14.0
92.0
14.0
12.0
12.0
28.0
367.0
170.0
824.0
1340.0
565.0
348.0
1113.0
280.0
149.0
798.0
5181.0
5752.0
122.0
157.0
336.0
50.0
27.0
184.0
206.0
180.0
482.0
26.0
76.0
66.0
27.0
127.0
29.0
33.0
19.0
111.0
166.0
893.0
51.0
126.0
66.0
46.0
164.0
218.0
321.0
151.0
174.0
70.0
871.0
164.0
144.0
734.0
36.0
62.0
211.0
98.0
14.0
324.0
122.0
21.0
26.0
31.0
8.0
69.0
254.0
111.0
72.0
84.0
58.0
41.0
89.0
142.0
47.0
25.0
58.0
161.0
105.0
86.0
130.0
48.0
67.0
7.0
1513.0
58.0
116.0
58.0
48.0
617.0
806.0
123.0
1364.0
1098.0
25.0
114.0
108.0
268.0
6581.0
204.0
94.0
155.0
277.0
33.0
265.0
28.0
117.0
242.0
82.0
135.0
769.0
122.0
154.0
436.0
299.0
225.0
71.0
1183.0
129.0
121.0
68.0
86.0
122.0
20.0
257.0
207.0
358.0
161.0
38.0
67.0
52.0
187.0
224.0
316.0
196.0
819.0
1273.0
500.0
1342.0
34.0
506.0
119.0
188.0
48.0
345.0
254.0
400.0
60.0
294.0
219.0
495.0
201.0
1080.0
155.0
340.0
425.0
1333.0
2532.0
1005.0
967.0
13.0
230.0
556.0
282.0
73.0
252.0
76.0
297.0
13.0
10.0
10.0
12.0
13.0
12.0
14.0
94.0
13.0
12.0
12.0
28.0
362.0
157.0
795.0
1360.0
565.0
344.0
1144.0
280.0
144.0
837.0
5133.0
5949.0
120.0
168.0
328.0
51.0
27.0
184.0
205.0
185.0
498.0
28.0
76.0
63.0
25.0
118.0
28.0
33.0
19.0
114.0
165.0
902.0
52.0
129.0
64.0
45.0
151.0
221.0
321.0
148.0
159.0
74.0
810.0
155.0
144.0
756.0
37.0
66.0
208.0
94.0
14.0
333.0
129.0
21.0
25.0
31.0
8.0
69.0
274.0
108.0
72.0
85.0
59.0
38.0
87.0
143.0
46.0
27.0
58.0
149.0
104.0
84.0
127.0
48.0
63.0
7.0
1569.0
57.0
108.0
56.0
44.0
626.0
874.0
111.0
1374.0
1131.0
25.0
118.0
119.0
263.0
6380.0
210.0
95.0
165.0
296.0
30.0
270.0
29.0
123.0
235.0
78.0
131.0
795.0
112.0
151.0
431.0
317.0
209.0
65.0
1259.0
127.0
122.0
71.0
86.0
110.0
20.0
271.0
199.0
370.0
163.0
37.0
69.0
53.0
205.0
226.0
298.0
187.0
825.0
1268.0
189.0
201.0
142.0
177.0
409.0
169.0
176.0
151.0
133.0
163.0
141.0
149.0
154.0
154.0
162.0
172.0
157.0
140.0
169.0
160.0
161.0
164.0
135.0
435.0
158.0
159.0
145.0
154.0
172.0
168.0
156.0
459.0
414.0
420.0
369.0
378.0
478.0
472.0
448.0
456.0
434.0
395.0
372.0
172.0
159.0
164.0
170.0
173.0
177.0
143.0
166.0
366.0
138.0
148.0
140.0
146.0
158.0
143.0
166.0
133.0
133.0
159.0
168.0
166.0
146.0
153.0
130.0
145.0
154.0
176.0
395.0
140.0
130.0
161.0
491.0
152.0
152.0
151.0
134.0
134.0
157.0
144.0
137.0
175.0
162.0
136.0
141.0
162.0
489.0
136.0
165.0
448.0
138.0
437.0
137.0
407.0
155.0
146.0
148.0
138.0
176.0
140.0
141.0
176.0
131.0
147.0
143.0
164.0
142.0
158.0
147.0
141.0
399.0
155.0
147.0
139.0
164.0
153.0
450.0
177.0
134.0
175.0
164.0
377.0
147.0
167.0
150.0
155.0
137.0
155.0
139.0
147.0
418.0
155.0
396.0
372.0
388.0
177.0
388.0
428.0
475.0
427.0
418.0
491.0
474.0
391.0
445.0
492.0
479.0
479.0
408.0
390.0
130.0
159.0
138.0
131.0
136.0
169.0
145.0
160.0
170.0
156.0
153.0
419.0
461.0
469.0
414.0
420.0
400.0
133.0
130.0
167.0
164.0
195.0
177.0
150.0
378.0
156.0
150.0
171.0
138.0
153.0
163.0
152.0
161.0
166.0
168.0
151.0
162.0
147.0
163.0
170.0
176.0
162.0
164.0
371.0
169.0
151.0
152.0
160.0
162.0
169.0
152.0
411.0
449.0
383.0
383.0
371.0
401.0
411.0
449.0
421.0
388.0
364.0
369.0
176.0
136.0
162.0
174.0
161.0
140.0
131.0
173.0
378.0
172.0
166.0
170.0
151.0
172.0
145.0
148.0
161.0
156.0
131.0
175.0
164.0
132.0
138.0
133.0
131.0
140.0
174.0
364.0
136.0
155.0
148.0
478.0
162.0
131.0
131.0
161.0
175.0
138.0
141.0
131.0
171.0
141.0
176.0
169.0
175.0
449.0
152.0
143.0
455.0
140.0
457.0
169.0
456.0
138.0
176.0
166.0
138.0
160.0
165.0
140.0
175.0
174.0
162.0
135.0
139.0
162.0
161.0
117.0
153.0
425.0
171.0
136.0
169.0
140.0
157.0
459.0
176.0
164.0
171.0
174.0
482.0
146.0
174.0
165.0
149.0
177.0
138.0
152.0
143.0
436.0
145.0
401.0
411.0
455.0
167.0
415.0
421.0
416.0
406.0
366.0
489.0
485.0
382.0
442.0
467.0
483.0
458.0
377.0
455.0
171.0
144.0
176.0
140.0
143.0
161.0
168.0
172.0
173.0
155.0
168.0
419.0
418.0
486.0
480.0
491.0
472.0
140.0
150.0
155.0
201.0
184.0
156.0
152.0
413.0
145.0
149.0
148.0
153.0
144.0
142.0
171.0
140.0
177.0
138.0
134.0
144.0
149.0
130.0
175.0
135.0
166.0
137.0
422.0
152.0
151.0
154.0
146.0
150.0
174.0
136.0
429.0
412.0
416.0
489.0
400.0
375.0
435.0
409.0
475.0
436.0
442.0
429.0
156.0
159.0
154.0
164.0
145.0
174.0
136.0
147.0
363.0
163.0
147.0
170.0
140.0
176.0
133.0
170.0
169.0
173.0
133.0
133.0
134.0
177.0
137.0
162.0
134.0
175.0
158.0
420.0
172.0
149.0
138.0
420.0
131.0
173.0
156.0
157.0
167.0
142.0
176.0
146.0
163.0
138.0
147.0
155.0
150.0
438.0
137.0
131.0
392.0
146.0
461.0
160.0
432.0
130.0
140.0
163.0
141.0
168.0
162.0
132.0
147.0
143.0
158.0
143.0
149.0
138.0
158.0
137.0
144.0
371.0
132.0
177.0
172.0
155.0
133.0
422.0
143.0
153.0
173.0
171.0
454.0
161.0
169.0
144.0
146.0
135.0
170.0
165.0
162.0
453.0
140.0
397.0
373.0
458.0
140.0
372.0
435.0
365.0
474.0
376.0
403.0
398.0
386.0
405.0
394.0
458.0
488.0
445.0
420.0
169.0
145.0
142.0
151.0
176.0
166.0
132.0
135.0
166.0
174.0
162.0
442.0
385.0
438.0
387.0
447.0
465.0
131.0
132.0
165.0
202.0
202.0
164.0
162.0
380.0
166.0
157.0
135.0
164.0
143.0
142.0
159.0
172.0
166.0
145.0
159.0
172.0
142.0
153.0
141.0
147.0
167.0
163.0
459.0
158.0
174.0
137.0
137.0
144.0
145.0
169.0
438.0
411.0
436.0
372.0
437.0
436.0
427.0
424.0
410.0
368.0
366.0
484.0
154.0
152.0
173.0
167.0
173.0
164.0
138.0
141.0
462.0
159.0
173.0
160.0
161.0
146.0
176.0
134.0
134.0
142.0
156.0
167.0
160.0
145.0
161.0
171.0
115.0
146.0
136.0
430.0
177.0
168.0
157.0
483.0
154.0
131.0
153.0
138.0
154.0
168.0
141.0
138.0
135.0
165.0
169.0
140.0
159.0
384.0
166.0
163.0
487.0
131.0
381.0
142.0
413.0
149.0
166.0
141.0
138.0
155.0
146.0
143.0
135.0
138.0
157.0
153.0
153.0
134.0
131.0
119.0
167.0
469.0
168.0
163.0
173.0
172.0
165.0
419.0
139.0
150.0
151.0
170.0
380.0
157.0
137.0
169.0
169.0
134.0
131.0
174.0
145.0
441.0
149.0
452.0
436.0
434.0
160.0
380.0
442.0
424.0
442.0
486.0
380.0
491.0
463.0
372.0
462.0
394.0
430.0
452.0
389.0
149.0
132.0
165.0
165.0
170.0
140.0
161.0
147.0
139.0
174.0
164.0
417.0
468.0
375.0
394.0
466.0
480.0
137.0
172.0
130.0
183.0
193.0
140.0
162.0
415.0
136.0
158.0
175.0
149.0
140.0
138.0
149.0
157.0
143.0
145.0
142.0
132.0
137.0
167.0
158.0
176.0
132.0
158.0
418.0
150.0
146.0
149.0
157.0
177.0
134.0
159.0
463.0
445.0
377.0
467.0
378.0
408.0
365.0
366.0
410.0
458.0
374.0
386.0
147.0
170.0
144.0
151.0
151.0
168.0
171.0
143.0
365.0
152.0
173.0
134.0
142.0
137.0
135.0
167.0
172.0
165.0
165.0
142.0
153.0
133.0
144.0
162.0
131.0
154.0
142.0
459.0
136.0
150.0
142.0
395.0
134.0
174.0
155.0
138.0
131.0
160.0
137.0
162.0
172.0
169.0
161.0
155.0
155.0
382.0
135.0
152.0
439.0
151.0
442.0
136.0
390.0
164.0
161.0
152.0
174.0
142.0
144.0
133.0
155.0
132.0
155.0
156.0
175.0
153.0
149.0
119.0
153.0
364.0
145.0
138.0
175.0
155.0
175.0
406.0
145.0
156.0
161.0
145.0
389.0
131.0
175.0
140.0
136.0
137.0
130.0
154.0
154.0
365.0
174.0
438.0
453.0
443.0
135.0
386.0
418.0
441.0
375.0
475.0
490.0
471.0
383.0
478.0
396.0
455.0
449.0
398.0
494.0
161.0
147.0
138.0
168.0
150.0
171.0
152.0
150.0
169.0
151.0
145.0
488.0
418.0
373.0
409.0
408.0
492.0
153.0
146.0
168.0
