I_BRKGA_178_6_5_2_CESP
178 6 5 494.0
63622.5
56294.5
55142.5
56366.5
62071.5
0.22415892865734666
0.19760344849551542
0.21229422286856023
0.1906740326796289
0.17526936729894882
115.0
128.0
115.0
129.0
130.0
107.0
2557.0
22.0
1261.0
1300.0
67.0
529.0
490.0
1227.0
35.0
528.0
117.0
175.0
44.0
347.0
246.0
366.0
58.0
304.0
219.0
472.0
207.0
1130.0
157.0
345.0
415.0
1361.0
2708.0
1031.0
964.0
13.0
229.0
559.0
280.0
70.0
243.0
79.0
276.0
14.0
10.0
10.0
12.0
14.0
12.0
14.0
95.0
13.0
12.0
12.0
28.0
350.0
158.0
810.0
1369.0
584.0
361.0
1089.0
272.0
156.0
842.0
5295.0
5907.0
128.0
156.0
308.0
51.0
27.0
194.0
215.0
194.0
512.0
26.0
72.0
61.0
26.0
118.0
29.0
32.0
20.0
115.0
166.0
893.0
53.0
122.0
61.0
44.0
162.0
213.0
330.0
145.0
172.0
75.0
851.0
168.0
140.0
776.0
36.0
60.0
195.0
95.0
14.0
348.0
129.0
21.0
25.0
32.0
8.0
71.0
276.0
104.0
74.0
85.0
59.0
39.0
89.0
144.0
49.0
26.0
54.0
149.0
106.0
83.0
127.0
45.0
66.0
7.0
1521.0
58.0
119.0
56.0
48.0
656.0
818.0
115.0
1312.0
1113.0
26.0
121.0
112.0
266.0
6367.0
206.0
100.0
164.0
299.0
33.0
284.0
28.0
124.0
252.0
79.0
139.0
794.0
120.0
144.0
427.0
312.0
210.0
69.0
1171.0
124.0
125.0
72.0
89.0
110.0
19.0
267.0
201.0
344.0
165.0
39.0
69.0
51.0
202.0
234.0
324.0
186.0
862.0
1326.0
494.0
1339.0
36.0
512.0
112.0
179.0
46.0
321.0
259.0
381.0
56.0
314.0
235.0
466.0
200.0
1086.0
168.0
327.0
438.0
1371.0
2575.0
1023.0
1034.0
12.0
214.0
541.0
272.0
71.0
237.0
79.0
300.0
13.0
10.0
10.0
11.0
13.0
12.0
14.0
95.0
13.0
12.0
12.0
28.0
369.0
164.0
826.0
1379.0
593.0
353.0
1198.0
284.0
144.0
837.0
5490.0
5892.0
125.0
173.0
308.0
47.0
28.0
176.0
210.0
187.0
501.0
28.0
76.0
66.0
25.0
125.0
28.0
31.0
20.0
117.0
172.0
886.0
49.0
126.0
66.0
42.0
163.0
201.0
339.0
143.0
168.0
72.0
844.0
165.0
148.0
800.0
35.0
63.0
201.0
91.0
14.0
328.0
119.0
20.0
25.0
32.0
8.0
69.0
253.0
104.0
69.0
88.0
59.0
39.0
89.0
154.0
49.0
27.0
54.0
150.0
109.0
84.0
133.0
46.0
66.0
7.0
1633.0
55.0
116.0
59.0
44.0
645.0
854.0
119.0
1344.0
1124.0
24.0
113.0
111.0
270.0
6303.0
195.0
94.0
162.0
276.0
32.0
262.0
28.0
119.0
244.0
81.0
140.0
814.0
118.0
152.0
432.0
304.0
216.0
69.0
1181.0
125.0
120.0
69.0
87.0
120.0
20.0
247.0
191.0
346.0
159.0
37.0
71.0
50.0
194.0
220.0
293.0
189.0
871.0
1249.0
492.0
1325.0
36.0
524.0
110.0
188.0
46.0
325.0
254.0
396.0
61.0
308.0
221.0
460.0
211.0
1051.0
160.0
346.0
437.0
1266.0
2593.0
1053.0
1015.0
13.0
226.0
555.0
267.0
69.0
252.0
82.0
285.0
14.0
10.0
10.0
12.0
14.0
12.0
14.0
94.0
14.0
11.0
12.0
29.0
356.0
167.0
802.0
1265.0
578.0
340.0
1113.0
300.0
152.0
844.0
5149.0
6001.0
119.0
159.0
313.0
51.0
28.0
191.0
208.0
189.0
506.0
28.0
72.0
64.0
25.0
117.0
27.0
33.0
19.0
113.0
179.0
854.0
53.0
120.0
62.0
46.0
151.0
220.0
331.0
143.0
161.0
71.0
810.0
158.0
149.0
747.0
38.0
64.0
196.0
94.0
14.0
353.0
123.0
21.0
25.0
31.0
8.0
71.0
268.0
105.0
68.0
90.0
59.0
38.0
89.0
147.0
48.0
26.0
58.0
154.0
104.0
83.0
127.0
45.0
66.0
7.0
1578.0
54.0
119.0
59.0
45.0
623.0
878.0
119.0
1347.0
1043.0
25.0
118.0
116.0
255.0
6680.0
203.0
102.0
159.0
278.0
33.0
278.0
29.0
117.0
246.0
76.0
128.0
769.0
124.0
148.0
461.0
303.0
210.0
67.0
1196.0
131.0
126.0
70.0
94.0
120.0
19.0
262.0
192.0
371.0
163.0
36.0
68.0
52.0
202.0
241.0
308.0
194.0
895.0
1260.0
496.0
1247.0
34.0
540.0
113.0
187.0
44.0
317.0
267.0
362.0
57.0
306.0
215.0
487.0
204.0
1048.0
156.0
335.0
423.0
1394.0
2706.0
1081.0
1030.0
12.0
218.0
536.0
286.0
76.0
235.0
82.0
279.0
14.0
10.0
10.0
12.0
13.0
12.0
13.0
95.0
14.0
11.0
12.0
27.0
347.0
166.0
770.0
1297.0
596.0
340.0
1158.0
274.0
148.0
865.0
5343.0
5937.0
128.0
163.0
332.0
47.0
27.0
176.0
226.0
193.0
483.0
28.0
74.0
67.0
27.0
118.0
28.0
30.0
19.0
110.0
168.0
898.0
53.0
129.0
65.0
44.0
165.0
215.0
342.0
152.0
164.0
76.0
835.0
154.0
143.0
765.0
35.0
66.0
213.0
92.0
14.0
347.0
128.0
20.0
26.0
31.0
8.0
76.0
268.0
112.0
71.0
84.0
59.0
39.0
85.0
141.0
45.0
25.0
53.0
157.0
104.0
86.0
128.0
46.0
61.0
7.0
1511.0
57.0
119.0
57.0
44.0
660.0
855.0
113.0
1334.0
1067.0
26.0
113.0
115.0
251.0
6496.0
206.0
102.0
166.0
291.0
32.0
287.0
28.0
119.0
239.0
81.0
141.0
775.0
123.0
145.0
430.0
297.0
206.0
65.0
1203.0
127.0
120.0
72.0
90.0
117.0
19.0
268.0
206.0
358.0
166.0
39.0
68.0
51.0
201.0
220.0
301.0
198.0
863.0
1308.0
484.0
1222.0
36.0
506.0
114.0
177.0
45.0
334.0
248.0
401.0
56.0
319.0
234.0
506.0
219.0
1088.0
159.0
331.0
412.0
1284.0
2648.0
1057.0
953.0
13.0
225.0
536.0
289.0
75.0
237.0
81.0
299.0
14.0
10.0
10.0
12.0
14.0
11.0
14.0
91.0
13.0
12.0
12.0
28.0
360.0
161.0
768.0
1292.0
577.0
334.0
1080.0
290.0
159.0
806.0
5117.0
5465.0
128.0
156.0
315.0
47.0
28.0
178.0
207.0
188.0
487.0
27.0
76.0
63.0
26.0
117.0
29.0
33.0
20.0
110.0
172.0
866.0
51.0
129.0
66.0
44.0
162.0
200.0
333.0
143.0
169.0
72.0
866.0
159.0
151.0
753.0
38.0
60.0
208.0
90.0
13.0
324.0
120.0
21.0
26.0
31.0
8.0
73.0
262.0
103.0
72.0
87.0
57.0
41.0
84.0
151.0
46.0
26.0
55.0
159.0
107.0
85.0
135.0
47.0
65.0
7.0
1568.0
59.0
112.0
59.0
46.0
649.0
849.0
116.0
1375.0
1140.0
26.0
119.0
118.0
271.0
6221.0
211.0
99.0
155.0
285.0
33.0
278.0
30.0
122.0
252.0
82.0
130.0
808.0
117.0
154.0
462.0
328.0
211.0
65.0
1287.0
125.0
126.0
68.0
93.0
118.0
20.0
250.0
198.0
373.0
164.0
37.0
69.0
51.0
199.0
230.0
320.0
188.0
876.0
1226.0
154.0
181.0
136.0
132.0
491.0
138.0
143.0
135.0
166.0
140.0
162.0
142.0
164.0
146.0
164.0
132.0
171.0
142.0
143.0
172.0
167.0
138.0
151.0
373.0
152.0
131.0
137.0
177.0
157.0
154.0
154.0
445.0
490.0
447.0
414.0
484.0
453.0
477.0
395.0
451.0
452.0
433.0
459.0
143.0
166.0
174.0
164.0
143.0
173.0
140.0
173.0
416.0
166.0
173.0
174.0
176.0
165.0
131.0
168.0
159.0
151.0
167.0
137.0
147.0
135.0
144.0
140.0
122.0
141.0
145.0
369.0
149.0
168.0
141.0
400.0
153.0
149.0
142.0
173.0
132.0
162.0
150.0
164.0
169.0
154.0
175.0
160.0
158.0
472.0
173.0
161.0
427.0
142.0
402.0
167.0
404.0
170.0
177.0
138.0
143.0
156.0
141.0
156.0
167.0
137.0
158.0
156.0
160.0
175.0
147.0
137.0
155.0
420.0
140.0
141.0
174.0
152.0
140.0
376.0
147.0
133.0
163.0
150.0
493.0
155.0
160.0
139.0
130.0
162.0
145.0
146.0
177.0
420.0
166.0
494.0
430.0
461.0
169.0
414.0
420.0
364.0
396.0
382.0
476.0
397.0
482.0
453.0
437.0
453.0
364.0
416.0
410.0
150.0
145.0
157.0
169.0
164.0
134.0
142.0
142.0
157.0
163.0
159.0
472.0
488.0
391.0
411.0
389.0
474.0
131.0
151.0
143.0
190.0
180.0
131.0
166.0
403.0
153.0
138.0
153.0
131.0
161.0
151.0
130.0
168.0
148.0
158.0
167.0
150.0
154.0
143.0
176.0
139.0
140.0
175.0
434.0
161.0
174.0
159.0
142.0
141.0
167.0
158.0
370.0
483.0
383.0
412.0
425.0
373.0
434.0
374.0
382.0
435.0
420.0
405.0
171.0
141.0
130.0
142.0
156.0
165.0
134.0
142.0
479.0
139.0
148.0
161.0
174.0
171.0
131.0
175.0
158.0
156.0
136.0
132.0
171.0
165.0
152.0
138.0
127.0
164.0
174.0
394.0
148.0
163.0
139.0
424.0
150.0
141.0
155.0
170.0
147.0
154.0
134.0
139.0
144.0
155.0
170.0
163.0
160.0
493.0
136.0
138.0
425.0
154.0
389.0
169.0
483.0
157.0
162.0
152.0
176.0
144.0
160.0
143.0
146.0
159.0
144.0
131.0
172.0
130.0
145.0
136.0
130.0
434.0
161.0
145.0
176.0
163.0
145.0
485.0
174.0
166.0
139.0
171.0
393.0
138.0
133.0
170.0
137.0
155.0
169.0
167.0
152.0
371.0
152.0
478.0
379.0
424.0
144.0
381.0
485.0
475.0
446.0
468.0
413.0
494.0
447.0
418.0
476.0
370.0
394.0
420.0
430.0
155.0
145.0
165.0
134.0
144.0
155.0
147.0
138.0
159.0
152.0
142.0
454.0
464.0
485.0
373.0
450.0
447.0
164.0
138.0
153.0
170.0
165.0
138.0
151.0
444.0
143.0
134.0
168.0
131.0
157.0
166.0
140.0
159.0
152.0
173.0
173.0
158.0
171.0
136.0
175.0
135.0
154.0
130.0
466.0
173.0
174.0
155.0
151.0
134.0
175.0
132.0
441.0
433.0
406.0
378.0
479.0
363.0
377.0
371.0
427.0
431.0
446.0
398.0
172.0
150.0
144.0
137.0
132.0
176.0
158.0
169.0
446.0
167.0
177.0
149.0
133.0
132.0
159.0
168.0
146.0
159.0
170.0
152.0
133.0
155.0
141.0
132.0
150.0
172.0
159.0
418.0
132.0
132.0
169.0
399.0
135.0
172.0
172.0
139.0
130.0
170.0
144.0
136.0
143.0
138.0
170.0
146.0
165.0
366.0
136.0
160.0
410.0
135.0
450.0
142.0
406.0
151.0
143.0
158.0
142.0
154.0
134.0
173.0
174.0
137.0
153.0
153.0
175.0
164.0
158.0
113.0
146.0
420.0
151.0
139.0
162.0
173.0
161.0
430.0
165.0
146.0
148.0
140.0
414.0
169.0
166.0
159.0
141.0
170.0
151.0
175.0
153.0
455.0
149.0
399.0
461.0
436.0
156.0
392.0
482.0
441.0
461.0
379.0
414.0
492.0
369.0
470.0
384.0
492.0
433.0
457.0
422.0
146.0
169.0
155.0
133.0
165.0
151.0
148.0
169.0
132.0
142.0
136.0
398.0
411.0
466.0
418.0
479.0
439.0
151.0
161.0
150.0
182.0
181.0
167.0
131.0
379.0
156.0
166.0
145.0
177.0
166.0
134.0
155.0
157.0
144.0
157.0
153.0
166.0
162.0
148.0
131.0
144.0
154.0
140.0
478.0
162.0
157.0
168.0
151.0
144.0
169.0
136.0
486.0
386.0
444.0
409.0
431.0
376.0
437.0
372.0
472.0
425.0
454.0
425.0
162.0
130.0
165.0
159.0
132.0
131.0
171.0
158.0
436.0
137.0
134.0
163.0
132.0
146.0
132.0
161.0
173.0
173.0
147.0
153.0
151.0
177.0
137.0
157.0
120.0
134.0
161.0
393.0
139.0
136.0
152.0
439.0
149.0
146.0
176.0
156.0
135.0
139.0
165.0
155.0
161.0
163.0
163.0
164.0
166.0
480.0
139.0
145.0
371.0
176.0
431.0
141.0
426.0
160.0
146.0
169.0
148.0
149.0
138.0
158.0
156.0
139.0
169.0
147.0
171.0
146.0
155.0
118.0
176.0
458.0
176.0
155.0
169.0
170.0
163.0
411.0
133.0
130.0
150.0
149.0
439.0
162.0
145.0
176.0
163.0
138.0
145.0
149.0
131.0
481.0
172.0
437.0
427.0
441.0
170.0
400.0
436.0
492.0
416.0
411.0
421.0
380.0
381.0
486.0
455.0
452.0
475.0
488.0
459.0
165.0
151.0
142.0
176.0
139.0
137.0
154.0
169.0
151.0
177.0
167.0
435.0
380.0
493.0
486.0
461.0
405.0
169.0
156.0
137.0
200.0
198.0
153.0
167.0
406.0
146.0
151.0
164.0
158.0
134.0
144.0
137.0
171.0
131.0
133.0
144.0
170.0
157.0
143.0
144.0
140.0
162.0
177.0
449.0
164.0
161.0
136.0
133.0
163.0
172.0
150.0
401.0
419.0
370.0
447.0
414.0
472.0
374.0
415.0
365.0
455.0
411.0
364.0
136.0
133.0
162.0
141.0
174.0
154.0
177.0
157.0
391.0
157.0
176.0
166.0
133.0
158.0
176.0
153.0
174.0
161.0
175.0
156.0
145.0
142.0
138.0
170.0
137.0
135.0
132.0
369.0
136.0
133.0
146.0
464.0
155.0
144.0
160.0
162.0
150.0
168.0
158.0
169.0
173.0
138.0
156.0
172.0
146.0
399.0
163.0
159.0
411.0
177.0
418.0
138.0
377.0
147.0
171.0
154.0
159.0
168.0
168.0
169.0
167.0
131.0
141.0
158.0
141.0
132.0
149.0
113.0
138.0
421.0
176.0
171.0
173.0
154.0
172.0
434.0
159.0
138.0
175.0
154.0
459.0
160.0
173.0
148.0
169.0
151.0
136.0
153.0
175.0
372.0
163.0
446.0
457.0
410.0
158.0
380.0
464.0
435.0
455.0
365.0
400.0
419.0
368.0
396.0
445.0
390.0
376.0
419.0
414.0
170.0
135.0
132.0
151.0
132.0
139.0
155.0
163.0
138.0
139.0
156.0
432.0
471.0
433.0
380.0
419.0
458.0
132.0
175.0
138.0
