I_BRKGA_178_6_5_3_CESP
178 6 5 494.0
60532.5
62059.5
62914.5
59814.5
63464.5
0.22484964425106208
0.19776976875776678
0.23968970689138888
0.1995502378980901
0.1381406422016921
118.0
123.0
119.0
118.0
115.0
109.0
2557.0
22.0
1261.0
1300.0
67.0
529.0
468.0
1272.0
34.0
516.0
115.0
182.0
45.0
348.0
250.0
381.0
60.0
302.0
222.0
483.0
206.0
1098.0
172.0
343.0
431.0
1350.0
2528.0
1103.0
988.0
12.0
214.0
521.0
276.0
75.0
248.0
78.0
299.0
14.0
10.0
10.0
12.0
14.0
12.0
14.0
96.0
14.0
12.0
12.0
27.0
367.0
163.0
827.0
1302.0
580.0
331.0
1181.0
298.0
156.0
814.0
5367.0
5909.0
130.0
171.0
334.0
48.0
29.0
177.0
209.0
186.0
514.0
28.0
74.0
63.0
26.0
123.0
27.0
31.0
20.0
115.0
167.0
883.0
51.0
129.0
65.0
44.0
152.0
209.0
342.0
142.0
164.0
76.0
818.0
155.0
151.0
797.0
38.0
66.0
195.0
91.0
14.0
346.0
117.0
21.0
24.0
31.0
8.0
75.0
268.0
108.0
70.0
84.0
59.0
41.0
83.0
148.0
46.0
25.0
53.0
149.0
103.0
81.0
136.0
46.0
64.0
7.0
1659.0
56.0
118.0
59.0
45.0
619.0
794.0
116.0
1442.0
1080.0
24.0
116.0
110.0
261.0
6448.0
211.0
99.0
154.0
297.0
31.0
280.0
28.0
128.0
242.0
83.0
129.0
772.0
120.0
153.0
430.0
308.0
209.0
68.0
1265.0
124.0
126.0
69.0
89.0
118.0
20.0
265.0
204.0
345.0
174.0
36.0
67.0
52.0
195.0
242.0
308.0
200.0
893.0
1288.0
474.0
1265.0
33.0
555.0
115.0
180.0
45.0
334.0
263.0
374.0
56.0
290.0
217.0
464.0
213.0
1118.0
171.0
336.0
434.0
1272.0
2605.0
1008.0
1035.0
13.0
223.0
535.0
268.0
75.0
235.0
78.0
295.0
13.0
10.0
10.0
12.0
13.0
11.0
14.0
94.0
14.0
12.0
12.0
28.0
363.0
171.0
832.0
1316.0
563.0
356.0
1106.0
276.0
158.0
872.0
5078.0
5714.0
123.0
161.0
311.0
51.0
29.0
177.0
216.0
184.0
512.0
27.0
76.0
63.0
26.0
128.0
28.0
33.0
20.0
112.0
165.0
825.0
52.0
129.0
67.0
44.0
156.0
215.0
335.0
155.0
171.0
72.0
803.0
159.0
152.0
770.0
38.0
64.0
212.0
91.0
13.0
328.0
121.0
21.0
26.0
32.0
8.0
76.0
269.0
113.0
69.0
83.0
58.0
41.0
82.0
145.0
45.0
27.0
57.0
163.0
109.0
83.0
137.0
47.0
65.0
7.0
1594.0
54.0
113.0
55.0
44.0
614.0
827.0
118.0
1368.0
1147.0
24.0
120.0
113.0
276.0
6248.0
213.0
93.0
157.0
297.0
32.0
271.0
29.0
121.0
258.0
83.0
134.0
803.0
119.0
152.0
448.0
307.0
216.0
71.0
1175.0
128.0
121.0
72.0
90.0
116.0
19.0
272.0
198.0
374.0
158.0
38.0
71.0
52.0
187.0
233.0
317.0
187.0
849.0
1252.0
468.0
1324.0
35.0
506.0
120.0
176.0
47.0
320.0
259.0
394.0
56.0
291.0
230.0
474.0
212.0
1106.0
171.0
349.0
438.0
1335.0
2563.0
1062.0
983.0
13.0
216.0
527.0
291.0
73.0
241.0
76.0
298.0
14.0
10.0
10.0
12.0
14.0
12.0
14.0
100.0
14.0
12.0
11.0
29.0
364.0
169.0
795.0
1287.0
581.0
358.0
1121.0
287.0
159.0
844.0
5056.0
5549.0
121.0
157.0
320.0
47.0
28.0
181.0
223.0
195.0
485.0
28.0
76.0
61.0
25.0
121.0
29.0
31.0
18.0
109.0
166.0
828.0
48.0
128.0
64.0
45.0
153.0
211.0
338.0
148.0
172.0
76.0
852.0
160.0
153.0
790.0
36.0
62.0
194.0
90.0
14.0
326.0
123.0
20.0
24.0
32.0
8.0
73.0
253.0
105.0
71.0
88.0
54.0
37.0
86.0
140.0
46.0
25.0
57.0
161.0
108.0
84.0
133.0
46.0
66.0
7.0
1634.0
55.0
117.0
59.0
44.0
629.0
813.0
116.0
1362.0
1048.0
25.0
122.0
113.0
253.0
6574.0
198.0
97.0
166.0
281.0
30.0
261.0
28.0
130.0
258.0
81.0
130.0
803.0
118.0
156.0
432.0
300.0
220.0
67.0
1174.0
132.0
115.0
73.0
93.0
112.0
19.0
263.0
197.0
368.0
159.0
37.0
70.0
53.0
205.0
236.0
292.0
194.0
844.0
1211.0
507.0
1343.0
35.0
528.0
109.0
186.0
44.0
324.0
248.0
372.0
59.0
293.0
228.0
502.0
209.0
1092.0
161.0
344.0
434.0
1279.0
2629.0
1078.0
1008.0
13.0
218.0
518.0
284.0
75.0
233.0
75.0
301.0
14.0
10.0
10.0
12.0
13.0
12.0
14.0
93.0
13.0
12.0
12.0
29.0
352.0
161.0
814.0
1272.0
588.0
342.0
1165.0
278.0
147.0
839.0
5159.0
5564.0
129.0
160.0
325.0
51.0
27.0
175.0
223.0
184.0
511.0
27.0
77.0
62.0
26.0
123.0
28.0
31.0
20.0
113.0
172.0
872.0
49.0
128.0
63.0
44.0
161.0
204.0
336.0
143.0
164.0
70.0
822.0
161.0
140.0
795.0
37.0
62.0
196.0
93.0
14.0
340.0
122.0
20.0
26.0
30.0
8.0
76.0
274.0
111.0
69.0
86.0
56.0
40.0
88.0
142.0
46.0
27.0
57.0
163.0
111.0
82.0
131.0
45.0
66.0
7.0
1589.0
59.0
108.0
56.0
47.0
654.0
797.0
120.0
1405.0
1149.0
25.0
119.0
115.0
256.0
6477.0
207.0
102.0
161.0
292.0
33.0
268.0
28.0
128.0
256.0
78.0
137.0
830.0
117.0
151.0
428.0
314.0
207.0
71.0
1263.0
129.0
121.0
72.0
94.0
122.0
20.0
252.0
189.0
362.0
162.0
38.0
65.0
53.0
206.0
238.0
318.0
203.0
825.0
1291.0
496.0
1251.0
35.0
511.0
119.0
178.0
46.0
328.0
270.0
365.0
60.0
312.0
216.0
493.0
202.0
1117.0
169.0
355.0
440.0
1308.0
2736.0
1032.0
985.0
13.0
233.0
556.0
288.0
71.0
252.0
76.0
279.0
13.0
10.0
10.0
12.0
13.0
12.0
14.0
95.0
14.0
12.0
12.0
29.0
366.0
166.0
769.0
1354.0
552.0
330.0
1087.0
287.0
149.0
828.0
5339.0
5675.0
127.0
164.0
330.0
51.0
29.0
192.0
217.0
190.0
513.0
27.0
78.0
64.0
27.0
125.0
28.0
31.0
19.0
119.0
166.0
898.0
51.0
130.0
65.0
44.0
163.0
220.0
319.0
143.0
165.0
69.0
823.0
155.0
151.0
802.0
35.0
64.0
197.0
96.0
14.0
341.0
123.0
20.0
26.0
30.0
8.0
72.0
259.0
107.0
70.0
84.0
54.0
38.0
87.0
140.0
49.0
25.0
57.0
164.0
106.0
85.0
133.0
44.0
63.0
7.0
1596.0
54.0
110.0
58.0
46.0
659.0
837.0
118.0
1312.0
1086.0
24.0
115.0
118.0
267.0
6437.0
200.0
102.0
154.0
277.0
31.0
287.0
28.0
123.0
236.0
83.0
133.0
767.0
116.0
157.0
426.0
309.0
221.0
68.0
1214.0
128.0
115.0
69.0
93.0
113.0
20.0
267.0
203.0
362.0
167.0
37.0
66.0
48.0
206.0
230.0
303.0
197.0
862.0
1220.0
167.0
189.0
139.0
146.0
403.0
154.0
133.0
171.0
144.0
166.0
149.0
168.0
152.0
139.0
156.0
146.0
177.0
150.0
130.0
175.0
168.0
135.0
169.0
463.0
163.0
143.0
150.0
133.0
176.0
168.0
148.0
367.0
415.0
393.0
452.0
378.0
399.0
402.0
471.0
494.0
442.0
473.0
428.0
172.0
171.0
173.0
169.0
140.0
172.0
154.0
142.0
457.0
163.0
175.0
177.0
172.0
151.0
170.0
177.0
148.0
168.0
160.0
143.0
135.0
143.0
150.0
135.0
112.0
153.0
136.0
378.0
141.0
146.0
175.0
412.0
134.0
160.0
166.0
143.0
162.0
148.0
170.0
153.0
137.0
134.0
138.0
150.0
167.0
463.0
134.0
175.0
482.0
137.0
491.0
144.0
395.0
170.0
159.0
154.0
173.0
175.0
130.0
161.0
142.0
156.0
172.0
172.0
165.0
140.0
144.0
146.0
157.0
400.0
132.0
139.0
163.0
161.0
161.0
386.0
142.0
137.0
143.0
151.0
476.0
174.0
165.0
166.0
132.0
157.0
161.0
173.0
173.0
400.0
133.0
415.0
462.0
371.0
146.0
430.0
383.0
412.0
394.0
461.0
372.0
431.0
384.0
494.0
413.0
390.0
390.0
437.0
432.0
158.0
153.0
145.0
170.0
137.0
169.0
144.0
168.0
163.0
164.0
159.0
389.0
480.0
404.0
449.0
383.0
477.0
167.0
154.0
149.0
186.0
157.0
161.0
140.0
430.0
149.0
175.0
164.0
134.0
152.0
156.0
176.0
174.0
154.0
148.0
161.0
133.0
169.0
141.0
136.0
158.0
131.0
155.0
473.0
145.0
151.0
155.0
153.0
148.0
138.0
148.0
382.0
407.0
493.0
375.0
477.0
416.0
365.0
480.0
427.0
421.0
450.0
490.0
175.0
176.0
152.0
170.0
173.0
156.0
170.0
170.0
468.0
131.0
164.0
150.0
152.0
157.0
158.0
139.0
137.0
162.0
168.0
131.0
143.0
139.0
152.0
162.0
129.0
146.0
173.0
440.0
151.0
148.0
144.0
467.0
157.0
172.0
165.0
147.0
133.0
147.0
146.0
162.0
155.0
147.0
154.0
139.0
139.0
404.0
139.0
131.0
448.0
171.0
370.0
131.0
481.0
146.0
143.0
148.0
160.0
168.0
158.0
136.0
137.0
149.0
134.0
152.0
150.0
153.0
162.0
134.0
176.0
415.0
165.0
164.0
165.0
175.0
158.0
385.0
141.0
137.0
159.0
132.0
414.0
141.0
138.0
177.0
173.0
166.0
135.0
171.0
144.0
470.0
171.0
384.0
468.0
447.0
159.0
382.0
426.0
421.0
406.0
375.0
473.0
492.0
422.0
468.0
415.0
411.0
409.0
413.0
480.0
177.0
133.0
136.0
154.0
162.0
131.0
169.0
173.0
151.0
149.0
163.0
387.0
397.0
444.0
386.0
477.0
369.0
136.0
130.0
163.0
187.0
172.0
135.0
171.0
383.0
150.0
169.0
162.0
159.0
135.0
170.0
134.0
142.0
148.0
145.0
157.0
173.0
176.0
174.0
176.0
167.0
136.0
160.0
449.0
138.0
159.0
167.0
131.0
169.0
150.0
152.0
492.0
414.0
458.0
421.0
381.0
491.0
369.0
369.0
479.0
438.0
366.0
476.0
149.0
138.0
163.0
132.0
151.0
162.0
154.0
158.0
410.0
169.0
156.0
130.0
157.0
131.0
144.0
131.0
171.0
158.0
154.0
157.0
169.0
167.0
152.0
171.0
125.0
165.0
175.0
409.0
135.0
135.0
165.0
397.0
161.0
135.0
145.0
152.0
131.0
138.0
139.0
140.0
148.0
152.0
132.0
170.0
130.0
488.0
155.0
159.0
452.0
164.0
415.0
139.0
390.0
174.0
155.0
150.0
156.0
147.0
163.0
156.0
135.0
153.0
144.0
163.0
166.0
166.0
153.0
142.0
131.0
396.0
145.0
157.0
134.0
172.0
171.0
405.0
133.0
135.0
148.0
141.0
393.0
158.0
176.0
145.0
143.0
140.0
156.0
166.0
132.0
431.0
161.0
451.0
367.0
435.0
168.0
490.0
439.0
431.0
381.0
402.0
457.0
453.0
460.0
384.0
386.0
452.0
483.0
477.0
448.0
173.0
175.0
168.0
157.0
173.0
163.0
147.0
138.0
159.0
156.0
143.0
374.0
372.0
457.0
389.0
391.0
374.0
141.0
141.0
156.0
191.0
191.0
134.0
168.0
426.0
160.0
149.0
160.0
140.0
153.0
158.0
139.0
145.0
135.0
170.0
169.0
174.0
150.0
151.0
169.0
130.0
168.0
152.0
444.0
142.0
133.0
148.0
174.0
132.0
144.0
146.0
441.0
472.0
477.0
485.0
385.0
385.0
408.0
492.0
444.0
488.0
385.0
427.0
157.0
134.0
144.0
158.0
171.0
168.0
137.0
159.0
457.0
148.0
160.0
143.0
138.0
130.0
132.0
157.0
143.0
171.0
135.0
133.0
170.0
176.0
149.0
165.0
135.0
132.0
133.0
376.0
138.0
158.0
153.0
461.0
164.0
136.0
143.0
151.0
144.0
167.0
168.0
141.0
161.0
139.0
134.0
143.0
156.0
389.0
171.0
146.0
467.0
165.0
370.0
153.0
423.0
175.0
172.0
170.0
156.0
154.0
162.0
167.0
134.0
155.0
166.0
130.0
155.0
165.0
175.0
119.0
130.0
441.0
134.0
138.0
157.0
157.0
170.0
492.0
161.0
176.0
150.0
176.0
413.0
170.0
154.0
137.0
146.0
162.0
155.0
142.0
136.0
399.0
157.0
379.0
439.0
494.0
171.0
452.0
443.0
478.0
384.0
391.0
378.0
447.0
381.0
380.0
402.0
447.0
481.0
381.0
399.0
130.0
130.0
157.0
132.0
164.0
160.0
148.0
177.0
147.0
173.0
172.0
447.0
456.0
404.0
442.0
384.0
413.0
132.0
138.0
130.0
176.0
173.0
171.0
163.0
405.0
151.0
171.0
145.0
169.0
147.0
131.0
169.0
166.0
140.0
151.0
159.0
153.0
141.0
159.0
141.0
174.0
168.0
177.0
422.0
134.0
155.0
145.0
148.0
156.0
160.0
142.0
375.0
433.0
437.0
464.0
433.0
404.0
432.0
440.0
445.0
375.0
407.0
451.0
138.0
167.0
158.0
146.0
159.0
136.0
149.0
161.0
371.0
136.0
175.0
142.0
168.0
172.0
162.0
147.0
159.0
134.0
171.0
141.0
141.0
171.0
175.0
175.0
151.0
169.0
166.0
376.0
149.0
141.0
155.0
390.0
148.0
131.0
154.0
164.0
131.0
167.0
149.0
175.0
145.0
175.0
168.0
139.0
158.0
371.0
165.0
176.0
469.0
159.0
455.0
145.0
447.0
172.0
168.0
145.0
158.0
173.0
137.0
139.0
172.0
139.0
138.0
136.0
154.0
134.0
174.0
116.0
176.0
372.0
150.0
171.0
157.0
170.0
148.0
418.0
133.0
145.0
135.0
173.0
408.0
177.0
154.0
171.0
136.0
137.0
138.0
166.0
137.0
462.0
136.0
480.0
379.0
396.0
166.0
433.0
420.0
422.0
383.0
401.0
448.0
398.0
413.0
486.0
476.0
494.0
487.0
482.0
457.0
148.0
145.0
164.0
164.0
163.0
175.0
161.0
174.0
153.0
165.0
158.0
387.0
481.0
401.0
451.0
456.0
419.0
170.0
151.0
155.0
