I_BRKGA_178_6_15_1_CESP
178 6 15 495.0
55254.5
59777.5
54509.5
56734.5
53845.5
60233.5
60885.5
55497.5
61351.5
57337.5
63012.5
63003.5
59392.5
55398.5
55061.5
0.0670038693051429
0.06612865382996198
0.07226766173662778
0.053521239302860346
0.07759055329831148
0.05546477857831437
0.07313590480732347
0.06429218774315779
0.06750044371080481
0.05428413408113034
0.07632874339264667
0.06192284785190165
0.07952254350814342
0.06630402211824481
0.06473241673542829
108.0
123.0
110.0
129.0
125.0
112.0
2557.0
22.0
1261.0
1300.0
67.0
529.0
478.0
1330.0
36.0
544.0
112.0
177.0
45.0
350.0
257.0
387.0
61.0
314.0
231.0
496.0
203.0
1050.0
172.0
325.0
444.0
1274.0
2557.0
1009.0
958.0
13.0
229.0
520.0
293.0
70.0
239.0
77.0
290.0
14.0
10.0
10.0
11.0
14.0
11.0
14.0
99.0
14.0
12.0
11.0
28.0
364.0
162.0
812.0
1320.0
600.0
343.0
1105.0
290.0
155.0
809.0
5298.0
6029.0
120.0
168.0
308.0
51.0
28.0
183.0
226.0
192.0
503.0
27.0
74.0
66.0
26.0
127.0
27.0
31.0
19.0
115.0
167.0
845.0
49.0
126.0
67.0
46.0
167.0
204.0
323.0
140.0
173.0
75.0
815.0
160.0
144.0
738.0
38.0
62.0
209.0
96.0
13.0
339.0
121.0
20.0
25.0
30.0
8.0
76.0
267.0
103.0
67.0
83.0
55.0
38.0
85.0
141.0
47.0
26.0
58.0
164.0
102.0
80.0
130.0
48.0
67.0
7.0
1627.0
54.0
108.0
58.0
44.0
629.0
838.0
118.0
1329.0
1092.0
26.0
123.0
115.0
253.0
6294.0
203.0
96.0
151.0
288.0
31.0
286.0
29.0
128.0
255.0
76.0
131.0
768.0
121.0
157.0
451.0
299.0
208.0
67.0
1264.0
134.0
120.0
71.0
88.0
112.0
19.0
248.0
197.0
345.0
169.0
37.0
69.0
53.0
191.0
219.0
311.0
202.0
879.0
1276.0
507.0
1263.0
33.0
514.0
110.0
183.0
46.0
323.0
254.0
367.0
57.0
294.0
234.0
477.0
203.0
1122.0
170.0
350.0
439.0
1393.0
2644.0
1041.0
985.0
13.0
213.0
552.0
289.0
70.0
249.0
77.0
273.0
14.0
10.0
10.0
12.0
14.0
12.0
13.0
99.0
14.0
11.0
12.0
27.0
346.0
166.0
805.0
1283.0
555.0
337.0
1111.0
280.0
145.0
789.0
5180.0
5807.0
130.0
164.0
325.0
49.0
28.0
175.0
226.0
191.0
532.0
28.0
76.0
63.0
25.0
127.0
28.0
32.0
19.0
116.0
164.0
847.0
51.0
129.0
67.0
45.0
158.0
215.0
323.0
153.0
168.0
69.0
881.0
153.0
146.0
743.0
38.0
62.0
213.0
93.0
13.0
355.0
127.0
20.0
24.0
32.0
8.0
74.0
258.0
112.0
73.0
89.0
56.0
38.0
87.0
151.0
45.0
26.0
58.0
148.0
102.0
80.0
139.0
44.0
64.0
7.0
1551.0
55.0
118.0
54.0
45.0
646.0
849.0
119.0
1329.0
1134.0
24.0
116.0
119.0
251.0
6651.0
206.0
99.0
153.0
272.0
32.0
287.0
28.0
125.0
248.0
80.0
130.0
789.0
116.0
156.0
436.0
312.0
218.0
71.0
1173.0
131.0
118.0
69.0
91.0
113.0
19.0
256.0
191.0
362.0
160.0
38.0
64.0
48.0
201.0
224.0
302.0
194.0
873.0
1235.0
491.0
1231.0
34.0
505.0
118.0
184.0
48.0
320.0
260.0
364.0
58.0
309.0
227.0
489.0
209.0
1140.0
157.0
350.0
439.0
1354.0
2711.0
1110.0
1022.0
13.0
219.0
515.0
275.0
73.0
250.0
79.0
290.0
14.0
9.0
10.0
12.0
13.0
12.0
14.0
99.0
14.0
12.0
12.0
28.0
353.0
164.0
807.0
1260.0
566.0
339.0
1134.0
278.0
151.0
802.0
5442.0
5832.0
126.0
158.0
312.0
50.0
27.0
186.0
219.0
186.0
521.0
26.0
73.0
66.0
27.0
120.0
27.0
33.0
19.0
111.0
172.0
876.0
52.0
128.0
63.0
44.0
164.0
200.0
327.0
143.0
167.0
76.0
861.0
156.0
150.0
777.0
35.0
66.0
213.0
97.0
14.0
353.0
125.0
20.0
24.0
31.0
8.0
73.0
269.0
104.0
68.0
87.0
58.0
41.0
89.0
145.0
45.0
26.0
53.0
163.0
106.0
79.0
130.0
44.0
66.0
7.0
1597.0
59.0
116.0
57.0
46.0
623.0
847.0
117.0
1346.0
1116.0
26.0
112.0
113.0
252.0
6473.0
207.0
99.0
157.0
291.0
31.0
288.0
30.0
122.0
260.0
83.0
132.0
762.0
124.0
148.0
420.0
324.0
210.0
65.0
1218.0
134.0
115.0
66.0
89.0
119.0
19.0
263.0
198.0
345.0
159.0
37.0
68.0
51.0
193.0
242.0
297.0
202.0
848.0
1279.0
473.0
1274.0
35.0
525.0
119.0
185.0
48.0
334.0
254.0
393.0
59.0
319.0
213.0
504.0
208.0
1030.0
161.0
348.0
409.0
1338.0
2702.0
1024.0
973.0
13.0
230.0
530.0
288.0
71.0
250.0
75.0
302.0
13.0
10.0
10.0
12.0
14.0
12.0
13.0
98.0
14.0
11.0
11.0
28.0
343.0
161.0
811.0
1341.0
597.0
344.0
1106.0
300.0
158.0
855.0
5254.0
5942.0
126.0
159.0
307.0
48.0
28.0
181.0
222.0
184.0
507.0
26.0
78.0
66.0
27.0
119.0
28.0
31.0
20.0
113.0
170.0
837.0
50.0
121.0
63.0
43.0
151.0
206.0
317.0
147.0
167.0
73.0
861.0
164.0
147.0
756.0
37.0
66.0
201.0
91.0
14.0
344.0
120.0
21.0
25.0
29.0
8.0
73.0
256.0
105.0
73.0
87.0
59.0
38.0
83.0
148.0
45.0
26.0
55.0
150.0
105.0
87.0
126.0
48.0
62.0
7.0
1553.0
54.0
119.0
56.0
44.0
616.0
826.0
114.0
1420.0
1052.0
26.0
116.0
114.0
251.0
6448.0
198.0
99.0
157.0
293.0
31.0
278.0
30.0
130.0
253.0
77.0
137.0
768.0
124.0
150.0
441.0
314.0
221.0
66.0
1267.0
134.0
118.0
72.0
94.0
116.0
19.0
247.0
203.0
373.0
174.0
38.0
71.0
49.0
201.0
231.0
321.0
192.0
859.0
1233.0
505.0
1237.0
33.0
519.0
114.0
188.0
47.0
334.0
265.0
399.0
57.0
294.0
223.0
467.0
219.0
1073.0
166.0
347.0
427.0
1390.0
2503.0
1021.0
981.0
13.0
227.0
513.0
284.0
75.0
239.0
79.0
300.0
13.0
10.0
10.0
12.0
14.0
12.0
14.0
98.0
13.0
12.0
12.0
27.0
353.0
172.0
831.0
1325.0
547.0
356.0
1101.0
284.0
149.0
859.0
5227.0
5510.0
131.0
171.0
309.0
49.0
28.0
187.0
225.0
185.0
528.0
28.0
74.0
63.0
27.0
122.0
29.0
30.0
20.0
110.0
172.0
874.0
52.0
130.0
63.0
43.0
154.0
221.0
325.0
140.0
162.0
69.0
816.0
161.0
139.0
734.0
38.0
61.0
202.0
90.0
14.0
335.0
129.0
21.0
26.0
29.0
8.0
76.0
266.0
105.0
68.0
88.0
57.0
40.0
83.0
140.0
49.0
25.0
53.0
156.0
104.0
82.0
131.0
47.0
61.0
7.0
1639.0
55.0
111.0
57.0
45.0
649.0
852.0
114.0
1385.0
1096.0
25.0
119.0
117.0
256.0
6225.0
206.0
101.0
153.0
287.0
32.0
263.0
30.0
123.0
239.0
80.0
129.0
832.0
122.0
145.0
447.0
300.0
214.0
68.0
1191.0
124.0
124.0
72.0
90.0
121.0
20.0
251.0
193.0
361.0
162.0
37.0
65.0
51.0
197.0
232.0
314.0
187.0
862.0
1286.0
481.0
1232.0
33.0
525.0
112.0
192.0
48.0
324.0
264.0
394.0
59.0
303.0
223.0
506.0
217.0
1087.0
164.0
342.0
418.0
1345.0
2603.0
1051.0
1024.0
12.0
222.0
556.0
289.0
70.0
238.0
81.0
274.0
14.0
10.0
9.0
12.0
14.0
11.0
13.0
90.0
13.0
12.0
12.0
29.0
360.0
163.0
812.0
1311.0
548.0
327.0
1151.0
291.0
156.0
814.0
5159.0
5561.0
123.0
158.0
310.0
47.0
28.0
175.0
225.0
179.0
524.0
26.0
78.0
62.0
27.0
118.0
29.0
30.0
19.0
110.0
179.0
844.0
53.0
130.0
66.0
42.0
154.0
214.0
340.0
155.0
176.0
74.0
848.0
167.0
150.0
758.0
36.0
63.0
207.0
97.0
14.0
326.0
124.0
21.0
24.0
30.0
8.0
76.0
256.0
102.0
68.0
91.0
56.0
41.0
86.0
142.0
45.0
27.0
53.0
152.0
107.0
80.0
138.0
45.0
63.0
7.0
1654.0
59.0
108.0
54.0
47.0
659.0
807.0
114.0
1355.0
1126.0
26.0
119.0
118.0
269.0
6418.0
214.0
98.0
164.0
294.0
31.0
278.0
30.0
124.0
251.0
82.0
127.0
771.0
116.0
151.0
436.0
325.0
219.0
70.0
1271.0
127.0
120.0
68.0
91.0
116.0
20.0
249.0
206.0
344.0
169.0
37.0
65.0
50.0
194.0
234.0
311.0
203.0
846.0
1327.0
497.0
1255.0
34.0
504.0
112.0
183.0
44.0
322.0
265.0
382.0
56.0
308.0
229.0
475.0
200.0
1097.0
161.0
342.0
429.0
1338.0
2496.0
1085.0
994.0
13.0
212.0
528.0
282.0
75.0
232.0
81.0
281.0
13.0
10.0
10.0
12.0
14.0
11.0
14.0
94.0
14.0
11.0
12.0
28.0
371.0
169.0
845.0
1277.0
594.0
356.0
1171.0
293.0
144.0
834.0
5116.0
5477.0
122.0
156.0
331.0
51.0
28.0
187.0
226.0
184.0
485.0
28.0
77.0
64.0
25.0
123.0
28.0
32.0
19.0
111.0
176.0
830.0
50.0
122.0
64.0
42.0
158.0
214.0
339.0
141.0
176.0
71.0
815.0
153.0
150.0
753.0
35.0
65.0
199.0
93.0
14.0
339.0
120.0
19.0
26.0
30.0
8.0
73.0
260.0
113.0
74.0
91.0
57.0
40.0
85.0
152.0
45.0
26.0
54.0
153.0
111.0
85.0
132.0
45.0
67.0
7.0
1589.0
55.0
119.0
57.0
48.0
633.0
826.0
117.0
1386.0
1045.0
25.0
120.0
113.0
274.0
6518.0
210.0
100.0
155.0
291.0
33.0
281.0
30.0
121.0
252.0
82.0
140.0
808.0
119.0
154.0
447.0
323.0
224.0
66.0
1175.0
134.0
127.0
71.0
93.0
122.0
19.0
261.0
203.0
354.0
160.0
39.0
67.0
51.0
205.0
228.0
305.0
194.0
842.0
1219.0
477.0
1339.0
33.0
514.0
112.0
176.0
44.0
336.0
264.0
366.0
61.0
299.0
232.0
466.0
212.0
1104.0
157.0
330.0
431.0
1304.0
2609.0
1017.0
1009.0
13.0
214.0
534.0
274.0
73.0
247.0
81.0
292.0
13.0
10.0
10.0
12.0
14.0
12.0
14.0
92.0
13.0
12.0
11.0
29.0
363.0
166.0
763.0
1295.0
578.0
330.0
1146.0
287.0
150.0
819.0
5502.0
5942.0
130.0
173.0
312.0
51.0
29.0
194.0
213.0
194.0
534.0
27.0
74.0
65.0
25.0
127.0
28.0
32.0
19.0
118.0
167.0
837.0
53.0
124.0
66.0
43.0
164.0
206.0
317.0
153.0
162.0
76.0
831.0
155.0
143.0
725.0
38.0
66.0
202.0
89.0
13.0
349.0
128.0
21.0
26.0
31.0
8.0
72.0
258.0
111.0
71.0
85.0
59.0
37.0
82.0
150.0
48.0
26.0
58.0
157.0
104.0
86.0
134.0
48.0
67.0
7.0
1624.0
55.0
113.0
57.0
44.0
615.0
798.0
116.0
1311.0
1112.0
25.0
123.0
112.0
261.0
6310.0
206.0
97.0
159.0
287.0
33.0
274.0
29.0
124.0
239.0
80.0
132.0
816.0
120.0
148.0
455.0
303.0
205.0
66.0
1191.0
123.0
119.0
68.0
86.0
120.0
19.0
248.0
203.0
349.0
166.0
37.0
67.0
49.0
202.0
225.0
316.0
202.0
886.0
1259.0
474.0
1248.0
35.0
526.0
115.0
182.0
45.0
340.0
245.0
364.0
59.0
294.0
218.0
460.0
200.0
1093.0
168.0
330.0
448.0
1304.0
2590.0
1101.0
1031.0
13.0
231.0
526.0
277.0
72.0
243.0
77.0
275.0
14.0
9.0
10.0
11.0
13.0
12.0
14.0
96.0
14.0
12.0
12.0
29.0
368.0
173.0
762.0
1377.0
571.0
336.0
1162.0
301.0
152.0
843.0
5186.0
5720.0
128.0
166.0
314.0
47.0
27.0
179.0
207.0
177.0
515.0
26.0
73.0
61.0
25.0
127.0
29.0
31.0
20.0
117.0
171.0
832.0
52.0
124.0
63.0
42.0
157.0
213.0
343.0
151.0
167.0
72.0
826.0
164.0
149.0
786.0
38.0
65.0
202.0
90.0
14.0
334.0
117.0
21.0
26.0
32.0
8.0
69.0
251.0
108.0
69.0
90.0
57.0
40.0
86.0
151.0
46.0
25.0
55.0
148.0
105.0
82.0
129.0
48.0
65.0
7.0
1622.0
56.0
112.0
56.0
47.0
642.0
858.0
122.0
1366.0
1086.0
24.0
115.0
116.0
260.0
6208.0
211.0
102.0
157.0
282.0
33.0
272.0
29.0
129.0
248.0
80.0
131.0
815.0
120.0
144.0
450.0
329.0
218.0
65.0
1197.0
129.0
122.0
70.0
89.0
118.0
20.0
262.0
190.0
369.0
171.0
37.0
65.0
51.0
202.0
222.0
295.0
203.0
890.0
1263.0
492.0
1304.0
34.0
547.0
115.0
182.0
44.0
337.0
263.0
377.0
58.0
293.0
222.0
484.0
211.0
1124.0
170.0
327.0
427.0
1278.0
2717.0
1068.0
1045.0
13.0
216.0
526.0
279.0
72.0
233.0
76.0
292.0
13.0
10.0
10.0
12.0
14.0
12.0
13.0
97.0
14.0
12.0
12.0
27.0
371.0
170.0
790.0
1313.0
576.0
356.0
1156.0
271.0
152.0
800.0
5169.0
5447.0
121.0
162.0
314.0
50.0
27.0
177.0
204.0
178.0
516.0
26.0
73.0
64.0
26.0
119.0
29.0
32.0
19.0
116.0
175.0
844.0
50.0
119.0
67.0
44.0
163.0
221.0
340.0
148.0
166.0
73.0
808.0
153.0
153.0
780.0
36.0
63.0
205.0
90.0
14.0
324.0
127.0
21.0
25.0
30.0
8.0
70.0
266.0
110.0
68.0
86.0
59.0
39.0
88.0
149.0
45.0
25.0
56.0
157.0
100.0
87.0
129.0
46.0
67.0
7.0
1617.0
58.0
116.0
59.0
48.0
645.0
847.0
115.0
1356.0
1139.0
26.0
121.0
111.0
255.0
6220.0
206.0
95.0
166.0
290.0
33.0
268.0
30.0
126.0
242.0
76.0
138.0
798.0
114.0
152.0
440.0
309.0
222.0
65.0
1235.0
130.0
120.0
73.0
86.0
119.0
20.0
255.0
195.0
339.0
163.0
39.0
69.0
48.0
198.0
240.0
299.0
195.0
889.0
1320.0
487.0
1253.0
35.0
533.0
111.0
187.0
47.0
318.0
261.0
394.0
57.0
311.0
217.0
495.0
207.0
1114.0
155.0
354.0
448.0
1289.0
2504.0
1044.0
960.0
13.0
223.0
542.0
277.0
69.0
250.0
76.0
298.0
14.0
10.0
10.0
12.0
14.0
12.0
14.0
95.0
14.0
11.0
11.0
29.0
343.0
164.0
842.0
1358.0
547.0
356.0
1093.0
301.0
158.0
851.0
5011.0
5726.0
131.0
172.0
309.0
47.0
29.0
194.0
222.0
184.0
526.0
27.0
78.0
61.0
25.0
121.0
27.0
31.0
19.0
115.0
169.0
895.0
53.0
123.0
63.0
44.0
161.0
207.0
335.0
150.0
174.0
70.0
828.0
153.0
149.0
739.0
36.0
62.0
199.0
93.0
14.0
334.0
117.0
19.0
24.0
31.0
8.0
75.0
250.0
111.0
69.0
83.0
54.0
41.0
88.0
148.0
46.0
27.0
53.0
156.0
109.0
79.0
128.0
46.0
64.0
7.0
1660.0
59.0
108.0
54.0
46.0
610.0
797.0
120.0
1341.0
1055.0
26.0
114.0
108.0
275.0
6172.0
197.0
102.0
167.0
270.0
31.0
272.0
28.0
124.0
244.0
82.0
133.0
809.0
116.0
149.0
456.0
324.0
218.0
67.0
1186.0
131.0
126.0
73.0
89.0
117.0
19.0
258.0
207.0
370.0
161.0
38.0
70.0
53.0
197.0
241.0
319.0
191.0
863.0
1265.0
468.0
1269.0
34.0
548.0
113.0
191.0
48.0
336.0
258.0
365.0
60.0
306.0
221.0
501.0
198.0
1120.0
166.0
346.0
437.0
1369.0
2562.0
1036.0
989.0
13.0
217.0
510.0
270.0
76.0
238.0
77.0
296.0
14.0
10.0
10.0
12.0
14.0
11.0
13.0
94.0
14.0
11.0
12.0
27.0
365.0
159.0
842.0
1273.0
576.0
351.0
1151.0
297.0
154.0
828.0
5301.0
5747.0
123.0
168.0
333.0
48.0
29.0
179.0
212.0
196.0
533.0
27.0
76.0
61.0
26.0
123.0
29.0
32.0
19.0
111.0
165.0
875.0
49.0
129.0
62.0
45.0
167.0
215.0
325.0
144.0
173.0
71.0
824.0
163.0
147.0
777.0
35.0
63.0
195.0
94.0
14.0
352.0
126.0
20.0
25.0
30.0
8.0
76.0
269.0
105.0
71.0
84.0
55.0
39.0
85.0
141.0
45.0
26.0
57.0
157.0
105.0
85.0
130.0
46.0
62.0
7.0
1587.0
56.0
115.0
59.0
48.0
623.0
824.0
117.0
1403.0
1101.0
24.0
119.0
108.0
271.0
6543.0
200.0
94.0
153.0
277.0
32.0
286.0
27.0
118.0
252.0
77.0
129.0
795.0
113.0
154.0
461.0
310.0
212.0
68.0
1285.0
130.0
116.0
71.0
89.0
121.0
19.0
265.0
191.0
375.0
160.0
37.0
65.0
50.0
187.0
221.0
318.0
188.0
829.0
1297.0
487.0
1249.0
33.0
545.0
109.0
177.0
47.0
341.0
259.0
373.0
56.0
308.0
226.0
485.0
198.0
1094.0
161.0
334.0
419.0
1369.0
2572.0
1027.0
978.0
13.0
221.0
540.0
291.0
75.0
238.0
82.0
287.0
14.0
10.0
10.0
12.0
14.0
12.0
14.0
91.0
14.0
12.0
12.0
29.0
365.0
162.0
799.0
1310.0
571.0
336.0
1123.0
272.0
147.0
792.0
5305.0
5757.0
128.0
168.0
306.0
51.0
28.0
177.0
225.0
182.0
509.0
28.0
79.0
62.0
27.0
124.0
29.0
30.0
19.0
118.0
172.0
827.0
51.0
131.0
63.0
44.0
163.0
211.0
319.0
146.0
173.0
74.0
839.0
166.0
149.0
733.0
35.0
63.0
203.0
89.0
13.0
341.0
125.0
20.0
26.0
31.0
8.0
76.0
254.0
113.0
74.0
88.0
57.0
40.0
89.0
154.0
49.0
27.0
53.0
151.0
101.0
80.0
134.0
45.0
66.0
7.0
1517.0
58.0
109.0
57.0
47.0
624.0
835.0
115.0
1361.0
1118.0
26.0
118.0
113.0
253.0
6715.0
206.0
95.0
165.0
285.0
32.0
261.0
28.0
121.0
258.0
82.0
132.0
780.0
115.0
144.0
441.0
308.0
208.0
65.0
1272.0
125.0
119.0
67.0
86.0
122.0
20.0
267.0
206.0
371.0
160.0
37.0
67.0
53.0
201.0
231.0
295.0
205.0
885.0
1276.0
476.0
1218.0
36.0
555.0
117.0
184.0
48.0
321.0
248.0
385.0
59.0
309.0
228.0
505.0
216.0
1106.0
164.0
340.0
434.0
1283.0
2653.0
1087.0
998.0
12.0
230.0
534.0
276.0
75.0
249.0
80.0
276.0
14.0
10.0
9.0
12.0
14.0
12.0
14.0
93.0
13.0
12.0
12.0
29.0
343.0
167.0
798.0
1293.0
566.0
344.0
1190.0
290.0
153.0
855.0
5503.0
5969.0
129.0
159.0
311.0
48.0
28.0
177.0
207.0
183.0
498.0
27.0
72.0
62.0
27.0
122.0
29.0
33.0
19.0
113.0
172.0
868.0
52.0
121.0
61.0
46.0
153.0
209.0
323.0
154.0
173.0
73.0
835.0
162.0
140.0
783.0
38.0
61.0
208.0
92.0
14.0
333.0
122.0
21.0
24.0
31.0
8.0
75.0
265.0
105.0
74.0
85.0
54.0
37.0
81.0
141.0
45.0
25.0
58.0
159.0
108.0
80.0
128.0
48.0
63.0
7.0
1542.0
58.0
111.0
55.0
45.0
623.0
873.0
119.0
1389.0
1054.0
26.0
118.0
110.0
259.0
6518.0
207.0
101.0
151.0
271.0
32.0
282.0
28.0
121.0
245.0
81.0
137.0
774.0
112.0
155.0
428.0
312.0
207.0
65.0
1170.0
124.0
120.0
67.0
91.0
110.0
20.0
260.0
204.0
372.0
168.0
37.0
67.0
49.0
187.0
241.0
304.0
203.0
882.0
1320.0
513.0
1231.0
34.0
540.0
111.0
177.0
47.0
326.0
249.0
393.0
60.0
289.0
225.0
478.0
215.0
1055.0
171.0
340.0
425.0
1390.0
2497.0
1012.0
957.0
12.0
211.0
553.0
271.0
71.0
252.0
82.0
273.0
14.0
10.0
10.0
11.0
13.0
11.0
13.0
95.0
14.0
12.0
12.0
29.0
345.0
168.0
779.0
1349.0
588.0
346.0
1185.0
299.0
153.0
842.0
4974.0
5574.0
127.0
157.0
333.0
51.0
29.0
187.0
220.0
195.0
490.0
26.0
74.0
65.0
26.0
121.0
28.0
33.0
20.0
118.0
165.0
831.0
50.0
130.0
63.0
45.0
161.0
210.0
324.0
149.0
171.0
75.0
825.0
164.0
151.0
792.0
37.0
64.0
202.0
93.0
14.0
333.0
124.0
21.0
26.0
30.0
8.0
75.0
262.0
112.0
73.0
84.0
57.0
39.0
88.0
151.0
45.0
26.0
56.0
153.0
102.0
79.0
131.0
46.0
67.0
7.0
1501.0
56.0
109.0
54.0
44.0
628.0
876.0
123.0
1312.0
1058.0
26.0
122.0
119.0
269.0
6823.0
215.0
96.0
162.0
298.0
32.0
288.0
29.0
120.0
253.0
76.0
129.0
819.0
122.0
148.0
431.0
328.0
219.0
67.0
1160.0
134.0
118.0
73.0
86.0
113.0
20.0
272.0
195.0
363.0
165.0
36.0
66.0
52.0
198.0
219.0
312.0
198.0
875.0
1295.0
188.0
203.0
140.0
165.0
437.0
167.0
171.0
137.0
148.0
167.0
146.0
171.0
158.0
141.0
174.0
151.0
139.0
175.0
162.0
137.0
142.0
163.0
170.0
375.0
160.0
135.0
136.0
156.0
170.0
165.0
163.0
422.0
470.0
392.0
484.0
368.0
489.0
448.0
406.0
493.0
429.0
487.0
474.0
164.0
144.0
159.0
164.0
164.0
150.0
131.0
158.0
470.0
149.0
151.0
152.0
131.0
165.0
137.0
160.0
145.0
133.0
162.0
177.0
144.0
148.0
162.0
176.0
143.0
168.0
136.0
387.0
167.0
176.0
173.0
438.0
150.0
137.0
172.0
156.0
152.0
150.0
138.0
157.0
166.0
169.0
167.0
170.0
130.0
490.0
153.0
144.0
387.0
164.0
392.0
143.0
453.0
135.0
135.0
176.0
139.0
177.0
155.0
134.0
159.0
173.0
150.0
135.0
168.0
160.0
166.0
147.0
164.0
395.0
176.0
171.0
142.0
147.0
167.0
368.0
134.0
141.0
165.0
177.0
375.0
133.0
135.0
139.0
135.0
169.0
153.0
154.0
150.0
407.0
167.0
451.0
486.0
426.0
155.0
394.0
474.0
450.0
371.0
465.0
463.0
492.0
413.0
379.0
380.0
466.0
400.0
423.0
422.0
151.0
171.0
134.0
170.0
160.0
148.0
155.0
173.0
145.0
143.0
175.0
463.0
417.0
448.0
402.0
474.0
453.0
166.0
164.0
174.0
171.0
156.0
170.0
143.0
429.0
173.0
137.0
173.0
150.0
132.0
160.0
152.0
137.0
156.0
151.0
146.0
130.0
160.0
170.0
155.0
130.0
160.0
142.0
473.0
145.0
132.0
172.0
149.0
137.0
152.0
135.0
399.0
458.0
469.0
479.0
470.0
395.0
494.0
459.0
390.0
371.0
392.0
374.0
139.0
153.0
149.0
176.0
169.0
162.0
147.0
147.0
472.0
167.0
167.0
165.0
132.0
151.0
145.0
164.0
174.0
174.0
134.0
152.0
131.0
160.0
143.0
164.0
148.0
177.0
138.0
414.0
176.0
162.0
151.0
494.0
155.0
171.0
143.0
157.0
141.0
165.0
136.0
163.0
148.0
167.0
141.0
171.0
163.0
402.0
157.0
136.0
393.0
141.0
420.0
139.0
453.0
151.0
165.0
175.0
149.0
162.0
154.0
138.0
166.0
141.0
143.0
133.0
152.0
165.0
154.0
148.0
149.0
462.0
131.0
164.0
163.0
137.0
133.0
486.0
151.0
140.0
169.0
146.0
479.0
141.0
177.0
169.0
143.0
167.0
134.0
170.0
170.0
380.0
163.0
420.0
370.0
417.0
147.0
397.0
434.0
423.0
398.0
495.0
418.0
421.0
463.0
384.0
443.0
475.0
399.0
364.0
415.0
141.0
151.0
143.0
157.0
172.0
137.0
164.0
165.0
151.0
131.0
173.0
447.0
477.0
431.0
443.0
426.0
426.0
168.0
160.0
173.0
207.0
196.0
144.0
171.0
434.0
133.0
158.0
149.0
149.0
174.0
159.0
154.0
165.0
145.0
143.0
146.0
159.0
157.0
177.0
136.0
132.0
146.0
172.0
405.0
171.0
177.0
177.0
137.0
130.0
147.0
131.0
465.0
459.0
448.0
396.0
373.0
433.0
489.0
374.0
390.0
457.0
440.0
434.0
172.0
151.0
138.0
175.0
169.0
141.0
146.0
137.0
484.0
171.0
144.0
150.0
174.0
149.0
164.0
155.0
172.0
161.0
167.0
176.0
158.0
142.0
133.0
137.0
131.0
151.0
175.0
367.0
143.0
169.0
152.0
438.0
174.0
175.0
171.0
170.0
160.0
157.0
148.0
176.0
143.0
162.0
169.0
170.0
140.0
463.0
138.0
159.0
442.0
177.0
377.0
145.0
415.0
138.0
140.0
173.0
170.0
162.0
152.0
174.0
141.0
164.0
169.0
147.0
167.0
162.0
160.0
128.0
157.0
411.0
160.0
140.0
148.0
149.0
167.0
493.0
177.0
131.0
173.0
169.0
420.0
141.0
172.0
137.0
132.0
168.0
151.0
170.0
157.0
456.0
174.0
381.0
406.0
373.0
138.0
383.0
428.0
443.0
421.0
434.0
477.0
365.0
418.0
420.0
451.0
493.0
412.0
487.0
405.0
174.0
175.0
165.0
137.0
133.0
153.0
155.0
155.0
131.0
156.0
153.0
484.0
478.0
400.0
453.0
467.0
372.0
155.0
156.0
145.0
155.0
161.0
158.0
156.0
406.0
161.0
168.0
135.0
139.0
141.0
171.0
171.0
155.0
175.0
163.0
148.0
147.0
149.0
141.0
141.0
132.0
137.0
144.0
415.0
141.0
132.0
131.0
132.0
136.0
169.0
145.0
376.0
420.0
485.0
494.0
456.0
409.0
387.0
472.0
427.0
402.0
479.0
461.0
139.0
133.0
159.0
160.0
173.0
131.0
154.0
156.0
393.0
138.0
172.0
154.0
174.0
144.0
164.0
172.0
133.0
165.0
133.0
141.0
148.0
133.0
150.0
136.0
141.0
135.0
131.0
381.0
165.0
175.0
172.0
384.0
174.0
165.0
170.0
166.0
174.0
166.0
145.0
135.0
156.0
159.0
164.0
172.0
142.0
469.0
133.0
173.0
436.0
141.0
445.0
162.0
470.0
177.0
135.0
132.0
158.0
149.0
160.0
144.0
139.0
173.0
142.0
135.0
140.0
152.0
135.0
129.0
146.0
476.0
145.0
160.0
153.0
141.0
140.0
428.0
133.0
153.0
145.0
159.0
403.0
157.0
158.0
162.0
149.0
160.0
156.0
144.0
140.0
448.0
143.0
442.0
466.0
478.0
157.0
461.0
474.0
450.0
449.0
486.0
376.0
481.0
396.0
453.0
474.0
408.0
474.0
428.0
420.0
172.0
158.0
131.0
152.0
134.0
131.0
150.0
168.0
166.0
163.0
162.0
445.0
430.0
390.0
465.0
424.0
388.0
150.0
139.0
158.0
153.0
201.0
138.0
146.0
449.0
144.0
153.0
141.0
154.0
141.0
174.0
176.0
137.0
177.0
154.0
169.0
142.0
139.0
142.0
155.0
133.0
135.0
132.0
409.0
170.0
176.0
170.0
148.0
163.0
159.0
144.0
438.0
401.0
434.0
433.0
473.0
466.0
428.0
457.0
414.0
402.0
425.0
427.0
141.0
165.0
131.0
160.0
131.0
157.0
173.0
146.0
411.0
135.0
143.0
134.0
158.0
148.0
167.0
171.0
142.0
153.0
149.0
151.0
146.0
135.0
132.0
162.0
117.0
161.0
173.0
393.0
147.0
132.0
147.0
402.0
170.0
145.0
169.0
166.0
176.0
142.0
166.0
152.0
153.0
131.0
176.0
132.0
160.0
438.0
160.0
166.0
433.0
162.0
478.0
144.0
416.0
164.0
166.0
141.0
174.0
135.0
176.0
173.0
172.0
164.0
165.0
163.0
174.0
150.0
153.0
114.0
130.0
364.0
151.0
170.0
174.0
145.0
148.0
442.0
130.0
142.0
165.0
176.0
465.0
139.0
138.0
159.0
144.0
168.0
143.0
162.0
144.0
397.0
167.0
416.0
449.0
439.0
165.0
370.0
405.0
402.0
399.0
377.0
392.0
481.0
367.0
481.0
450.0
444.0
431.0
438.0
469.0
159.0
163.0
151.0
173.0
157.0
166.0
130.0
176.0
138.0
162.0
133.0
370.0
393.0
404.0
483.0
431.0
370.0
133.0
152.0
169.0
191.0
205.0
164.0
165.0
364.0
139.0
176.0
132.0
154.0
149.0
165.0
130.0
167.0
172.0
139.0
152.0
163.0
166.0
165.0
133.0
162.0
170.0
167.0
479.0
177.0
165.0
176.0
171.0
154.0
142.0
161.0
439.0
446.0
367.0
469.0
369.0
407.0
439.0
396.0
364.0
399.0
425.0
443.0
163.0
165.0
161.0
142.0
175.0
160.0
139.0
154.0
385.0
172.0
165.0
149.0
166.0
135.0
165.0
143.0
171.0
176.0
130.0
159.0
141.0
137.0
135.0
131.0
118.0
153.0
130.0
412.0
148.0
164.0
163.0
389.0
151.0
133.0
158.0
148.0
131.0
148.0
142.0
139.0
135.0
174.0
160.0
150.0
139.0
431.0
165.0
146.0
455.0
176.0
421.0
155.0
401.0
136.0
134.0
162.0
130.0
156.0
169.0
146.0
137.0
172.0
130.0
168.0
151.0
162.0
172.0
144.0
171.0
452.0
160.0
161.0
142.0
141.0
153.0
365.0
153.0
146.0
139.0
152.0
488.0
145.0
148.0
151.0
149.0
134.0
152.0
151.0
162.0
462.0
136.0
396.0
463.0
482.0
153.0
474.0
482.0
453.0
438.0
376.0
417.0
458.0
463.0
440.0
458.0
404.0
379.0
480.0
365.0
161.0
172.0
145.0
166.0
170.0
159.0
135.0
159.0
173.0
163.0
136.0
459.0
410.0
372.0
375.0
409.0
456.0
162.0
154.0
143.0
158.0
196.0
172.0
159.0
364.0
134.0
137.0
166.0
158.0
157.0
177.0
155.0
141.0
140.0
172.0
141.0
138.0
141.0
164.0
162.0
160.0
145.0
154.0
414.0
148.0
136.0
153.0
134.0
171.0
172.0
163.0
440.0
450.0
375.0
451.0
471.0
379.0
418.0
479.0
489.0
384.0
409.0
410.0
151.0
147.0
151.0
136.0
160.0
159.0
169.0
166.0
397.0
144.0
150.0
132.0
173.0
148.0
149.0
156.0
151.0
147.0
151.0
163.0
161.0
159.0
164.0
157.0
149.0
152.0
134.0
418.0
156.0
154.0
164.0
471.0
134.0
160.0
132.0
171.0
161.0
168.0
168.0
165.0
145.0
160.0
165.0
166.0
170.0
401.0
173.0
156.0
421.0
146.0
493.0
177.0
420.0
152.0
171.0
136.0
163.0
133.0
148.0
144.0
163.0
148.0
177.0
170.0
176.0
164.0
172.0
130.0
168.0
439.0
166.0
174.0
147.0
174.0
134.0
485.0
144.0
135.0
168.0
170.0
488.0
173.0
164.0
132.0
141.0
168.0
130.0
136.0
139.0
411.0
162.0
461.0
468.0
433.0
166.0
404.0
386.0
379.0
439.0
448.0
436.0
454.0
443.0
396.0
448.0
458.0
438.0
477.0
394.0
165.0
165.0
154.0
177.0
174.0
164.0
134.0
132.0
132.0
135.0
144.0
466.0
364.0
477.0
416.0
454.0
426.0
143.0
142.0
153.0
207.0
194.0
146.0
164.0
450.0
174.0
175.0
158.0
162.0
169.0
166.0
164.0
169.0
134.0
141.0
176.0
167.0
141.0
172.0
169.0
140.0
175.0
135.0
449.0
158.0
152.0
138.0
130.0
146.0
160.0
162.0
462.0
477.0
408.0
414.0
454.0
428.0
401.0
428.0
489.0
401.0
420.0
422.0
142.0
147.0
140.0
133.0
131.0
136.0
174.0
156.0
460.0
166.0
150.0
161.0
177.0
152.0
134.0
130.0
150.0
155.0
134.0
145.0
139.0
154.0
169.0
145.0
142.0
154.0
152.0
392.0
137.0
164.0
131.0
381.0
132.0
160.0
171.0
135.0
142.0
167.0
140.0
142.0
152.0
145.0
168.0
144.0
143.0
431.0
157.0
158.0
489.0
161.0
408.0
151.0
446.0
162.0
155.0
139.0
145.0
135.0
167.0
140.0
155.0
154.0
165.0
142.0
140.0
130.0
144.0
131.0
131.0
408.0
150.0
135.0
153.0
153.0
176.0
428.0
156.0
174.0
146.0
141.0
393.0
139.0
169.0
160.0
165.0
170.0
176.0
145.0
141.0
430.0
145.0
369.0
454.0
422.0
147.0
384.0
390.0
435.0
452.0
486.0
388.0
379.0
394.0
474.0
410.0
439.0
468.0
447.0
461.0
131.0
161.0
159.0
166.0
145.0
177.0
156.0
152.0
132.0
131.0
133.0
372.0
443.0
394.0
442.0
455.0
402.0
163.0
131.0
175.0
205.0
168.0
163.0
153.0
473.0
170.0
161.0
176.0
152.0
146.0
167.0
173.0
175.0
172.0
156.0
143.0
162.0
156.0
163.0
137.0
160.0
143.0
162.0
416.0
163.0
133.0
167.0
149.0
157.0
168.0
153.0
392.0
402.0
474.0
401.0
462.0
417.0
406.0
494.0
482.0
411.0
383.0
417.0
155.0
155.0
172.0
165.0
172.0
140.0
168.0
142.0
476.0
133.0
144.0
175.0
133.0
144.0
176.0
147.0
165.0
146.0
144.0
157.0
171.0
167.0
167.0
141.0
118.0
167.0
168.0
400.0
157.0
154.0
157.0
396.0
167.0
132.0
135.0
160.0
154.0
169.0
173.0
168.0
165.0
162.0
175.0
138.0
152.0
477.0
132.0
165.0
490.0
132.0
442.0
146.0
384.0
154.0
156.0
171.0
157.0
160.0
172.0
166.0
162.0
132.0
131.0
133.0
169.0
176.0
130.0
119.0
132.0
405.0
134.0
138.0
140.0
153.0
157.0
458.0
170.0
161.0
158.0
163.0
490.0
136.0
143.0
165.0
176.0
147.0
169.0
139.0
168.0
397.0
167.0
391.0
409.0
463.0
141.0
412.0
378.0
469.0
403.0
437.0
455.0
366.0
374.0
385.0
401.0
485.0
411.0
494.0
438.0
152.0
146.0
140.0
155.0
133.0
142.0
151.0
138.0
161.0
169.0
154.0
480.0
390.0
459.0
472.0
426.0
482.0
158.0
144.0
159.0
196.0
166.0
131.0
143.0
454.0
141.0
146.0
170.0
163.0
160.0
136.0
148.0
149.0
171.0
142.0
162.0
172.0
139.0
153.0
167.0
175.0
162.0
145.0
412.0
140.0
138.0
172.0
131.0
173.0
145.0
146.0
381.0
465.0
483.0
446.0
421.0
392.0
485.0
470.0
484.0
425.0
370.0
465.0
166.0
162.0
164.0
155.0
169.0
136.0
159.0
136.0
418.0
175.0
157.0
134.0
158.0
172.0
134.0
158.0
141.0
140.0
174.0
134.0
158.0
174.0
150.0
134.0
151.0
152.0
165.0
370.0
175.0
164.0
176.0
481.0
134.0
149.0
168.0
140.0
138.0
158.0
146.0
163.0
149.0
136.0
133.0
176.0
174.0
429.0
143.0
171.0
366.0
132.0
403.0
133.0
402.0
156.0
146.0
152.0
136.0
176.0
170.0
161.0
136.0
155.0
163.0
156.0
133.0
148.0
161.0
148.0
177.0
366.0
164.0
142.0
138.0
156.0
152.0
451.0
138.0
169.0
159.0
135.0
380.0
138.0
136.0
156.0
141.0
171.0
169.0
131.0
169.0
475.0
139.0
372.0
441.0
398.0
165.0
448.0
473.0
471.0
452.0
390.0
466.0
364.0
478.0
420.0
430.0
460.0
493.0
379.0
453.0
171.0
145.0
175.0
153.0
165.0
135.0
142.0
145.0
166.0
132.0
176.0
494.0
420.0
474.0
424.0
467.0
426.0
137.0
166.0
150.0
162.0
175.0
160.0
164.0
458.0
177.0
140.0
167.0
146.0
135.0
148.0
166.0
159.0
145.0
135.0
153.0
176.0
142.0
137.0
164.0
159.0
146.0
143.0
470.0
137.0
142.0
151.0
163.0
159.0
166.0
174.0
480.0
484.0
481.0
408.0
467.0
452.0
448.0
456.0
405.0
366.0
469.0
405.0
173.0
174.0
149.0
133.0
140.0
131.0
138.0
144.0
382.0
132.0
155.0
149.0
132.0
143.0
155.0
171.0
137.0
169.0
150.0
146.0
164.0
145.0
172.0
175.0
119.0
155.0
132.0
487.0
159.0
136.0
172.0
424.0
135.0
140.0
161.0
176.0
169.0
164.0
145.0
155.0
132.0
162.0
144.0
135.0
142.0
459.0
164.0
159.0
376.0
165.0
421.0
141.0
363.0
141.0
137.0
142.0
154.0
172.0
146.0
159.0
160.0
155.0
140.0
165.0
134.0
141.0
158.0
125.0
164.0
410.0
147.0
145.0
130.0
130.0
145.0
394.0
136.0
168.0
135.0
146.0
477.0
141.0
162.0
157.0
167.0
169.0
165.0
134.0
134.0
365.0
170.0
487.0
379.0
423.0
132.0
401.0
442.0
485.0
429.0
467.0
479.0
427.0
408.0
433.0
486.0
372.0
449.0
432.0
463.0
132.0
151.0
147.0
152.0
141.0
173.0
174.0
145.0
152.0
145.0
131.0
396.0
455.0
417.0
406.0
471.0
382.0
143.0
139.0
165.0
161.0
195.0
177.0
138.0
451.0
132.0
139.0
147.0
145.0
175.0
144.0
172.0
172.0
147.0
143.0
173.0
153.0
139.0
139.0
148.0
148.0
147.0
141.0
442.0
176.0
159.0
142.0
168.0
166.0
164.0
145.0
393.0
432.0
377.0
402.0
435.0
402.0
395.0
403.0
471.0
407.0
473.0
413.0
143.0
159.0
150.0
171.0
149.0
146.0
176.0
147.0
428.0
156.0
155.0
141.0
145.0
174.0
135.0
131.0
167.0
133.0
149.0
133.0
159.0
132.0
169.0
156.0
129.0
146.0
131.0
437.0
175.0
161.0
132.0
458.0
169.0
176.0
162.0
169.0
162.0
154.0
153.0
146.0
141.0
149.0
170.0
160.0
150.0
429.0
169.0
153.0
400.0
143.0
474.0
137.0
446.0
135.0
136.0
173.0
173.0
136.0
176.0
139.0
174.0
156.0
169.0
144.0
132.0
132.0
163.0
136.0
145.0
486.0
131.0
165.0
155.0
160.0
134.0
491.0
131.0
140.0
149.0
174.0
365.0
169.0
145.0
147.0
152.0
134.0
152.0
159.0
134.0
388.0
158.0
460.0
455.0
460.0
139.0
479.0
389.0
371.0
370.0
377.0
486.0
418.0
385.0
446.0
488.0
492.0
363.0
423.0
457.0
175.0
144.0
166.0
137.0
134.0
138.0
151.0
133.0
141.0
162.0
164.0
400.0
487.0
423.0
467.0
394.0
398.0
137.0
165.0
160.0
156.0
177.0
154.0
155.0
434.0
137.0
143.0
174.0
130.0
157.0
166.0
163.0
171.0
137.0
146.0
157.0
143.0
135.0
165.0
144.0
148.0
148.0
176.0
414.0
155.0
155.0
168.0
170.0
141.0
132.0
154.0
377.0
466.0
372.0
366.0
467.0
415.0
368.0
367.0
379.0
484.0
411.0
476.0
138.0
175.0
134.0
166.0
137.0
135.0
148.0
131.0
417.0
167.0
139.0
154.0
135.0
158.0
155.0
173.0
152.0
158.0
169.0
173.0
174.0
148.0
172.0
166.0
122.0
146.0
134.0
366.0
159.0
141.0
165.0
452.0
159.0
131.0
173.0
159.0
132.0
160.0
139.0
148.0
137.0
171.0
135.0
160.0
142.0
375.0
133.0
158.0
478.0
173.0
402.0
157.0
422.0
144.0
171.0
148.0
166.0
168.0
131.0
177.0
143.0
164.0
139.0
130.0
130.0
148.0
155.0
142.0
130.0
370.0
173.0
168.0
138.0
133.0
159.0
454.0
132.0
176.0
132.0
159.0
372.0
137.0
151.0
169.0
136.0
172.0
147.0
176.0
157.0
379.0
143.0
364.0
489.0
370.0
158.0
390.0
380.0
444.0
370.0
378.0
445.0
419.0
411.0
384.0
393.0
425.0
380.0
460.0
408.0
133.0
172.0
161.0
152.0
152.0
161.0
150.0
175.0
148.0
142.0
168.0
461.0
386.0
398.0
407.0
475.0
447.0
152.0
131.0
172.0
174.0
166.0
153.0
158.0
428.0
135.0
168.0
153.0
166.0
140.0
148.0
175.0
170.0
169.0
139.0
143.0
131.0
135.0
147.0
163.0
154.0
146.0
135.0
416.0
146.0
165.0
137.0
165.0
149.0
144.0
148.0
434.0
398.0
458.0
399.0
369.0
426.0
461.0
432.0
475.0
485.0
473.0
439.0
175.0
136.0
138.0
142.0
160.0
163.0
173.0
160.0
385.0
147.0
157.0
170.0
177.0
136.0
177.0
147.0
142.0
156.0
171.0
133.0
130.0
149.0
139.0
144.0
144.0
169.0
136.0
385.0
136.0
177.0
163.0
411.0
171.0
175.0
160.0
138.0
133.0
173.0
152.0
134.0
153.0
140.0
147.0
153.0
157.0
374.0
139.0
145.0
391.0
150.0
409.0
162.0
382.0
150.0
169.0
157.0
159.0
177.0
167.0
155.0
152.0
172.0
153.0
162.0
133.0
146.0
156.0
129.0
158.0
411.0
167.0
135.0
150.0
139.0
167.0
474.0
136.0
152.0
159.0
164.0
472.0
136.0
168.0
141.0
132.0
135.0
155.0
134.0
156.0
397.0
130.0
377.0
426.0
390.0
138.0
375.0
363.0
368.0
393.0
408.0
382.0
484.0
453.0
423.0
445.0
379.0
365.0
465.0
468.0
134.0
130.0
144.0
132.0
152.0
146.0
134.0
143.0
142.0
136.0
156.0
387.0
425.0
402.0
476.0
448.0
486.0
144.0
162.0
150.0
169.0
161.0
174.0
167.0
398.0
136.0
132.0
172.0
145.0
151.0
132.0
138.0
134.0
165.0
157.0
169.0
161.0
150.0
160.0
140.0
151.0
165.0
142.0
482.0
170.0
157.0
177.0
155.0
143.0
139.0
163.0
465.0
461.0
407.0
453.0
494.0
463.0
424.0
453.0
433.0
412.0
370.0
364.0
160.0
164.0
141.0
166.0
148.0
135.0
138.0
134.0
397.0
166.0
133.0
166.0
139.0
165.0
151.0
167.0
134.0
152.0
146.0
151.0
148.0
131.0
156.0
143.0
151.0
139.0
166.0
484.0
156.0
171.0
162.0
432.0
155.0
134.0
134.0
151.0
152.0
139.0
158.0
145.0
139.0
161.0
158.0
167.0
174.0
425.0
155.0
144.0
488.0
153.0
448.0
176.0
468.0
162.0
160.0
150.0
170.0
159.0
132.0
167.0
177.0
140.0
144.0
158.0
156.0
130.0
155.0
127.0
165.0
374.0
174.0
158.0
149.0
161.0
175.0
476.0
160.0
130.0
164.0
140.0
448.0
170.0
161.0
176.0
131.0
174.0
167.0
161.0
134.0
363.0
158.0
435.0
387.0
424.0
142.0
397.0
487.0
452.0
435.0
400.0
483.0
424.0
477.0
414.0
387.0
390.0
379.0
390.0
466.0
169.0
151.0
157.0
176.0
151.0
172.0
149.0
170.0
150.0
167.0
132.0
451.0
386.0
389.0
437.0
371.0
493.0
160.0
143.0
170.0
