I_BRKGA_178_6_30_9_CESP
178 6 30 495.0
62370.5
54967.5
59200.5
61814.5
55702.5
62602.5
57666.5
55904.5
61408.5
60845.5
55525.5
54678.5
56001.5
55747.5
62444.5
54659.5
59522.5
59697.5
62128.5
60687.5
60377.5
54395.5
56884.5
58747.5
61247.5
63316.5
56082.5
61380.5
63759.5
54636.5
0.03655065344763598
0.031916198649894846
0.03588756900667062
0.029598024389188373
0.03865673304347172
0.029177799662854283
0.03777289521371161
0.028794217363696282
0.03618944505696188
0.027699962697832536
0.039938571212109
0.03279219336411319
0.03949133785507041
0.03277195796110108
0.03812548117610996
0.026937687141031008
0.035278000120520826
0.033043916161814665
0.039182170779383726
0.029045876664420014
0.035122839880884486
0.03233973294350086
0.03925563157878941
0.02804573465451663
0.03451176121869137
0.03269527420692886
0.03989135714118614
0.027746468037352402
0.03486295938643771
0.016677549984119966
124.0
123.0
126.0
123.0
129.0
124.0
2557.0
22.0
1261.0
1300.0
67.0
529.0
504.0
1333.0
35.0
507.0
110.0
175.0
46.0
346.0
255.0
400.0
58.0
292.0
215.0
497.0
216.0
1098.0
164.0
332.0
407.0
1337.0
2533.0
1077.0
997.0
12.0
228.0
536.0
290.0
73.0
245.0
81.0
283.0
14.0
10.0
10.0
12.0
14.0
12.0
14.0
97.0
14.0
12.0
11.0
27.0
358.0
166.0
763.0
1264.0
576.0
333.0
1184.0
280.0
150.0
789.0
5089.0
5865.0
125.0
159.0
317.0
48.0
27.0
175.0
219.0
182.0
511.0
28.0
78.0
62.0
26.0
118.0
28.0
31.0
20.0
113.0
164.0
834.0
49.0
125.0
67.0
42.0
165.0
210.0
332.0
147.0
175.0
70.0
874.0
162.0
151.0
739.0
36.0
62.0
210.0
96.0
13.0
327.0
123.0
20.0
26.0
29.0
8.0
69.0
273.0
113.0
73.0
86.0
56.0
40.0
81.0
152.0
46.0
26.0
54.0
164.0
110.0
82.0
127.0
46.0
66.0
7.0
1653.0
54.0
114.0
57.0
46.0
631.0
822.0
112.0
1363.0
1097.0
25.0
122.0
116.0
266.0
6290.0
202.0
99.0
165.0
290.0
33.0
276.0
28.0
123.0
252.0
77.0
135.0
784.0
116.0
156.0
450.0
311.0
225.0
68.0
1259.0
133.0
126.0
66.0
86.0
122.0
19.0
246.0
195.0
364.0
172.0
36.0
68.0
52.0
203.0
232.0
296.0
200.0
816.0
1221.0
485.0
1223.0
35.0
539.0
119.0
182.0
48.0
325.0
266.0
383.0
61.0
301.0
230.0
498.0
207.0
1116.0
163.0
343.0
427.0
1334.0
2709.0
1038.0
1056.0
12.0
229.0
533.0
294.0
76.0
250.0
80.0
272.0
14.0
10.0
9.0
12.0
14.0
11.0
14.0
100.0
14.0
12.0
12.0
28.0
351.0
157.0
832.0
1261.0
577.0
345.0
1093.0
290.0
151.0
842.0
5315.0
5824.0
123.0
166.0
325.0
49.0
27.0
194.0
218.0
185.0
513.0
28.0
72.0
61.0
27.0
122.0
28.0
32.0
20.0
109.0
177.0
902.0
53.0
125.0
63.0
44.0
164.0
201.0
330.0
147.0
171.0
74.0
830.0
168.0
143.0
781.0
35.0
60.0
208.0
95.0
14.0
344.0
124.0
21.0
24.0
31.0
8.0
76.0
257.0
103.0
70.0
85.0
56.0
39.0
85.0
154.0
47.0
26.0
53.0
161.0
102.0
80.0
131.0
44.0
67.0
7.0
1602.0
56.0
118.0
54.0
46.0
614.0
804.0
121.0
1401.0
1146.0
25.0
119.0
113.0
261.0
6178.0
209.0
102.0
152.0
298.0
33.0
286.0
30.0
125.0
241.0
79.0
130.0
755.0
116.0
154.0
440.0
305.0
216.0
66.0
1212.0
128.0
125.0
71.0
93.0
112.0
19.0
252.0
192.0
371.0
171.0
38.0
71.0
52.0
192.0
237.0
297.0
195.0
900.0
1288.0
500.0
1252.0
35.0
557.0
109.0
181.0
47.0
344.0
262.0
389.0
60.0
293.0
220.0
482.0
203.0
1039.0
169.0
344.0
444.0
1346.0
2569.0
1046.0
978.0
12.0
223.0
521.0
268.0
71.0
240.0
80.0
295.0
14.0
9.0
10.0
11.0
14.0
11.0
13.0
99.0
14.0
12.0
12.0
27.0
358.0
160.0
807.0
1352.0
588.0
359.0
1141.0
282.0
147.0
802.0
5471.0
5885.0
129.0
162.0
316.0
49.0
29.0
180.0
226.0
180.0
501.0
27.0
75.0
66.0
27.0
122.0
29.0
33.0
19.0
111.0
176.0
865.0
50.0
131.0
62.0
43.0
153.0
220.0
338.0
151.0
165.0
73.0
852.0
157.0
148.0
736.0
36.0
61.0
203.0
89.0
14.0
346.0
118.0
20.0
24.0
30.0
8.0
71.0
258.0
110.0
67.0
85.0
56.0
41.0
87.0
150.0
49.0
25.0
58.0
151.0
105.0
87.0
129.0
48.0
66.0
7.0
1547.0
56.0
110.0
57.0
45.0
640.0
854.0
119.0
1419.0
1133.0
26.0
113.0
109.0
259.0
6240.0
216.0
93.0
164.0
298.0
33.0
260.0
28.0
120.0
240.0
82.0
136.0
830.0
124.0
155.0
454.0
319.0
212.0
70.0
1219.0
126.0
117.0
68.0
92.0
116.0
20.0
250.0
207.0
375.0
161.0
38.0
66.0
52.0
200.0
222.0
294.0
193.0
814.0
1294.0
507.0
1321.0
33.0
543.0
114.0
187.0
48.0
329.0
258.0
386.0
60.0
318.0
233.0
491.0
209.0
1102.0
157.0
343.0
440.0
1400.0
2568.0
1097.0
987.0
13.0
232.0
505.0
284.0
75.0
248.0
79.0
292.0
14.0
10.0
10.0
12.0
13.0
12.0
14.0
97.0
13.0
12.0
12.0
28.0
365.0
173.0
796.0
1334.0
560.0
339.0
1149.0
284.0
159.0
810.0
5214.0
5745.0
123.0
161.0
334.0
48.0
28.0
183.0
209.0
190.0
502.0
27.0
78.0
61.0
25.0
120.0
29.0
33.0
20.0
111.0
169.0
882.0
51.0
120.0
67.0
43.0
161.0
218.0
339.0
144.0
170.0
73.0
860.0
167.0
142.0
797.0
38.0
66.0
208.0
98.0
14.0
344.0
123.0
21.0
26.0
29.0
8.0
72.0
265.0
106.0
70.0
87.0
56.0
40.0
83.0
145.0
48.0
27.0
54.0
158.0
109.0
86.0
127.0
46.0
64.0
7.0
1641.0
56.0
117.0
58.0
45.0
656.0
800.0
115.0
1317.0
1056.0
25.0
115.0
118.0
266.0
6556.0
213.0
100.0
151.0
292.0
33.0
271.0
29.0
122.0
242.0
75.0
134.0
768.0
113.0
146.0
435.0
305.0
222.0
69.0
1285.0
126.0
126.0
71.0
94.0
118.0
20.0
258.0
207.0
375.0
163.0
37.0
65.0
50.0
188.0
226.0
298.0
199.0
858.0
1315.0
497.0
1275.0
35.0
515.0
114.0
175.0
46.0
321.0
270.0
379.0
60.0
296.0
222.0
496.0
209.0
1033.0
163.0
327.0
449.0
1397.0
2617.0
1025.0
1056.0
13.0
232.0
514.0
268.0
74.0
242.0
82.0
285.0
14.0
10.0
10.0
12.0
14.0
12.0
14.0
99.0
14.0
12.0
12.0
27.0
352.0
172.0
762.0
1384.0
588.0
342.0
1176.0
274.0
159.0
852.0
5044.0
5467.0
121.0
172.0
323.0
48.0
27.0
194.0
218.0
192.0
516.0
27.0
78.0
65.0
27.0
124.0
28.0
30.0
19.0
118.0
172.0
826.0
52.0
122.0
66.0
45.0
164.0
209.0
340.0
154.0
172.0
71.0
878.0
159.0
150.0
753.0
35.0
62.0
213.0
93.0
14.0
351.0
128.0
20.0
26.0
32.0
8.0
76.0
253.0
107.0
70.0
87.0
57.0
40.0
87.0
148.0
47.0
25.0
57.0
160.0
110.0
81.0
132.0
44.0
64.0
7.0
1586.0
57.0
115.0
54.0
45.0
598.0
814.0
117.0
1338.0
1132.0
24.0
120.0
112.0
252.0
6788.0
196.0
93.0
154.0
289.0
30.0
277.0
28.0
119.0
260.0
75.0
138.0
760.0
120.0
158.0
447.0
317.0
206.0
67.0
1261.0
125.0
117.0
67.0
89.0
119.0
19.0
252.0
195.0
369.0
162.0
39.0
69.0
51.0
189.0
235.0
323.0
187.0
845.0
1237.0
476.0
1347.0
33.0
531.0
113.0
175.0
44.0
337.0
254.0
390.0
61.0
302.0
220.0
495.0
212.0
1111.0
166.0
337.0
446.0
1400.0
2650.0
1052.0
1031.0
12.0
223.0
558.0
291.0
73.0
245.0
75.0
287.0
13.0
10.0
10.0
12.0
13.0
12.0
14.0
93.0
14.0
11.0
12.0
29.0
354.0
159.0
774.0
1268.0
551.0
361.0
1131.0
279.0
158.0
805.0
5178.0
5831.0
127.0
157.0
332.0
51.0
27.0
182.0
225.0
187.0
498.0
28.0
73.0
66.0
25.0
126.0
28.0
31.0
19.0
112.0
165.0
872.0
48.0
120.0
61.0
42.0
163.0
212.0
321.0
152.0
173.0
73.0
821.0
164.0
141.0
796.0
35.0
65.0
199.0
97.0
14.0
332.0
128.0
19.0
25.0
29.0
8.0
76.0
260.0
103.0
70.0
91.0
59.0
38.0
87.0
149.0
47.0
27.0
54.0
151.0
105.0
85.0
133.0
45.0
66.0
7.0
1509.0
57.0
111.0
57.0
47.0
662.0
871.0
123.0
1388.0
1137.0
26.0
121.0
115.0
258.0
6707.0
210.0
96.0
161.0
294.0
30.0
275.0
29.0
129.0
254.0
80.0
128.0
783.0
124.0
146.0
451.0
321.0
220.0
69.0
1163.0
130.0
127.0
73.0
87.0
120.0
19.0
250.0
187.0
360.0
173.0
36.0
69.0
50.0
199.0
222.0
306.0
194.0
843.0
1321.0
486.0
1284.0
34.0
548.0
114.0
183.0
48.0
342.0
263.0
391.0
60.0
309.0
233.0
475.0
217.0
1085.0
166.0
354.0
409.0
1326.0
2690.0
1033.0
995.0
13.0
212.0
548.0
293.0
70.0
244.0
74.0
275.0
14.0
10.0
10.0
12.0
13.0
12.0
13.0
97.0
13.0
12.0
12.0
27.0
356.0
169.0
835.0
1355.0
585.0
359.0
1099.0
301.0
150.0
852.0
5458.0
5900.0
119.0
167.0
318.0
47.0
29.0
186.0
206.0
186.0
528.0
27.0
77.0
66.0
26.0
127.0
27.0
31.0
19.0
117.0
170.0
835.0
52.0
119.0
62.0
46.0
151.0
204.0
343.0
145.0
173.0
69.0
871.0
154.0
151.0
757.0
37.0
66.0
196.0
93.0
14.0
335.0
121.0
21.0
24.0
31.0
8.0
75.0
261.0
107.0
73.0
88.0
54.0
41.0
88.0
154.0
48.0
25.0
53.0
148.0
101.0
79.0
129.0
44.0
61.0
7.0
1582.0
58.0
108.0
58.0
44.0
641.0
846.0
121.0
1311.0
1075.0
26.0
114.0
116.0
259.0
6704.0
208.0
97.0
153.0
288.0
33.0
280.0
28.0
129.0
255.0
81.0
129.0
778.0
117.0
144.0
441.0
307.0
214.0
70.0
1219.0
131.0
123.0
71.0
86.0
111.0
19.0
269.0
201.0
354.0
175.0
38.0
67.0
49.0
204.0
221.0
324.0
200.0
884.0
1227.0
496.0
1321.0
36.0
539.0
114.0
174.0
48.0
323.0
268.0
376.0
59.0
299.0
225.0
472.0
203.0
1117.0
163.0
351.0
444.0
1326.0
2545.0
1066.0
962.0
13.0
225.0
522.0
289.0
76.0
230.0
78.0
300.0
14.0
10.0
10.0
12.0
14.0
11.0
13.0
94.0
13.0
12.0
12.0
29.0
367.0
161.0
828.0
1367.0
570.0
330.0
1177.0
285.0
152.0
842.0
5178.0
5935.0
125.0
169.0
326.0
47.0
27.0
191.0
212.0
180.0
523.0
27.0
79.0
61.0
25.0
126.0
28.0
31.0
20.0
112.0
164.0
892.0
49.0
131.0
61.0
45.0
166.0
219.0
329.0
144.0
168.0
73.0
830.0
167.0
153.0
775.0
36.0
62.0
195.0
96.0
14.0
335.0
127.0
21.0
26.0
30.0
8.0
75.0
261.0
104.0
72.0
86.0
59.0
37.0
81.0
139.0
47.0
25.0
56.0
163.0
110.0
86.0
132.0
44.0
63.0
7.0
1534.0
54.0
112.0
57.0
48.0
651.0
836.0
119.0
1302.0
1061.0
26.0
118.0
116.0
269.0
6281.0
211.0
94.0
157.0
285.0
33.0
281.0
29.0
119.0
251.0
78.0
127.0
821.0
123.0
146.0
458.0
315.0
223.0
69.0
1272.0
129.0
122.0
66.0
94.0
122.0
20.0
248.0
191.0
357.0
169.0
36.0
70.0
50.0
193.0
238.0
322.0
193.0
841.0
1289.0
495.0
1260.0
36.0
559.0
118.0
188.0
45.0
341.0
268.0
368.0
58.0
312.0
228.0
495.0
215.0
1051.0
156.0
341.0
444.0
1368.0
2498.0
1035.0
1042.0
13.0
216.0
553.0
287.0
73.0
242.0
82.0
293.0
13.0
10.0
10.0
12.0
14.0
12.0
14.0
96.0
14.0
12.0
12.0
28.0
339.0
170.0
831.0
1364.0
560.0
329.0
1148.0
299.0
154.0
837.0
5231.0
5812.0
128.0
167.0
325.0
49.0
27.0
190.0
209.0
187.0
519.0
28.0
75.0
63.0
27.0
122.0
27.0
31.0
19.0
115.0
176.0
835.0
53.0
123.0
66.0
45.0
166.0
215.0
341.0
151.0
166.0
74.0
878.0
163.0
150.0
787.0
37.0
64.0
194.0
98.0
13.0
349.0
117.0
20.0
25.0
32.0
8.0
72.0
259.0
107.0
69.0
88.0
55.0
41.0
87.0
152.0
49.0
27.0
55.0
154.0
102.0
85.0
130.0
48.0
66.0
7.0
1569.0
55.0
113.0
56.0
47.0
618.0
804.0
114.0
1413.0
1122.0
26.0
123.0
118.0
272.0
6844.0
213.0
93.0
155.0
294.0
31.0
270.0
28.0
124.0
249.0
80.0
130.0
760.0
113.0
154.0
427.0
313.0
216.0
68.0
1182.0
129.0
124.0
69.0
90.0
121.0
20.0
249.0
200.0
374.0
172.0
36.0
66.0
53.0
204.0
220.0
304.0
186.0
867.0
1268.0
481.0
1298.0
34.0
553.0
116.0
181.0
48.0
351.0
270.0
388.0
60.0
317.0
228.0
500.0
204.0
1083.0
156.0
341.0
409.0
1371.0
2506.0
1055.0
1004.0
13.0
212.0
515.0
280.0
72.0
239.0
75.0
285.0
14.0
10.0
10.0
12.0
13.0
12.0
14.0
99.0
14.0
12.0
12.0
29.0
344.0
159.0
769.0
1268.0
565.0
350.0
1157.0
273.0
154.0
873.0
5097.0
5585.0
119.0
158.0
326.0
48.0
27.0
188.0
219.0
191.0
519.0
26.0
79.0
67.0
26.0
122.0
29.0
32.0
19.0
109.0
175.0
817.0
52.0
126.0
61.0
43.0
162.0
212.0
339.0
154.0
160.0
73.0
853.0
167.0
145.0
766.0
37.0
60.0
195.0
90.0
14.0
343.0
122.0
21.0
24.0
29.0
8.0
76.0
272.0
105.0
68.0
91.0
58.0
38.0
89.0
145.0
46.0
26.0
54.0
153.0
111.0
87.0
131.0
48.0
65.0
7.0
1606.0
55.0
109.0
55.0
47.0
620.0
802.0
117.0
1412.0
1088.0
26.0
121.0
109.0
253.0
6175.0
201.0
94.0
152.0
271.0
31.0
268.0
30.0
121.0
257.0
76.0
137.0
795.0
118.0
147.0
418.0
317.0
222.0
70.0
1175.0
125.0
116.0
66.0
87.0
122.0
20.0
253.0
199.0
346.0
169.0
37.0
64.0
50.0
195.0
219.0
295.0
198.0
836.0
1235.0
478.0
1220.0
35.0
543.0
113.0
182.0
45.0
319.0
257.0
385.0
59.0
319.0
224.0
495.0
209.0
1104.0
161.0
324.0
412.0
1327.0
2515.0
1003.0
968.0
13.0
220.0
544.0
271.0
70.0
233.0
81.0
282.0
14.0
10.0
10.0
12.0
13.0
12.0
14.0
96.0
14.0
12.0
12.0
29.0
357.0
165.0
796.0
1383.0
567.0
329.0
1111.0
280.0
158.0
802.0
5073.0
5881.0
123.0
162.0
327.0
50.0
29.0
186.0
219.0
192.0
485.0
28.0
78.0
63.0
27.0
128.0
27.0
30.0
19.0
110.0
163.0
884.0
51.0
127.0
61.0
42.0
158.0
210.0
316.0
154.0
175.0
76.0
873.0
164.0
145.0
734.0
37.0
64.0
207.0
90.0
14.0
354.0
119.0
21.0
25.0
30.0
8.0
71.0
257.0
112.0
73.0
82.0
56.0
39.0
81.0
141.0
46.0
26.0
53.0
155.0
105.0
82.0
137.0
47.0
62.0
7.0
1605.0
55.0
113.0
56.0
46.0
621.0
804.0
118.0
1341.0
1079.0
25.0
122.0
109.0
257.0
6324.0
199.0
97.0
151.0
273.0
31.0
281.0
28.0
126.0
260.0
82.0
140.0
755.0
122.0
152.0
438.0
308.0
209.0
67.0
1224.0
127.0
121.0
68.0
87.0
114.0
20.0
267.0
199.0
360.0
160.0
39.0
71.0
53.0
197.0
227.0
314.0
198.0
866.0
1322.0
481.0
1233.0
36.0
512.0
117.0
177.0
47.0
336.0
255.0
379.0
58.0
299.0
221.0
469.0
199.0
1051.0
161.0
323.0
432.0
1279.0
2645.0
1036.0
1035.0
12.0
225.0
528.0
282.0
76.0
236.0
75.0
282.0
14.0
10.0
10.0
12.0
13.0
12.0
13.0
91.0
14.0
12.0
12.0
27.0
368.0
166.0
838.0
1279.0
560.0
341.0
1120.0
290.0
153.0
826.0
5449.0
6015.0
130.0
164.0
305.0
48.0
27.0
184.0
216.0
190.0
520.0
28.0
75.0
65.0
26.0
128.0
29.0
33.0
19.0
113.0
171.0
821.0
49.0
123.0
65.0
43.0
164.0
210.0
314.0
154.0
161.0
70.0
821.0
160.0
149.0
759.0
36.0
63.0
213.0
96.0
14.0
325.0
121.0
21.0
26.0
32.0
8.0
75.0
266.0
111.0
69.0
90.0
55.0
40.0
83.0
154.0
47.0
27.0
54.0
161.0
103.0
85.0
133.0
47.0
63.0
7.0
1634.0
55.0
119.0
54.0
46.0
645.0
831.0
118.0
1348.0
1086.0
25.0
120.0
118.0
271.0
6186.0
216.0
93.0
165.0
274.0
32.0
278.0
28.0
119.0
253.0
78.0
137.0
761.0
115.0
159.0
447.0
312.0
204.0
69.0
1222.0
124.0
124.0
69.0
92.0
118.0
20.0
265.0
194.0
342.0
158.0
38.0
70.0
53.0
187.0
238.0
302.0
192.0
858.0
1223.0
477.0
1279.0
35.0
516.0
112.0
193.0
46.0
327.0
250.0
363.0
56.0
309.0
235.0
488.0
198.0
1085.0
170.0
329.0
447.0
1363.0
2664.0
1110.0
1010.0
13.0
214.0
554.0
274.0
74.0
236.0
76.0
289.0
14.0
10.0
10.0
11.0
14.0
12.0
14.0
93.0
14.0
12.0
12.0
28.0
351.0
160.0
793.0
1368.0
552.0
359.0
1120.0
298.0
152.0
846.0
5022.0
5685.0
130.0
168.0
335.0
51.0
27.0
193.0
213.0
194.0
497.0
26.0
72.0
61.0
26.0
118.0
29.0
31.0
19.0
109.0
171.0
847.0
49.0
120.0
63.0
46.0
154.0
203.0
326.0
149.0
161.0
74.0
839.0
157.0
139.0
802.0
38.0
64.0
212.0
96.0
14.0
328.0
124.0
21.0
25.0
31.0
8.0
69.0
262.0
110.0
70.0
84.0
55.0
41.0
83.0
152.0
49.0
26.0
54.0
154.0
102.0
83.0
132.0
48.0
66.0
7.0
1536.0
59.0
119.0
55.0
48.0
647.0
801.0
113.0
1353.0
1152.0
25.0
111.0
109.0
261.0
6351.0
201.0
93.0
162.0
279.0
31.0
278.0
29.0
130.0
237.0
77.0
139.0
816.0
123.0
159.0
440.0
323.0
221.0
69.0
1211.0
130.0
123.0
73.0
90.0
113.0
20.0
271.0
195.0
359.0
171.0
37.0
65.0
49.0
188.0
230.0
306.0
205.0
818.0
1305.0
516.0
1218.0
34.0
505.0
118.0
189.0
47.0
345.0
244.0
382.0
61.0
306.0
214.0
494.0
204.0
1119.0
168.0
349.0
441.0
1291.0
2717.0
1032.0
1038.0
12.0
212.0
528.0
288.0
70.0
247.0
75.0
294.0
14.0
10.0
10.0
12.0
14.0
11.0
13.0
93.0
14.0
12.0
12.0
28.0
340.0
161.0
816.0
1393.0
552.0
339.0
1095.0
272.0
150.0
835.0
5285.0
5990.0
123.0
172.0
331.0
51.0
29.0
187.0
218.0
193.0
502.0
28.0
78.0
63.0
25.0
117.0
27.0
31.0
20.0
117.0
167.0
831.0
49.0
124.0
62.0
46.0
151.0
212.0
323.0
154.0
175.0
76.0
844.0
160.0
147.0
735.0
36.0
63.0
203.0
91.0
14.0
324.0
120.0
20.0
25.0
30.0
8.0
76.0
252.0
111.0
68.0
84.0
54.0
41.0
83.0
139.0
47.0
25.0
56.0
155.0
103.0
85.0
131.0
48.0
62.0
7.0
1595.0
57.0
108.0
56.0
44.0
621.0
832.0
122.0
1382.0
1149.0
25.0
122.0
119.0
276.0
6714.0
197.0
99.0
160.0
285.0
31.0
279.0
29.0
129.0
260.0
79.0
128.0
811.0
116.0
151.0
428.0
323.0
217.0
66.0
1281.0
121.0
123.0
67.0
91.0
119.0
19.0
263.0
200.0
340.0
166.0
37.0
68.0
53.0
199.0
220.0
315.0
201.0
846.0
1204.0
499.0
1225.0
35.0
512.0
111.0
183.0
45.0
348.0
264.0
371.0
55.0
313.0
213.0
481.0
217.0
1098.0
157.0
335.0
436.0
1386.0
2615.0
1100.0
969.0
13.0
233.0
559.0
285.0
70.0
248.0
79.0
301.0
14.0
10.0
10.0
12.0
13.0
12.0
13.0
100.0
13.0
11.0
12.0
28.0
340.0
161.0
765.0
1375.0
580.0
348.0
1176.0
274.0
153.0
860.0
5274.0
5683.0
129.0
173.0
308.0
49.0
29.0
185.0
204.0
191.0
499.0
27.0
79.0
61.0
26.0
123.0
29.0
33.0
20.0
110.0
169.0
864.0
49.0
121.0
65.0
45.0
163.0
200.0
341.0
147.0
159.0
74.0
821.0
164.0
143.0
780.0
37.0
63.0
199.0
90.0
14.0
342.0
120.0
19.0
26.0
30.0
8.0
75.0
276.0
104.0
70.0
83.0
57.0
40.0
87.0
147.0
48.0
25.0
57.0
148.0
111.0
81.0
127.0
45.0
66.0
7.0
1643.0
54.0
112.0
56.0
45.0
618.0
864.0
123.0
1441.0
1151.0
26.0
112.0
116.0
271.0
6296.0
205.0
102.0
165.0
284.0
31.0
265.0
27.0
130.0
253.0
76.0
129.0
777.0
113.0
153.0
451.0
306.0
218.0
71.0
1276.0
130.0
125.0
70.0
92.0
111.0
19.0
252.0
203.0
360.0
163.0
39.0
71.0
52.0
192.0
231.0
321.0
205.0
877.0
1303.0
493.0
1334.0
33.0
555.0
112.0
186.0
47.0
342.0
255.0
380.0
58.0
298.0
230.0
480.0
214.0
1032.0
166.0
343.0
449.0
1373.0
2636.0
1019.0
1042.0
13.0
220.0
541.0
271.0
74.0
236.0
77.0
274.0
13.0
10.0
10.0
11.0
14.0
12.0
14.0
92.0
14.0
12.0
11.0
29.0
348.0
170.0
810.0
1366.0
580.0
358.0
1168.0
296.0
146.0
812.0
5313.0
5627.0
122.0
161.0
315.0
48.0
27.0
179.0
204.0
191.0
534.0
27.0
73.0
63.0
27.0
116.0
27.0
31.0
20.0
109.0
170.0
835.0
50.0
129.0
63.0
46.0
165.0
214.0
322.0
144.0
170.0
72.0
828.0
154.0
146.0
773.0
35.0
62.0
197.0
92.0
14.0
331.0
117.0
21.0
24.0
32.0
8.0
70.0
268.0
103.0
67.0
86.0
57.0
41.0
81.0
140.0
49.0
26.0
55.0
163.0
107.0
84.0
129.0
46.0
67.0
7.0
1595.0
58.0
118.0
56.0
48.0
616.0
878.0
113.0
1423.0
1107.0
24.0
113.0
110.0
256.0
6651.0
198.0
97.0
154.0
283.0
33.0
269.0
28.0
127.0
243.0
78.0
134.0
818.0
123.0
149.0
445.0
311.0
204.0
71.0
1250.0
131.0
120.0
71.0
85.0
116.0
20.0
249.0
196.0
361.0
168.0
38.0
66.0
49.0
204.0
232.0
324.0
194.0
835.0
1309.0
510.0
1309.0
34.0
547.0
117.0
183.0
47.0
319.0
248.0
390.0
59.0
298.0
223.0
473.0
218.0
1104.0
159.0
344.0
415.0
1367.0
2744.0
1018.0
987.0
12.0
211.0
544.0
280.0
72.0
242.0
75.0
294.0
13.0
10.0
10.0
12.0
14.0
12.0
13.0
97.0
14.0
12.0
12.0
27.0
349.0
164.0
807.0
1321.0
597.0
352.0
1146.0
285.0
152.0
861.0
5441.0
5558.0
120.0
169.0
335.0
48.0
29.0
178.0
211.0
194.0
534.0
27.0
79.0
63.0
25.0
119.0
27.0
30.0
20.0
114.0
176.0
858.0
50.0
120.0
63.0
44.0
156.0
215.0
315.0
152.0
161.0
72.0
822.0
166.0
144.0
732.0
36.0
66.0
201.0
91.0
13.0
330.0
120.0
21.0
24.0
32.0
8.0
71.0
253.0
103.0
71.0
87.0
56.0
41.0
81.0
140.0
45.0
27.0
54.0
159.0
109.0
81.0
126.0
48.0
62.0
7.0
1596.0
59.0
110.0
54.0
46.0
650.0
823.0
118.0
1422.0
1097.0
24.0
113.0
111.0
276.0
6735.0
216.0
98.0
163.0
274.0
32.0
263.0
29.0
124.0
237.0
82.0
129.0
783.0
114.0
148.0
441.0
321.0
209.0
64.0
1203.0
128.0
116.0
70.0
91.0
112.0
20.0
272.0
205.0
344.0
174.0
39.0
71.0
49.0
191.0
235.0
313.0
192.0
874.0
1250.0
469.0
1324.0
35.0
536.0
116.0
177.0
45.0
340.0
256.0
401.0
58.0
292.0
226.0
458.0
205.0
1138.0
168.0
355.0
435.0
1329.0
2733.0
1088.0
1043.0
13.0
212.0
524.0
278.0
76.0
249.0
78.0
279.0
14.0
10.0
10.0
12.0
14.0
12.0
14.0
94.0
14.0
12.0
11.0
28.0
342.0
172.0
820.0
1261.0
598.0
361.0
1144.0
280.0
149.0
833.0
5451.0
5840.0
130.0
158.0
310.0
51.0
29.0
193.0
206.0
187.0
504.0
26.0
77.0
67.0
26.0
119.0
28.0
32.0
19.0
116.0
168.0
833.0
48.0
125.0
62.0
46.0
151.0
202.0
341.0
142.0
176.0
74.0
808.0
167.0
151.0
776.0
38.0
62.0
211.0
98.0
14.0
338.0
126.0
21.0
26.0
32.0
8.0
75.0
267.0
103.0
72.0
85.0
56.0
40.0
85.0
146.0
46.0
25.0
58.0
160.0
111.0
86.0
135.0
45.0
65.0
7.0
1522.0
56.0
118.0
58.0
47.0
660.0
860.0
123.0
1307.0
1057.0
26.0
121.0
109.0
272.0
6702.0
210.0
95.0
161.0
277.0
33.0
285.0
28.0
119.0
253.0
82.0
141.0
811.0
116.0
145.0
425.0
305.0
206.0
69.0
1239.0
131.0
126.0
68.0
91.0
120.0
20.0
262.0
203.0
352.0
164.0
38.0
67.0
52.0
193.0
223.0
301.0
206.0
863.0
1308.0
502.0
1323.0
34.0
535.0
115.0
192.0
48.0
338.0
264.0
395.0
58.0
306.0
223.0
467.0
208.0
1062.0
171.0
349.0
407.0
1380.0
2566.0
1018.0
1007.0
13.0
215.0
506.0
288.0
74.0
232.0
78.0
296.0
14.0
10.0
10.0
11.0
14.0
12.0
13.0
93.0
14.0
11.0
12.0
29.0
365.0
161.0
768.0
1304.0
546.0
332.0
1171.0
275.0
144.0
790.0
5300.0
5878.0
122.0
162.0
332.0
46.0
29.0
182.0
208.0
186.0
494.0
28.0
79.0
67.0
26.0
118.0
29.0
32.0
19.0
110.0
168.0
821.0
49.0
124.0
67.0
42.0
153.0
212.0
338.0
145.0
165.0
74.0
838.0
164.0
147.0
802.0
35.0
61.0
196.0
91.0
14.0
325.0
127.0
21.0
26.0
32.0
8.0
75.0
265.0
106.0
69.0
91.0
55.0
38.0
85.0
142.0
47.0
25.0
54.0
162.0
109.0
85.0
135.0
48.0
64.0
7.0
1611.0
57.0
112.0
57.0
48.0
625.0
804.0
122.0
1422.0
1084.0
26.0
116.0
111.0
266.0
6795.0
216.0
102.0
167.0
272.0
32.0
264.0
29.0
124.0
235.0
76.0
132.0
761.0
120.0
155.0
461.0
304.0
211.0
70.0
1250.0
125.0
124.0
72.0
86.0
116.0
19.0
249.0
201.0
354.0
166.0
36.0
70.0
51.0
199.0
224.0
293.0
187.0
843.0
1219.0
476.0
1233.0
34.0
524.0
113.0
175.0
45.0
340.0
248.0
380.0
60.0
302.0
231.0
462.0
215.0
1133.0
171.0
323.0
434.0
1310.0
2530.0
1096.0
1045.0
12.0
224.0
545.0
268.0
72.0
236.0
78.0
274.0
14.0
10.0
10.0
12.0
14.0
11.0
13.0
96.0
13.0
12.0
12.0
28.0
361.0
158.0
791.0
1387.0
579.0
354.0
1081.0
289.0
159.0
866.0
5374.0
5500.0
127.0
160.0
321.0
50.0
27.0
187.0
210.0
187.0
510.0
26.0
78.0
61.0
26.0
118.0
29.0
31.0
19.0
119.0
163.0
829.0
51.0
119.0
65.0
44.0
164.0
214.0
327.0
143.0
164.0
70.0
863.0
165.0
139.0
759.0
37.0
63.0
214.0
92.0
14.0
324.0
118.0
21.0
26.0
31.0
8.0
70.0
253.0
112.0
70.0
85.0
54.0
41.0
84.0
142.0
47.0
26.0
56.0
149.0
106.0
85.0
127.0
44.0
63.0
7.0
1531.0
54.0
108.0
58.0
48.0
613.0
841.0
113.0
1324.0
1130.0
24.0
120.0
113.0
251.0
6823.0
202.0
94.0
167.0
281.0
33.0
279.0
28.0
126.0
250.0
77.0
129.0
792.0
117.0
158.0
420.0
314.0
216.0
70.0
1209.0
128.0
127.0
73.0
88.0
117.0
19.0
254.0
206.0
343.0
169.0
37.0
70.0
49.0
188.0
224.0
297.0
196.0
832.0
1312.0
475.0
1304.0
35.0
514.0
110.0
190.0
45.0
334.0
258.0
372.0
60.0
290.0
218.0
463.0
202.0
1111.0
171.0
349.0
415.0
1292.0
2580.0
1071.0
978.0
12.0
221.0
535.0
293.0
71.0
250.0
75.0
273.0
13.0
10.0
10.0
11.0
14.0
11.0
13.0
93.0
13.0
12.0
12.0
27.0
366.0
170.0
841.0
1292.0
551.0
337.0
1102.0
283.0
152.0
865.0
5077.0
5527.0
127.0
167.0
305.0
51.0
27.0
182.0
207.0
187.0
513.0
26.0
72.0
66.0
26.0
117.0
29.0
33.0
19.0
117.0
173.0
857.0
52.0
130.0
64.0
43.0
160.0
221.0
310.0
140.0
169.0
74.0
826.0
152.0
139.0
756.0
36.0
63.0
213.0
89.0
14.0
354.0
117.0
20.0
26.0
30.0
8.0
71.0
260.0
107.0
73.0
85.0
59.0
38.0
86.0
143.0
45.0
25.0
58.0
152.0
106.0
82.0
136.0
46.0
62.0
7.0
1589.0
58.0
108.0
59.0
44.0
612.0
853.0
112.0
1402.0
1049.0
26.0
115.0
119.0
276.0
6406.0
205.0
94.0
164.0
296.0
33.0
281.0
28.0
119.0
258.0
76.0
133.0
812.0
113.0
157.0
463.0
328.0
212.0
67.0
1241.0
123.0
121.0
70.0
85.0
114.0
19.0
260.0
190.0
366.0
162.0
39.0
67.0
52.0
187.0
223.0
300.0
203.0
844.0
1320.0
484.0
1334.0
36.0
558.0
111.0
191.0
46.0
328.0
252.0
363.0
59.0
311.0
233.0
484.0
212.0
1090.0
163.0
327.0
433.0
1380.0
2591.0
1098.0
981.0
13.0
226.0
539.0
280.0
73.0
243.0
76.0
282.0
14.0
10.0
10.0
11.0
13.0
12.0
14.0
95.0
13.0
12.0
12.0
27.0
359.0
157.0
803.0
1303.0
543.0
329.0
1180.0
274.0
147.0
858.0
5028.0
5692.0
123.0
171.0
329.0
48.0
29.0
191.0
211.0
193.0
509.0
28.0
76.0
65.0
25.0
116.0
28.0
33.0
20.0
116.0
162.0
904.0
52.0
123.0
65.0
44.0
154.0
203.0
328.0
141.0
166.0
69.0
853.0
168.0
152.0
756.0
35.0
63.0
207.0
96.0
14.0
341.0
128.0
21.0
25.0
32.0
8.0
75.0
264.0
106.0
71.0
90.0
54.0
40.0
87.0
149.0
49.0
26.0
56.0
153.0
111.0
82.0
131.0
46.0
65.0
7.0
1638.0
57.0
119.0
56.0
44.0
603.0
825.0
115.0
1444.0
1122.0
24.0
122.0
114.0
269.0
6362.0
202.0
96.0
165.0
272.0
33.0
272.0
28.0
125.0
241.0
81.0
138.0
771.0
120.0
148.0
427.0
301.0
220.0
67.0
1185.0
131.0
125.0
69.0
94.0
122.0
19.0
254.0
199.0
370.0
160.0
39.0
70.0
52.0
196.0
227.0
322.0
204.0
825.0
1245.0
491.0
1336.0
33.0
535.0
118.0
192.0
47.0
346.0
257.0
371.0
61.0
309.0
219.0
465.0
203.0
1042.0
163.0
330.0
434.0
1312.0
2760.0
1090.0
992.0
12.0
228.0
507.0
281.0
71.0
240.0
81.0
292.0
13.0
10.0
10.0
11.0
14.0
11.0
14.0
99.0
14.0
11.0
12.0
27.0
370.0
158.0
816.0
1369.0
561.0
350.0
1191.0
297.0
153.0
874.0
5004.0
5463.0
126.0
158.0
326.0
51.0
27.0
190.0
225.0
191.0
505.0
27.0
77.0
66.0
27.0
122.0
29.0
33.0
19.0
113.0
173.0
842.0
48.0
126.0
66.0
45.0
154.0
209.0
314.0
140.0
163.0
75.0
823.0
154.0
150.0
737.0
35.0
66.0
201.0
90.0
13.0
332.0
117.0
21.0
25.0
31.0
8.0
74.0
274.0
107.0
73.0
86.0
55.0
39.0
89.0
142.0
48.0
27.0
53.0
162.0
102.0
82.0
132.0
44.0
65.0
7.0
1632.0
57.0
110.0
58.0
46.0
647.0
848.0
117.0
1377.0
1067.0
25.0
120.0
111.0
254.0
6283.0
208.0
96.0
164.0
298.0
31.0
261.0
27.0
123.0
247.0
79.0
130.0
800.0
121.0
157.0
441.0
316.0
209.0
65.0
1228.0
122.0
116.0
71.0
88.0
114.0
20.0
252.0
190.0
375.0
162.0
38.0
69.0
51.0
196.0
227.0
317.0
194.0
853.0
1265.0
498.0
1265.0
36.0
543.0
116.0
175.0
47.0
342.0
264.0
370.0
60.0
307.0
236.0
468.0
198.0
1068.0
164.0
334.0
447.0
1339.0
2664.0
1031.0
963.0
13.0
220.0
538.0
289.0
71.0
249.0
80.0
285.0
14.0
10.0
10.0
12.0
14.0
12.0
13.0
94.0
14.0
12.0
12.0
29.0
363.0
164.0
818.0
1287.0
579.0
332.0
1097.0
298.0
152.0
799.0
5370.0
5660.0
126.0
163.0
330.0
48.0
27.0
194.0
209.0
196.0
483.0
26.0
73.0
61.0
25.0
127.0
28.0
32.0
19.0
111.0
164.0
901.0
52.0
120.0
62.0
45.0
165.0
218.0
328.0
149.0
160.0
69.0
820.0
157.0
152.0
801.0
35.0
64.0
196.0
91.0
13.0
351.0
121.0
21.0
25.0
30.0
8.0
70.0
269.0
110.0
71.0
86.0
55.0
40.0
87.0
147.0
48.0
26.0
57.0
154.0
108.0
80.0
133.0
45.0
67.0
7.0
1640.0
54.0
110.0
58.0
45.0
606.0
878.0
121.0
1346.0
1094.0
25.0
115.0
117.0
256.0
6533.0
210.0
92.0
163.0
274.0
32.0
263.0
29.0
123.0
258.0
83.0
141.0
813.0
115.0
158.0
464.0
303.0
217.0
69.0
1179.0
131.0
118.0
73.0
93.0
121.0
19.0
259.0
197.0
373.0
167.0
36.0
71.0
53.0
201.0
233.0
317.0
190.0
830.0
1297.0
480.0
1219.0
35.0
534.0
117.0
179.0
44.0
342.0
266.0
377.0
58.0
317.0
229.0
463.0
208.0
1052.0
166.0
322.0
444.0
1346.0
2536.0
1064.0
1009.0
13.0
211.0
515.0
283.0
76.0
245.0
77.0
300.0
13.0
9.0
10.0
12.0
13.0
11.0
14.0
97.0
14.0
12.0
12.0
27.0
373.0
162.0
833.0
1351.0
547.0
348.0
1092.0
280.0
146.0
810.0
4977.0
5829.0
127.0
163.0
304.0
50.0
28.0
186.0
211.0
188.0
513.0
26.0
77.0
64.0
25.0
122.0
27.0
31.0
20.0
116.0
164.0
822.0
48.0
119.0
64.0
46.0
155.0
216.0
331.0
143.0
169.0
73.0
810.0
161.0
148.0
778.0
37.0
65.0
195.0
92.0
14.0
332.0
119.0
21.0
26.0
29.0
8.0
69.0
273.0
113.0
69.0
91.0
54.0
37.0
83.0
149.0
48.0
27.0
53.0
158.0
106.0
84.0
126.0
48.0
61.0
7.0
1518.0
55.0
109.0
54.0
45.0
641.0
814.0
123.0
1379.0
1081.0
26.0
123.0
110.0
274.0
6653.0
198.0
95.0
157.0
290.0
32.0
271.0
30.0
121.0
243.0
77.0
132.0
765.0
124.0
149.0
443.0
299.0
205.0
70.0
1190.0
124.0
124.0
69.0
92.0
113.0
19.0
264.0
202.0
355.0
166.0
38.0
69.0
49.0
195.0
221.0
297.0
192.0
853.0
1283.0
481.0
1280.0
35.0
518.0
114.0
181.0
48.0
348.0
248.0
387.0
59.0
296.0
219.0
483.0
207.0
1072.0
159.0
348.0
429.0
1279.0
2624.0
1071.0
987.0
12.0
226.0
525.0
292.0
75.0
250.0
82.0
276.0
14.0
9.0
10.0
12.0
14.0
11.0
13.0
94.0
14.0
12.0
11.0
29.0
339.0
167.0
807.0
1338.0
549.0
336.0
1139.0
299.0
155.0
870.0
5206.0
5839.0
124.0
173.0
324.0
48.0
27.0
194.0
204.0
189.0
486.0
26.0
76.0
61.0
26.0
121.0
28.0
31.0
19.0
117.0
174.0
901.0
50.0
128.0
66.0
46.0
162.0
207.0
322.0
151.0
165.0
74.0
837.0
168.0
146.0
774.0
38.0
64.0
210.0
94.0
13.0
322.0
129.0
21.0
26.0
30.0
8.0
70.0
264.0
111.0
73.0
85.0
57.0
41.0
81.0
147.0
46.0
25.0
55.0
150.0
102.0
87.0
129.0
44.0
66.0
7.0
1632.0
56.0
108.0
55.0
47.0
605.0
842.0
118.0
1325.0
1151.0
25.0
121.0
111.0
269.0
6682.0
209.0
101.0
158.0
284.0
31.0
273.0
28.0
123.0
241.0
82.0
134.0
814.0
121.0
152.0
429.0
322.0
206.0
69.0
1174.0
127.0
120.0
72.0
91.0
113.0
19.0
257.0
204.0
372.0
173.0
38.0
69.0
49.0
200.0
240.0
298.0
204.0
826.0
1274.0
496.0
1264.0
34.0
533.0
110.0
188.0
46.0
325.0
246.0
380.0
58.0
311.0
230.0
480.0
216.0
1121.0
163.0
331.0
423.0
1346.0
2665.0
1059.0
1051.0
13.0
227.0
527.0
272.0
76.0
254.0
79.0
276.0
14.0
10.0
10.0
11.0
14.0
11.0
14.0
100.0
14.0
12.0
12.0
29.0
352.0
160.0
785.0
1378.0
560.0
359.0
1191.0
286.0
151.0
796.0
5126.0
5773.0
123.0
160.0
309.0
49.0
28.0
180.0
206.0
193.0
519.0
26.0
77.0
62.0
27.0
124.0
27.0
32.0
19.0
115.0
164.0
851.0
53.0
128.0
61.0
42.0
164.0
216.0
317.0
142.0
168.0
74.0
813.0
152.0
152.0
732.0
37.0
66.0
194.0
98.0
13.0
352.0
128.0
20.0
24.0
29.0
8.0
73.0
277.0
111.0
73.0
90.0
57.0
41.0
85.0
154.0
48.0
26.0
58.0
156.0
111.0
82.0
127.0
44.0
62.0
7.0
1576.0
55.0
110.0
59.0
47.0
642.0
816.0
113.0
1408.0
1059.0
24.0
123.0
110.0
272.0
6454.0
199.0
96.0
160.0
286.0
33.0
285.0
29.0
118.0
254.0
80.0
141.0
795.0
122.0
147.0
444.0
298.0
216.0
69.0
1271.0
122.0
121.0
69.0
89.0
122.0
19.0
272.0
196.0
351.0
171.0
37.0
71.0
52.0
200.0
229.0
294.0
204.0
812.0
1233.0
514.0
1230.0
35.0
517.0
112.0
176.0
45.0
328.0
258.0
388.0
61.0
305.0
230.0
486.0
211.0
1070.0
165.0
327.0
417.0
1287.0
2753.0
1027.0
973.0
13.0
213.0
547.0
273.0
74.0
238.0
79.0
280.0
14.0
10.0
10.0
12.0
14.0
11.0
13.0
95.0
14.0
12.0
12.0
29.0
351.0
170.0
787.0
1389.0
564.0
354.0
1197.0
293.0
156.0
869.0
5443.0
5599.0
129.0
172.0
312.0
47.0
29.0
192.0
206.0
196.0
525.0
27.0
79.0
65.0
26.0
125.0
28.0
31.0
20.0
115.0
167.0
853.0
52.0
125.0
67.0
44.0
159.0
221.0
322.0
145.0
173.0
70.0
818.0
162.0
139.0
803.0
36.0
61.0
204.0
96.0
14.0
342.0
125.0
21.0
25.0
32.0
8.0
69.0
273.0
113.0
68.0
85.0
54.0
40.0
83.0
144.0
45.0
25.0
53.0
149.0
101.0
81.0
126.0
47.0
61.0
7.0
1539.0
56.0
118.0
56.0
46.0
613.0
838.0
112.0
1397.0
1142.0
25.0
118.0
113.0
272.0
6324.0
209.0
93.0
151.0
294.0
31.0
283.0
30.0
125.0
248.0
80.0
129.0
786.0
115.0
154.0
443.0
324.0
210.0
67.0
1206.0
132.0
124.0
67.0
86.0
110.0
19.0
263.0
205.0
359.0
175.0
38.0
66.0
50.0
192.0
233.0
306.0
203.0
822.0
1326.0
503.0
1334.0
34.0
543.0
119.0
183.0
45.0
327.0
244.0
381.0
61.0
305.0
232.0
502.0
207.0
1092.0
156.0
331.0
431.0
1316.0
2501.0
1112.0
974.0
13.0
230.0
559.0
268.0
72.0
242.0
82.0
294.0
13.0
10.0
10.0
12.0
14.0
11.0
14.0
100.0
14.0
12.0
12.0
27.0
369.0
169.0
803.0
1316.0
581.0
331.0
1171.0
279.0
153.0
867.0
5395.0
5681.0
120.0
166.0
319.0
48.0
28.0
178.0
225.0
190.0
528.0
28.0
76.0
63.0
25.0
118.0
29.0
32.0
20.0
117.0
176.0
844.0
49.0
120.0
65.0
44.0
152.0
201.0
313.0
151.0
173.0
74.0
845.0
158.0
149.0
732.0
36.0
66.0
194.0
94.0
14.0
356.0
128.0
20.0
25.0
32.0
8.0
70.0
251.0
106.0
68.0
84.0
56.0
38.0
82.0
145.0
49.0
25.0
58.0
163.0
110.0
80.0
130.0
46.0
65.0
7.0
1513.0
56.0
115.0
54.0
46.0
620.0
829.0
119.0
1410.0
1150.0
25.0
111.0
113.0
267.0
6752.0
196.0
97.0
152.0
290.0
33.0
264.0
30.0
123.0
241.0
77.0
129.0
805.0
117.0
158.0
420.0
304.0
208.0
65.0
1190.0
122.0
126.0
71.0
91.0
118.0
20.0
258.0
194.0
352.0
172.0
38.0
67.0
52.0
186.0
219.0
319.0
189.0
865.0
1327.0
470.0
1262.0
35.0
557.0
110.0
189.0
48.0
322.0
247.0
398.0
58.0
301.0
217.0
463.0
206.0
1134.0
169.0
325.0
418.0
1312.0
2675.0
1073.0
989.0
13.0
210.0
508.0
273.0
69.0
232.0
76.0
290.0
14.0
10.0
10.0
12.0
14.0
12.0
13.0
95.0
14.0
12.0
12.0
29.0
365.0
164.0
807.0
1277.0
548.0
328.0
1081.0
274.0
146.0
862.0
5016.0
5657.0
125.0
173.0
316.0
50.0
28.0
181.0
208.0
185.0
531.0
26.0
73.0
66.0
25.0
126.0
29.0
31.0
19.0
119.0
167.0
832.0
50.0
120.0
64.0
46.0
156.0
200.0
322.0
149.0
170.0
75.0
850.0
154.0
141.0
726.0
38.0
63.0
195.0
96.0
13.0
356.0
127.0
20.0
26.0
31.0
8.0
75.0
252.0
109.0
74.0
83.0
56.0
40.0
82.0
147.0
46.0
26.0
58.0
150.0
107.0
79.0
137.0
47.0
61.0
7.0
1564.0
54.0
116.0
58.0
48.0
616.0
836.0
118.0
1421.0
1151.0
25.0
112.0
109.0
261.0
6444.0
198.0
97.0
152.0
293.0
32.0
282.0
30.0
128.0
254.0
78.0
137.0
787.0
114.0
153.0
461.0
304.0
218.0
65.0
1252.0
127.0
124.0
71.0
93.0
114.0
20.0
252.0
204.0
357.0
168.0
38.0
70.0
48.0
194.0
234.0
299.0
201.0
898.0
1320.0
188.0
201.0
137.0
139.0
466.0
166.0
152.0
150.0
152.0
153.0
162.0
176.0
154.0
154.0
170.0
141.0
169.0
140.0
163.0
173.0
136.0
162.0
167.0
398.0
164.0
139.0
165.0
160.0
142.0
171.0
169.0
365.0
447.0
405.0
429.0
395.0
388.0
415.0
467.0
456.0
420.0
424.0
477.0
142.0
164.0
159.0
170.0
164.0
139.0
165.0
170.0
403.0
172.0
159.0
169.0
171.0
172.0
136.0
164.0
160.0
174.0
152.0
169.0
130.0
176.0
175.0
164.0
128.0
147.0
160.0
470.0
150.0
166.0
175.0
407.0
167.0
131.0
138.0
169.0
155.0
163.0
137.0
174.0
170.0
155.0
175.0
136.0
143.0
430.0
136.0
175.0
397.0
149.0
456.0
163.0
371.0
142.0
147.0
158.0
169.0
170.0
138.0
176.0
141.0
133.0
173.0
176.0
167.0
138.0
172.0
146.0
130.0
366.0
172.0
167.0
170.0
156.0
142.0
471.0
138.0
160.0
162.0
148.0
389.0
172.0
136.0
152.0
133.0
149.0
166.0
152.0
134.0
467.0
169.0
379.0
409.0
493.0
136.0
386.0
428.0
433.0
424.0
469.0
383.0
436.0
452.0
453.0
394.0
412.0
478.0
406.0
484.0
163.0
166.0
142.0
142.0
162.0
169.0
168.0
160.0
150.0
134.0
174.0
419.0
432.0
454.0
381.0
468.0
479.0
157.0
151.0
144.0
207.0
187.0
131.0
165.0
368.0
155.0
173.0
157.0
176.0
130.0
175.0
164.0
135.0
131.0
166.0
153.0
169.0
153.0
161.0
143.0
177.0
141.0
149.0
473.0
145.0
147.0
160.0
154.0
151.0
145.0
134.0
488.0
416.0
410.0
494.0
434.0
393.0
364.0
429.0
408.0
436.0
476.0
430.0
166.0
176.0
170.0
166.0
146.0
166.0
162.0
175.0
435.0
134.0
141.0
174.0
142.0
175.0
130.0
157.0
155.0
147.0
172.0
171.0
160.0
148.0
132.0
177.0
130.0
156.0
145.0
473.0
130.0
138.0
171.0
368.0
153.0
166.0
160.0
146.0
169.0
172.0
172.0
140.0
140.0
166.0
143.0
161.0
166.0
426.0
156.0
176.0
381.0
177.0
407.0
161.0
389.0
173.0
159.0
163.0
159.0
166.0
155.0
145.0
140.0
151.0
166.0
150.0
155.0
173.0
170.0
134.0
160.0
416.0
167.0
140.0
148.0
160.0
131.0
450.0
159.0
164.0
170.0
155.0
493.0
131.0
147.0
135.0
143.0
177.0
164.0
175.0
161.0
442.0
159.0
371.0
490.0
382.0
169.0
373.0
380.0
425.0
399.0
369.0
415.0
467.0
399.0
458.0
455.0
453.0
448.0
424.0
436.0
133.0
171.0
141.0
144.0
134.0
155.0
143.0
153.0
143.0
170.0
143.0
466.0
417.0
463.0
424.0
458.0
485.0
174.0
156.0
132.0
199.0
156.0
163.0
163.0
437.0
165.0
130.0
151.0
170.0
132.0
167.0
170.0
134.0
164.0
136.0
130.0
152.0
151.0
143.0
153.0
167.0
157.0
161.0
486.0
171.0
148.0
174.0
158.0
173.0
168.0
140.0
484.0
412.0
492.0
403.0
413.0
481.0
385.0
443.0
468.0
453.0
363.0
382.0
152.0
136.0
131.0
171.0
174.0
165.0
169.0
177.0
394.0
155.0
156.0
135.0
175.0
158.0
148.0
155.0
154.0
149.0
136.0
176.0
142.0
177.0
154.0
141.0
134.0
144.0
143.0
490.0
169.0
131.0
144.0
437.0
146.0
135.0
169.0
151.0
172.0
149.0
163.0
162.0
135.0
137.0
170.0
148.0
167.0
469.0
141.0
160.0
410.0
154.0
458.0
168.0
460.0
175.0
133.0
131.0
171.0
141.0
163.0
133.0
169.0
160.0
174.0
137.0
146.0
130.0
174.0
144.0
172.0
435.0
158.0
159.0
132.0
160.0
130.0
442.0
156.0
176.0
140.0
157.0
376.0
168.0
160.0
154.0
141.0
148.0
133.0
138.0
158.0
470.0
137.0
373.0
408.0
481.0
139.0
477.0
438.0
448.0
366.0
426.0
398.0
435.0
451.0
475.0
460.0
479.0
386.0
486.0
465.0
154.0
153.0
142.0
130.0
176.0
150.0
144.0
134.0
130.0
136.0
159.0
478.0
420.0
439.0
373.0
412.0
413.0
173.0
132.0
153.0
167.0
194.0
145.0
170.0
452.0
169.0
163.0
164.0
150.0
147.0
141.0
153.0
148.0
143.0
173.0
165.0
155.0
138.0
157.0
139.0
169.0
143.0
155.0
460.0
151.0
143.0
159.0
155.0
159.0
155.0
138.0
372.0
396.0
492.0
376.0
380.0
463.0
486.0
441.0
446.0
377.0
425.0
456.0
149.0
168.0
133.0
161.0
159.0
148.0
166.0
149.0
380.0
162.0
132.0
173.0
147.0
168.0
136.0
150.0
140.0
162.0
145.0
153.0
172.0
165.0
170.0
138.0
127.0
171.0
175.0
433.0
141.0
160.0
157.0
433.0
136.0
170.0
163.0
142.0
157.0
156.0
174.0
145.0
150.0
130.0
158.0
143.0
141.0
454.0
160.0
136.0
457.0
169.0
432.0
158.0
417.0
144.0
130.0
137.0
171.0
174.0
135.0
173.0
164.0
148.0
130.0
158.0
141.0
139.0
156.0
138.0
156.0
469.0
154.0
173.0
158.0
150.0
175.0
402.0
142.0
142.0
140.0
164.0
418.0
141.0
152.0
140.0
131.0
156.0
166.0
155.0
174.0
421.0
130.0
373.0
462.0
480.0
154.0
369.0
418.0
449.0
462.0
458.0
426.0
403.0
436.0
432.0
411.0
420.0
380.0
418.0
478.0
137.0
143.0
151.0
175.0
158.0
167.0
167.0
141.0
172.0
138.0
147.0
393.0
370.0
473.0
369.0
449.0
448.0
150.0
133.0
165.0
203.0
164.0
171.0
155.0
403.0
152.0
170.0
170.0
131.0
143.0
158.0
146.0
146.0
146.0
145.0
144.0
165.0
154.0
136.0
173.0
133.0
144.0
174.0
470.0
144.0
154.0
134.0
158.0
162.0
169.0
148.0
459.0
390.0
481.0
456.0
388.0
463.0
387.0
450.0
442.0
417.0
476.0
477.0
168.0
159.0
146.0
166.0
131.0
150.0
145.0
133.0
399.0
172.0
142.0
149.0
146.0
139.0
167.0
153.0
164.0
140.0
162.0
135.0
153.0
172.0
174.0
165.0
133.0
177.0
146.0
414.0
172.0
158.0
165.0
376.0
150.0
144.0
159.0
147.0
149.0
170.0
157.0
138.0
139.0
172.0
151.0
149.0
139.0
482.0
153.0
132.0
405.0
148.0
364.0
139.0
490.0
138.0
165.0
177.0
141.0
148.0
148.0
170.0
168.0
134.0
153.0
157.0
159.0
174.0
135.0
131.0
154.0
407.0
157.0
146.0
142.0
175.0
164.0
473.0
162.0
151.0
160.0
173.0
487.0
168.0
133.0
143.0
176.0
164.0
142.0
161.0
170.0
492.0
169.0
475.0
411.0
436.0
146.0
448.0
386.0
484.0
448.0
476.0
432.0
374.0
447.0
426.0
365.0
490.0
421.0
410.0
383.0
144.0
157.0
136.0
159.0
143.0
150.0
138.0
154.0
147.0
131.0
165.0
487.0
387.0
395.0
479.0
465.0
420.0
154.0
151.0
148.0
161.0
203.0
146.0
163.0
457.0
146.0
136.0
131.0
153.0
166.0
138.0
137.0
133.0
137.0
144.0
176.0
153.0
140.0
160.0
165.0
164.0
149.0
167.0
383.0
148.0
158.0
165.0
153.0
161.0
144.0
153.0
394.0
456.0
460.0
433.0
457.0
494.0
441.0
388.0
379.0
416.0
457.0
443.0
158.0
136.0
170.0
143.0
149.0
157.0
141.0
131.0
397.0
171.0
162.0
150.0
152.0
160.0
142.0
141.0
151.0
142.0
140.0
147.0
156.0
152.0
138.0
148.0
138.0
151.0
170.0
432.0
152.0
159.0
146.0
471.0
175.0
145.0
132.0
168.0
140.0
168.0
136.0
171.0
142.0
174.0
140.0
138.0
145.0
408.0
142.0
166.0
382.0
130.0
388.0
148.0
387.0
166.0
164.0
174.0
142.0
133.0
142.0
159.0
167.0
160.0
173.0
149.0
146.0
156.0
176.0
118.0
166.0
399.0
154.0
157.0
158.0
172.0
164.0
485.0
167.0
168.0
149.0
132.0
477.0
137.0
161.0
141.0
133.0
137.0
149.0
173.0
135.0
478.0
166.0
399.0
429.0
403.0
132.0
378.0
459.0
434.0
378.0
472.0
452.0
438.0
382.0
377.0
370.0
372.0
394.0
460.0
446.0
177.0
151.0
165.0
168.0
177.0
169.0
158.0
154.0
170.0
132.0
150.0
457.0
455.0
407.0
387.0
476.0
412.0
173.0
150.0
133.0
173.0
159.0
137.0
175.0
409.0
134.0
159.0
149.0
172.0
149.0
150.0
160.0
138.0
138.0
135.0
140.0
157.0
162.0
172.0
142.0
161.0
142.0
156.0
451.0
165.0
134.0
163.0
136.0
141.0
142.0
144.0
422.0
388.0
385.0
494.0
379.0
372.0
482.0
375.0
448.0
434.0
443.0
395.0
158.0
154.0
162.0
162.0
157.0
146.0
144.0
169.0
450.0
147.0
164.0
136.0
170.0
144.0
150.0
148.0
165.0
155.0
166.0
166.0
143.0
173.0
176.0
148.0
129.0
159.0
163.0
366.0
133.0
155.0
134.0
431.0
158.0
168.0
151.0
173.0
166.0
168.0
171.0
138.0
172.0
157.0
148.0
140.0
157.0
403.0
142.0
164.0
421.0
169.0
367.0
157.0
423.0
166.0
132.0
138.0
175.0
175.0
150.0
133.0
155.0
152.0
137.0
145.0
134.0
133.0
153.0
144.0
139.0
382.0
176.0
143.0
130.0
144.0
149.0
491.0
163.0
137.0
133.0
168.0
419.0
144.0
168.0
173.0
151.0
134.0
167.0
164.0
169.0
468.0
172.0
456.0
424.0
446.0
143.0
378.0
374.0
396.0
443.0
442.0
489.0
487.0
448.0
481.0
387.0
444.0
440.0
377.0
478.0
140.0
135.0
173.0
155.0
146.0
137.0
131.0
154.0
171.0
159.0
152.0
403.0
396.0
368.0
477.0
388.0
451.0
145.0
150.0
143.0
199.0
174.0
150.0
130.0
464.0
156.0
161.0
170.0
145.0
144.0
162.0
157.0
157.0
160.0
140.0
149.0
139.0
155.0
169.0
169.0
150.0
143.0
164.0
492.0
153.0
132.0
159.0
175.0
141.0
161.0
153.0
399.0
438.0
432.0
490.0
404.0
480.0
384.0
478.0
468.0
448.0
465.0
457.0
146.0
159.0
173.0
150.0
158.0
164.0
134.0
160.0
451.0
136.0
167.0
140.0
174.0
148.0
151.0
169.0
137.0
161.0
143.0
173.0
160.0
131.0
169.0
134.0
152.0
173.0
173.0
377.0
150.0
166.0
139.0
468.0
175.0
166.0
153.0
150.0
166.0
173.0
162.0
168.0
157.0
176.0
165.0
165.0
172.0
389.0
148.0
166.0
420.0
158.0
369.0
143.0
385.0
147.0
154.0
154.0
153.0
149.0
147.0
172.0
169.0
161.0
173.0
169.0
155.0
134.0
144.0
152.0
170.0
456.0
134.0
147.0
151.0
144.0
151.0
487.0
145.0
138.0
162.0
170.0
482.0
162.0
167.0
174.0
175.0
170.0
140.0
152.0
165.0
444.0
144.0
401.0
486.0
437.0
154.0
444.0
450.0
485.0
472.0
411.0
386.0
426.0
386.0
448.0
460.0
413.0
365.0
470.0
459.0
143.0
131.0
139.0
142.0
138.0
150.0
153.0
158.0
162.0
145.0
147.0
401.0
371.0
492.0
454.0
462.0
466.0
132.0
155.0
162.0
187.0
169.0
176.0
160.0
471.0
132.0
131.0
160.0
138.0
157.0
152.0
160.0
168.0
135.0
147.0
174.0
160.0
142.0
157.0
145.0
155.0
175.0
150.0
426.0
141.0
139.0
145.0
152.0
142.0
139.0
141.0
454.0
384.0
467.0
374.0
472.0
380.0
390.0
432.0
392.0
479.0
419.0
457.0
172.0
132.0
169.0
176.0
143.0
158.0
175.0
152.0
385.0
138.0
141.0
147.0
158.0
142.0
154.0
132.0
156.0
144.0
147.0
141.0
168.0
165.0
149.0
148.0
122.0
144.0
161.0
420.0
154.0
161.0
137.0
468.0
164.0
172.0
150.0
147.0
164.0
137.0
168.0
165.0
136.0
143.0
148.0
130.0
132.0
425.0
147.0
170.0
371.0
135.0
476.0
157.0
404.0
156.0
149.0
164.0
152.0
148.0
136.0
131.0
167.0
142.0
169.0
175.0
174.0
158.0
158.0
122.0
171.0
455.0
171.0
173.0
146.0
175.0
175.0
495.0
151.0
139.0
142.0
161.0
446.0
158.0
134.0
156.0
164.0
146.0
150.0
165.0
138.0
390.0
141.0
394.0
446.0
455.0
138.0
388.0
374.0
411.0
456.0
412.0
462.0
434.0
382.0
383.0
379.0
414.0
475.0
416.0
481.0
145.0
171.0
173.0
164.0
174.0
161.0
145.0
132.0
136.0
158.0
155.0
422.0
368.0
436.0
390.0
377.0
480.0
160.0
168.0
158.0
153.0
203.0
139.0
172.0
435.0
161.0
172.0
145.0
159.0
160.0
149.0
177.0
175.0
142.0
142.0
167.0
141.0
156.0
154.0
173.0
168.0
161.0
143.0
476.0
144.0
171.0
132.0
175.0
145.0
162.0
136.0
489.0
444.0
406.0
425.0
432.0
472.0
454.0
423.0
403.0
374.0
443.0
490.0
135.0
135.0
130.0
136.0
146.0
141.0
146.0
175.0
451.0
171.0
139.0
172.0
160.0
136.0
143.0
152.0
163.0
164.0
167.0
140.0
169.0
140.0
139.0
130.0
140.0
148.0
172.0
470.0
139.0
146.0
175.0
420.0
154.0
148.0
147.0
154.0
142.0
173.0
140.0
146.0
160.0
176.0
166.0
165.0
169.0
382.0
147.0
149.0
471.0
161.0
460.0
146.0
392.0
148.0
131.0
142.0
154.0
165.0
152.0
135.0
131.0
161.0
174.0
141.0
150.0
154.0
149.0
133.0
167.0
381.0
143.0
167.0
138.0
163.0
176.0
395.0
152.0
176.0
145.0
163.0
486.0
143.0
163.0
172.0
163.0
130.0
165.0
176.0
138.0
448.0
145.0
423.0
471.0
463.0
130.0
436.0
410.0
386.0
389.0
377.0
465.0
418.0
439.0
441.0
483.0
378.0
466.0
436.0
455.0
132.0
139.0
165.0
173.0
172.0
150.0
166.0
152.0
169.0
171.0
173.0
389.0
454.0
388.0
424.0
481.0
416.0
131.0
174.0
136.0
181.0
204.0
161.0
169.0
418.0
148.0
171.0
169.0
153.0
155.0
138.0
175.0
137.0
174.0
138.0
134.0
161.0
148.0
143.0
156.0
135.0
161.0
149.0
444.0
176.0
170.0
175.0
171.0
133.0
147.0
175.0
373.0
479.0
381.0
455.0
421.0
459.0
396.0
380.0
428.0
488.0
390.0
456.0
135.0
135.0
159.0
150.0
146.0
143.0
173.0
158.0
490.0
150.0
143.0
135.0
132.0
168.0
139.0
162.0
172.0
158.0
134.0
173.0
139.0
150.0
166.0
155.0
119.0
152.0
140.0
371.0
136.0
134.0
152.0
413.0
161.0
152.0
157.0
156.0
145.0
155.0
146.0
156.0
170.0
136.0
173.0
160.0
172.0
395.0
154.0
168.0
470.0
173.0
373.0
151.0
403.0
169.0
147.0
173.0
169.0
175.0
174.0
134.0
172.0
161.0
172.0
168.0
168.0
137.0
157.0
141.0
155.0
380.0
143.0
140.0
161.0
136.0
130.0
381.0
155.0
172.0
154.0
167.0
400.0
157.0
142.0
140.0
139.0
171.0
145.0
161.0
154.0
407.0
171.0
371.0
475.0
395.0
138.0
445.0
454.0
370.0
484.0
494.0
442.0
384.0
445.0
442.0
398.0
433.0
405.0
371.0
412.0
153.0
155.0
170.0
175.0
154.0
160.0
155.0
167.0
139.0
170.0
147.0
484.0
402.0
419.0
483.0
407.0
479.0
136.0
134.0
155.0
195.0
190.0
171.0
145.0
480.0
166.0
143.0
138.0
141.0
137.0
166.0
136.0
154.0
166.0
164.0
159.0
160.0
160.0
133.0
145.0
169.0
145.0
131.0
415.0
162.0
134.0
144.0
175.0
163.0
131.0
168.0
460.0
395.0
473.0
365.0
474.0
409.0
465.0
373.0
448.0
453.0
428.0
380.0
171.0
174.0
143.0
143.0
148.0
157.0
132.0
149.0
419.0
176.0
144.0
161.0
137.0
137.0
159.0
145.0
170.0
162.0
159.0
146.0
136.0
147.0
147.0
174.0
147.0
131.0
155.0
452.0
170.0
150.0
137.0
404.0
143.0
169.0
143.0
140.0
168.0
137.0
145.0
169.0
148.0
157.0
166.0
133.0
147.0
476.0
137.0
132.0
459.0
137.0
403.0
174.0
369.0
161.0
151.0
157.0
167.0
153.0
173.0
145.0
131.0
170.0
174.0
145.0
165.0
132.0
142.0
138.0
131.0
402.0
164.0
172.0
139.0
177.0
140.0
411.0
148.0
132.0
151.0
146.0
383.0
158.0
148.0
131.0
154.0
131.0
161.0
177.0
167.0
377.0
170.0
427.0
451.0
465.0
167.0
453.0
427.0
471.0
368.0
477.0
365.0
424.0
412.0
372.0
471.0
456.0
483.0
461.0
475.0
167.0
175.0
146.0
160.0
139.0
136.0
134.0
149.0
140.0
132.0
131.0
370.0
441.0
448.0
423.0
447.0
384.0
175.0
137.0
168.0
178.0
158.0
172.0
159.0
420.0
156.0
153.0
141.0
173.0
173.0
132.0
173.0
157.0
130.0
144.0
166.0
158.0
176.0
137.0
159.0
161.0
148.0
176.0
491.0
166.0
176.0
133.0
146.0
165.0
137.0
144.0
387.0
372.0
448.0
385.0
463.0
484.0
467.0
428.0
456.0
387.0
408.0
427.0
143.0
133.0
177.0
132.0
150.0
151.0
158.0
154.0
387.0
131.0
140.0
139.0
137.0
138.0
136.0
144.0
171.0
161.0
164.0
139.0
149.0
133.0
163.0
142.0
138.0
140.0
175.0
413.0
168.0
138.0
151.0
396.0
152.0
157.0
152.0
167.0
172.0
136.0
141.0
147.0
152.0
174.0
133.0
167.0
165.0
458.0
138.0
176.0
392.0
138.0
461.0
135.0
472.0
174.0
147.0
150.0
169.0
172.0
155.0
177.0
164.0
142.0
171.0
139.0
175.0
174.0
146.0
142.0
133.0
415.0
161.0
154.0
144.0
155.0
161.0
397.0
151.0
147.0
132.0
148.0
407.0
143.0
141.0
133.0
148.0
170.0
175.0
148.0
152.0
417.0
164.0
419.0
397.0
379.0
161.0
427.0
395.0
488.0
367.0
461.0
436.0
368.0
425.0
485.0
379.0
394.0
488.0
388.0
468.0
165.0
167.0
177.0
147.0
146.0
146.0
160.0
171.0
148.0
136.0
169.0
412.0
468.0
439.0
446.0
383.0
431.0
158.0
142.0
136.0
165.0
188.0
173.0
169.0
434.0
138.0
154.0
140.0
147.0
147.0
171.0
139.0
171.0
159.0
131.0
167.0
168.0
147.0
151.0
132.0
135.0
132.0
141.0
396.0
143.0
139.0
136.0
134.0
170.0
138.0
143.0
470.0
462.0
373.0
409.0
424.0
454.0
414.0
451.0
460.0
465.0
489.0
485.0
138.0
164.0
137.0
139.0
155.0
169.0
134.0
174.0
466.0
139.0
154.0
149.0
168.0
130.0
169.0
159.0
175.0
171.0
173.0
156.0
131.0
154.0
139.0
166.0
119.0
144.0
174.0
367.0
176.0
154.0
154.0
370.0
153.0
175.0
156.0
142.0
139.0
174.0
166.0
177.0
141.0
142.0
140.0
139.0
174.0
445.0
134.0
161.0
483.0
145.0
415.0
134.0
393.0
139.0
130.0
135.0
135.0
170.0
134.0
133.0
153.0
152.0
166.0
159.0
144.0
157.0
161.0
144.0
137.0
452.0
151.0
159.0
177.0
167.0
166.0
372.0
171.0
175.0
136.0
146.0
448.0
156.0
153.0
150.0
165.0
171.0
168.0
143.0
170.0
373.0
159.0
459.0
389.0
379.0
154.0
403.0
403.0
427.0
382.0
469.0
456.0
398.0
493.0
428.0
396.0
488.0
485.0
482.0
402.0
164.0
162.0
173.0
151.0
144.0
153.0
149.0
175.0
158.0
146.0
167.0
455.0
460.0
369.0
386.0
446.0
369.0
166.0
168.0
175.0
169.0
191.0
145.0
144.0
400.0
143.0
167.0
175.0
141.0
165.0
155.0
158.0
133.0
147.0
148.0
150.0
137.0
143.0
164.0
147.0
135.0
175.0
145.0
467.0
139.0
167.0
146.0
131.0
162.0
175.0
153.0
433.0
479.0
387.0
385.0
447.0
397.0
414.0
457.0
486.0
369.0
461.0
423.0
173.0
147.0
162.0
147.0
157.0
148.0
150.0
161.0
481.0
151.0
164.0
153.0
140.0
132.0
139.0
162.0
152.0
175.0
132.0
176.0
146.0
131.0
164.0
154.0
145.0
150.0
164.0
386.0
135.0
149.0
130.0
421.0
147.0
167.0
144.0
153.0
133.0
154.0
152.0
164.0
172.0
160.0
160.0
151.0
142.0
482.0
173.0
164.0
383.0
174.0
455.0
173.0
479.0
136.0
176.0
156.0
154.0
143.0
138.0
153.0
157.0
158.0
149.0
141.0
138.0
173.0
139.0
121.0
143.0
364.0
174.0
143.0
148.0
147.0
168.0
440.0
149.0
173.0
170.0
170.0
415.0
151.0
150.0
154.0
176.0
171.0
138.0
142.0
137.0
401.0
143.0
494.0
479.0
471.0
165.0
393.0
472.0
434.0
462.0
430.0
363.0
480.0
441.0
396.0
394.0
433.0
428.0
375.0
454.0
152.0
150.0
169.0
172.0
169.0
166.0
144.0
175.0
168.0
148.0
173.0
367.0
437.0
415.0
457.0
366.0
474.0
169.0
132.0
142.0
162.0
203.0
147.0
160.0
418.0
155.0
163.0
141.0
133.0
149.0
165.0
164.0
172.0
163.0
157.0
169.0
153.0
150.0
164.0
167.0
135.0
156.0
169.0
427.0
151.0
168.0
131.0
164.0
162.0
167.0
141.0
491.0
470.0
420.0
436.0
397.0
467.0
417.0
439.0
400.0
424.0
458.0
420.0
169.0
132.0
157.0
164.0
133.0
160.0
150.0
168.0
395.0
134.0
167.0
174.0
133.0
141.0
175.0
143.0
156.0
141.0
132.0
175.0
139.0
154.0
173.0
144.0
147.0
163.0
154.0
403.0
158.0
152.0
148.0
485.0
147.0
131.0
171.0
146.0
142.0
171.0
144.0
169.0
132.0
131.0
147.0
157.0
161.0
474.0
153.0
157.0
373.0
174.0
448.0
158.0
374.0
134.0
132.0
170.0
153.0
134.0
176.0
152.0
169.0
166.0
136.0
151.0
160.0
167.0
157.0
135.0
132.0
477.0
138.0
177.0
133.0
162.0
133.0
365.0
162.0
147.0
157.0
139.0
494.0
150.0
142.0
152.0
168.0
166.0
165.0
140.0
146.0
461.0
174.0
423.0
385.0
441.0
165.0
415.0
402.0
468.0
480.0
398.0
393.0
372.0
494.0
495.0
419.0
366.0
387.0
388.0
391.0
168.0
170.0
153.0
146.0
139.0
152.0
149.0
166.0
170.0
143.0
167.0
363.0
492.0
449.0
382.0
443.0
417.0
136.0
174.0
145.0
194.0
180.0
161.0
169.0
401.0
161.0
169.0
162.0
172.0
163.0
144.0
137.0
168.0
168.0
150.0
160.0
142.0
169.0
150.0
163.0
145.0
152.0
130.0
433.0
143.0
162.0
154.0
130.0
158.0
155.0
163.0
395.0
381.0
451.0
368.0
411.0
414.0
389.0
398.0
488.0
438.0
435.0
434.0
147.0
134.0
166.0
141.0
176.0
167.0
133.0
153.0
481.0
157.0
166.0
176.0
162.0
175.0
131.0
146.0
144.0
130.0
162.0
151.0
145.0
176.0
148.0
147.0
148.0
174.0
170.0
455.0
136.0
157.0
160.0
452.0
171.0
147.0
135.0
133.0
144.0
166.0
141.0
131.0
145.0
132.0
155.0
139.0
177.0
475.0
145.0
169.0
444.0
166.0
482.0
162.0
450.0
150.0
155.0
176.0
145.0
171.0
144.0
160.0
130.0
139.0
134.0
165.0
130.0
168.0
150.0
140.0
149.0
458.0
171.0
160.0
164.0
169.0
134.0
382.0
132.0
172.0
176.0
143.0
427.0
168.0
147.0
147.0
147.0
151.0
134.0
138.0
147.0
380.0
169.0
423.0
417.0
390.0
147.0
458.0
430.0
462.0
455.0
386.0
396.0
395.0
383.0
466.0
481.0
411.0
486.0
493.0
424.0
170.0
145.0
163.0
175.0
156.0
135.0
153.0
165.0
153.0
140.0
176.0
473.0
406.0
416.0
364.0
413.0
431.0
150.0
137.0
165.0
176.0
174.0
150.0
131.0
461.0
131.0
149.0
165.0
135.0
170.0
139.0
141.0
173.0
164.0
158.0
165.0
161.0
146.0
170.0
149.0
135.0
152.0
163.0
469.0
149.0
174.0
145.0
146.0
168.0
172.0
167.0
473.0
432.0
453.0
484.0
404.0
376.0
417.0
445.0
429.0
384.0
375.0
396.0
166.0
151.0
168.0
151.0
149.0
155.0
152.0
157.0
422.0
160.0
171.0
158.0
163.0
145.0
146.0
139.0
140.0
140.0
140.0
145.0
169.0
171.0
156.0
149.0
122.0
143.0
144.0
403.0
169.0
175.0
156.0
393.0
133.0
155.0
161.0
153.0
154.0
135.0
147.0
170.0
160.0
169.0
139.0
159.0
151.0
444.0
166.0
175.0
447.0
177.0
466.0
175.0
476.0
137.0
177.0
152.0
166.0
130.0
175.0
168.0
130.0
171.0
172.0
155.0
171.0
164.0
168.0
125.0
166.0
419.0
150.0
159.0
152.0
156.0
177.0
489.0
165.0
138.0
161.0
175.0
368.0
134.0
137.0
134.0
141.0
150.0
136.0
142.0
156.0
421.0
133.0
444.0
374.0
486.0
163.0
428.0
479.0
438.0
433.0
444.0
392.0
405.0
469.0
380.0
427.0
419.0
479.0
463.0
370.0
169.0
132.0
150.0
171.0
173.0
135.0
177.0
165.0
175.0
149.0
134.0
416.0
470.0
483.0
489.0
370.0
420.0
162.0
132.0
169.0
178.0
152.0
160.0
145.0
372.0
154.0
162.0
142.0
151.0
156.0
167.0
172.0
130.0
158.0
174.0
164.0
174.0
175.0
152.0
159.0
165.0
164.0
134.0
400.0
133.0
151.0
154.0
176.0
158.0
167.0
149.0
458.0
382.0
410.0
374.0
390.0
372.0
440.0
392.0
451.0
456.0
370.0
366.0
173.0
149.0
167.0
140.0
154.0
145.0
153.0
151.0
474.0
139.0
156.0
177.0
154.0
156.0
156.0
131.0
137.0
143.0
145.0
162.0
171.0
149.0
174.0
158.0
142.0
152.0
144.0
370.0
177.0
175.0
172.0
418.0
135.0
161.0
136.0
164.0
156.0
162.0
146.0
165.0
142.0
171.0
139.0
158.0
171.0
451.0
136.0
131.0
400.0
156.0
390.0
156.0
390.0
165.0
149.0
154.0
166.0
168.0
141.0
152.0
135.0
148.0
137.0
151.0
173.0
175.0
139.0
123.0
170.0
439.0
132.0
157.0
164.0
177.0
171.0
435.0
171.0
153.0
144.0
147.0
442.0
148.0
133.0
175.0
144.0
130.0
173.0
150.0
137.0
458.0
153.0
411.0
446.0
383.0
164.0
472.0
417.0
460.0
487.0
469.0
380.0
405.0
380.0
416.0
391.0
396.0
475.0
490.0
461.0
153.0
155.0
131.0
133.0
147.0
148.0
163.0
159.0
136.0
141.0
176.0
373.0
439.0
477.0
493.0
366.0
382.0
151.0
137.0
152.0
172.0
191.0
173.0
134.0
435.0
150.0
148.0
134.0
146.0
162.0
134.0
166.0
134.0
166.0
161.0
153.0
140.0
162.0
135.0
157.0
159.0
177.0
147.0
375.0
135.0
173.0
154.0
170.0
157.0
141.0
156.0
481.0
449.0
421.0
442.0
427.0
484.0
376.0
389.0
382.0
459.0
397.0
489.0
143.0
150.0
160.0
142.0
163.0
160.0
161.0
166.0
469.0
150.0
163.0
134.0
145.0
135.0
139.0
164.0
169.0
160.0
140.0
148.0
158.0
165.0
173.0
172.0
125.0
164.0
170.0
441.0
170.0
138.0
134.0
367.0
175.0
176.0
160.0
173.0
164.0
166.0
148.0
132.0
141.0
149.0
132.0
157.0
157.0
368.0
150.0
162.0
372.0
139.0
490.0
167.0
456.0
155.0
165.0
151.0
177.0
159.0
133.0
134.0
151.0
154.0
147.0
172.0
172.0
137.0
138.0
125.0
172.0
494.0
148.0
171.0
144.0
134.0
173.0
476.0
156.0
165.0
155.0
148.0
388.0
149.0
157.0
151.0
168.0
154.0
163.0
146.0
152.0
386.0
130.0
449.0
380.0
394.0
135.0
472.0
461.0
364.0
470.0
440.0
367.0
432.0
477.0
402.0
363.0
404.0
453.0
392.0
363.0
132.0
176.0
148.0
153.0
151.0
171.0
142.0
132.0
144.0
163.0
159.0
416.0
446.0
483.0
400.0
388.0
389.0
150.0
158.0
176.0
205.0
177.0
163.0
159.0
372.0
169.0
141.0
139.0
171.0
143.0
170.0
168.0
151.0
166.0
153.0
133.0
131.0
155.0
170.0
142.0
146.0
135.0
173.0
407.0
154.0
138.0
165.0
139.0
141.0
155.0
176.0
480.0
396.0
409.0
415.0
488.0
429.0
400.0
375.0
451.0
384.0
407.0
425.0
142.0
168.0
162.0
148.0
131.0
140.0
144.0
147.0
387.0
159.0
170.0
142.0
169.0
142.0
154.0
139.0
135.0
168.0
133.0
152.0
173.0
170.0
151.0
161.0
121.0
154.0
144.0
409.0
143.0
171.0
151.0
371.0
132.0
171.0
148.0
146.0
158.0
175.0
133.0
134.0
158.0
138.0
152.0
157.0
159.0
485.0
135.0
168.0
430.0
163.0
371.0
176.0
450.0
174.0
150.0
152.0
168.0
141.0
141.0
145.0
137.0
157.0
139.0
151.0
158.0
136.0
160.0
143.0
146.0
473.0
132.0
133.0
151.0
172.0
151.0
424.0
166.0
170.0
166.0
152.0
450.0
162.0
142.0
151.0
135.0
159.0
170.0
147.0
145.0
489.0
175.0
466.0
479.0
427.0
148.0
364.0
380.0
398.0
420.0
368.0
395.0
448.0
491.0
475.0
368.0
383.0
394.0
464.0
476.0
140.0
135.0
152.0
164.0
135.0
137.0
151.0
169.0
155.0
149.0
142.0
465.0
461.0
475.0
438.0
435.0
365.0
139.0
143.0
167.0
206.0
159.0
174.0
172.0
376.0
141.0
130.0
139.0
147.0
153.0
142.0
134.0
170.0
161.0
131.0
174.0
159.0
143.0
177.0
176.0
160.0
174.0
171.0
470.0
134.0
132.0
144.0
130.0
153.0
145.0
162.0
480.0
430.0
443.0
427.0
450.0
424.0
364.0
481.0
415.0
464.0
381.0
406.0
153.0
164.0
131.0
135.0
162.0
167.0
139.0
131.0
447.0
162.0
166.0
158.0
167.0
158.0
160.0
132.0
177.0
166.0
135.0
133.0
176.0
150.0
152.0
155.0
145.0
140.0
151.0
405.0
173.0
176.0
161.0
439.0
132.0
166.0
135.0
176.0
165.0
166.0
167.0
137.0
171.0
132.0
161.0
131.0
175.0
441.0
164.0
171.0
399.0
173.0
464.0
154.0
373.0
137.0
137.0
147.0
166.0
165.0
169.0
135.0
130.0
164.0
135.0
155.0
169.0
149.0
139.0
147.0
149.0
488.0
145.0
146.0
171.0
142.0
138.0
450.0
160.0
169.0
159.0
161.0
470.0
172.0
151.0
170.0
166.0
163.0
134.0
153.0
132.0
482.0
162.0
474.0
371.0
421.0
148.0
396.0
391.0
392.0
383.0
453.0
439.0
448.0
460.0
425.0
385.0
454.0
445.0
438.0
405.0
137.0
133.0
158.0
173.0
138.0
154.0
151.0
148.0
146.0
173.0
138.0
456.0
465.0
493.0
424.0
464.0
494.0
144.0
132.0
130.0
192.0
182.0
158.0
133.0
458.0
159.0
135.0
166.0
143.0
150.0
130.0
172.0
132.0
144.0
176.0
149.0
148.0
155.0
164.0
138.0
139.0
154.0
135.0
395.0
143.0
144.0
176.0
141.0
142.0
168.0
133.0
443.0
476.0
469.0
458.0
444.0
393.0
425.0
373.0
399.0
374.0
374.0
376.0
165.0
152.0
140.0
165.0
167.0
176.0
159.0
174.0
422.0
174.0
145.0
137.0
173.0
167.0
173.0
132.0
138.0
169.0
133.0
177.0
135.0
167.0
151.0
169.0
115.0
135.0
172.0
379.0
134.0
131.0
153.0
430.0
174.0
145.0
158.0
141.0
146.0
174.0
150.0
164.0
163.0
149.0
146.0
173.0
168.0
483.0
133.0
164.0
368.0
161.0
460.0
163.0
437.0
150.0
136.0
173.0
163.0
168.0
161.0
159.0
156.0
151.0
175.0
133.0
148.0
142.0
140.0
143.0
147.0
411.0
150.0
171.0
168.0
145.0
149.0
418.0
132.0
176.0
177.0
132.0
393.0
164.0
177.0
172.0
131.0
140.0
171.0
172.0
132.0
491.0
172.0
383.0
376.0
484.0
152.0
420.0
491.0
397.0
488.0
410.0
396.0
385.0
363.0
476.0
389.0
487.0
399.0
464.0
482.0
170.0
138.0
164.0
138.0
161.0
166.0
165.0
168.0
165.0
139.0
143.0
413.0
375.0
398.0
398.0
415.0
459.0
167.0
166.0
165.0
168.0
155.0
144.0
165.0
457.0
158.0
159.0
175.0
160.0
168.0
168.0
177.0
152.0
151.0
166.0
155.0
150.0
170.0
161.0
156.0
144.0
143.0
169.0
453.0
135.0
136.0
132.0
155.0
161.0
160.0
147.0
365.0
489.0
392.0
482.0
488.0
425.0
479.0
381.0
367.0
444.0
377.0
466.0
150.0
157.0
140.0
138.0
146.0
131.0
137.0
166.0
424.0
162.0
136.0
137.0
171.0
138.0
162.0
168.0
137.0
156.0
169.0
147.0
158.0
141.0
166.0
135.0
138.0
163.0
176.0
375.0
146.0
157.0
163.0
493.0
174.0
146.0
153.0
158.0
140.0
130.0
162.0
162.0
147.0
167.0
163.0
149.0
175.0
388.0
131.0
163.0
446.0
132.0
418.0
144.0
478.0
133.0
166.0
136.0
146.0
133.0
153.0
156.0
176.0
145.0
163.0
149.0
131.0
131.0
138.0
150.0
148.0
403.0
172.0
138.0
176.0
141.0
133.0
363.0
135.0
156.0
155.0
153.0
389.0
140.0
173.0
171.0
132.0
174.0
142.0
137.0
150.0
410.0
166.0
444.0
404.0
428.0
173.0
416.0
393.0
448.0
381.0
374.0
363.0
460.0
455.0
460.0
490.0
374.0
446.0
382.0
490.0
165.0
168.0
132.0
137.0
138.0
148.0
155.0
138.0
163.0
148.0
174.0
421.0
368.0
363.0
371.0
391.0
380.0
132.0
147.0
135.0
185.0
176.0
152.0
137.0
466.0
163.0
146.0
139.0
151.0
138.0
158.0
161.0
134.0
173.0
137.0
173.0
167.0
158.0
138.0
153.0
135.0
153.0
156.0
372.0
131.0
150.0
131.0
137.0
149.0
169.0
145.0
436.0
409.0
413.0
472.0
382.0
385.0
408.0
364.0
465.0
381.0
382.0
396.0
132.0
141.0
155.0
133.0
144.0
144.0
142.0
165.0
411.0
154.0
147.0
174.0
150.0
141.0
149.0
159.0
149.0
141.0
139.0
161.0
169.0
134.0
167.0
167.0
134.0
155.0
130.0
434.0
145.0
149.0
161.0
479.0
168.0
131.0
136.0
139.0
160.0
176.0
132.0
176.0
160.0
155.0
145.0
158.0
136.0
409.0
163.0
159.0
380.0
174.0
420.0
165.0
469.0
149.0
134.0
155.0
153.0
135.0
142.0
135.0
133.0
153.0
169.0
163.0
162.0
175.0
135.0
143.0
171.0
473.0
173.0
176.0
162.0
162.0
150.0
407.0
156.0
148.0
152.0
136.0
444.0
174.0
145.0
159.0
133.0
169.0
152.0
155.0
158.0
412.0
175.0
493.0
492.0
407.0
165.0
374.0
433.0
364.0
484.0
428.0
462.0
391.0
375.0
481.0
435.0
368.0
444.0
465.0
474.0
146.0
157.0
140.0
148.0
147.0
143.0
156.0
135.0
162.0
132.0
133.0
413.0
450.0
409.0
377.0
493.0
394.0
168.0
139.0
157.0
161.0
168.0
140.0
132.0
425.0
148.0
159.0
138.0
172.0
169.0
134.0
140.0
177.0
162.0
155.0
146.0
164.0
159.0
169.0
151.0
155.0
132.0
177.0
400.0
171.0
147.0
168.0
134.0
153.0
162.0
160.0
425.0
375.0
405.0
434.0
442.0
446.0
391.0
410.0
433.0
416.0
387.0
454.0
131.0
146.0
148.0
133.0
130.0
158.0
156.0
146.0
475.0
130.0
173.0
147.0
168.0
137.0
162.0
150.0
156.0
132.0
163.0
137.0
156.0
173.0
162.0
155.0
135.0
132.0
170.0
415.0
164.0
144.0
139.0
468.0
175.0
150.0
148.0
164.0
156.0
140.0
152.0
141.0
148.0
147.0
155.0
131.0
164.0
417.0
170.0
130.0
364.0
140.0
463.0
140.0
489.0
162.0
164.0
145.0
155.0
133.0
156.0
161.0
141.0
152.0
168.0
137.0
137.0
175.0
161.0
151.0
133.0
388.0
130.0
156.0
162.0
139.0
144.0
419.0
141.0
138.0
156.0
174.0
451.0
140.0
163.0
165.0
164.0
140.0
163.0
170.0
162.0
446.0
162.0
419.0
363.0
446.0
162.0
454.0
415.0
480.0
447.0
435.0
445.0
380.0
400.0
492.0
494.0
363.0
408.0
377.0
375.0
134.0
162.0
157.0
150.0
174.0
143.0
163.0
130.0
158.0
170.0
149.0
485.0
366.0
483.0
490.0
445.0
368.0
141.0
136.0
143.0
162.0
168.0
136.0
154.0
405.0
176.0
148.0
151.0
175.0
161.0
151.0
166.0
159.0
154.0
175.0
134.0
155.0
153.0
170.0
142.0
175.0
160.0
148.0
376.0
152.0
146.0
138.0
153.0
134.0
172.0
163.0
403.0
410.0
406.0
479.0
407.0
410.0
437.0
439.0
384.0
430.0
400.0
404.0
158.0
166.0
171.0
148.0
150.0
136.0
157.0
142.0
406.0
131.0
167.0
171.0
135.0
166.0
164.0
143.0
175.0
177.0
138.0
166.0
135.0
143.0
147.0
142.0
121.0
168.0
149.0
478.0
145.0
130.0
149.0
452.0
176.0
158.0
143.0
138.0
151.0
150.0
145.0
134.0
159.0
172.0
158.0
147.0
132.0
494.0
153.0
151.0
425.0
149.0
482.0
151.0
438.0
162.0
133.0
156.0
175.0
173.0
174.0
168.0
154.0
150.0
157.0
145.0
154.0
133.0
135.0
120.0
151.0
412.0
132.0
140.0
144.0
156.0
174.0
410.0
150.0
139.0
133.0
152.0
467.0
138.0
145.0
147.0
176.0
172.0
145.0
158.0
135.0
381.0
168.0
469.0
452.0
489.0
169.0
424.0
375.0
432.0
467.0
458.0
397.0
476.0
485.0
472.0
415.0
450.0
432.0
372.0
395.0
172.0
174.0
150.0
133.0
169.0
142.0
138.0
139.0
154.0
145.0
148.0
387.0
488.0
373.0
463.0
418.0
458.0
170.0
150.0
138.0
176.0
200.0
168.0
145.0
405.0
132.0
138.0
130.0
136.0
131.0
132.0
140.0
174.0
165.0
143.0
131.0
151.0
144.0
148.0
169.0
176.0
168.0
167.0
477.0
148.0
145.0
167.0
135.0
149.0
135.0
144.0
473.0
368.0
395.0
384.0
482.0
417.0
443.0
382.0
413.0
471.0
394.0
474.0
172.0
131.0
158.0
159.0
138.0
135.0
175.0
169.0
405.0
145.0
141.0
138.0
135.0
166.0
167.0
167.0
130.0
170.0
134.0
155.0
176.0
130.0
143.0
166.0
121.0
162.0
131.0
491.0
138.0
137.0
139.0
450.0
169.0
147.0
135.0
142.0
170.0
163.0
165.0
153.0
140.0
166.0
169.0
131.0
142.0
402.0
160.0
139.0
428.0
171.0
410.0
165.0
429.0
133.0
130.0
151.0
160.0
139.0
138.0
170.0
155.0
168.0
147.0
132.0
164.0
149.0
158.0
149.0
154.0
428.0
152.0
131.0
139.0
150.0
169.0
455.0
143.0
167.0
175.0
156.0
382.0
164.0
166.0
137.0
149.0
163.0
140.0
161.0
164.0
396.0
151.0
449.0
400.0
408.0
169.0
426.0
443.0
424.0
395.0
477.0
466.0
473.0
392.0
427.0
405.0
479.0
441.0
489.0
480.0
141.0
132.0
140.0
175.0
170.0
157.0
152.0
175.0
167.0
162.0
177.0
438.0
487.0
490.0
430.0
368.0
483.0
148.0
134.0
175.0
171.0
164.0
157.0
160.0
466.0
163.0
130.0
138.0
175.0
169.0
164.0
163.0
158.0
155.0
130.0
151.0
159.0
162.0
148.0
174.0
140.0
142.0
175.0
465.0
173.0
166.0
154.0
150.0
170.0
164.0
144.0
478.0
494.0
476.0
415.0
444.0
463.0
399.0
410.0
492.0
394.0
447.0
453.0
147.0
141.0
152.0
170.0
171.0
168.0
161.0
144.0
447.0
160.0
134.0
157.0
163.0
173.0
170.0
148.0
140.0
146.0
159.0
151.0
142.0
141.0
170.0
138.0
147.0
142.0
135.0
459.0
167.0
171.0
167.0
493.0
166.0
171.0
158.0
150.0
143.0
147.0
133.0
175.0
138.0
130.0
163.0
132.0
161.0
440.0
153.0
134.0
421.0
138.0
363.0
153.0
489.0
147.0
144.0
177.0
152.0
149.0
149.0
142.0
158.0
133.0
165.0
169.0
138.0
175.0
148.0
147.0
169.0
374.0
150.0
135.0
154.0
145.0
142.0
418.0
174.0
176.0
141.0
153.0
442.0
140.0
140.0
160.0
171.0
167.0
132.0
162.0
148.0
456.0
154.0
469.0
443.0
487.0
177.0
392.0
410.0
426.0
400.0
409.0
462.0
388.0
438.0
385.0
459.0
399.0
439.0
394.0
371.0
144.0
138.0
134.0
167.0
141.0
135.0
175.0
139.0
164.0
159.0
161.0
468.0
452.0
375.0
430.0
395.0
491.0
130.0
153.0
167.0
188.0
198.0
169.0
162.0
369.0
158.0
172.0
135.0
169.0
150.0
138.0
175.0
156.0
132.0
158.0
172.0
153.0
139.0
137.0
153.0
169.0
156.0
149.0
380.0
152.0
142.0
154.0
149.0
167.0
156.0
136.0
462.0
416.0
473.0
443.0
457.0
467.0
392.0
492.0
404.0
494.0
441.0
463.0
132.0
138.0
148.0
156.0
162.0
146.0
169.0
136.0
481.0
172.0
152.0
143.0
145.0
156.0
167.0
158.0
158.0
168.0
167.0
141.0
157.0
141.0
153.0
134.0
135.0
176.0
167.0
465.0
155.0
148.0
133.0
485.0
150.0
161.0
164.0
136.0
130.0
131.0
148.0
160.0
144.0
151.0
141.0
130.0
171.0
411.0
138.0
168.0
370.0
170.0
409.0
148.0
452.0
165.0
158.0
146.0
167.0
143.0
152.0
173.0
162.0
173.0
139.0
166.0
131.0
146.0
163.0
138.0
175.0
385.0
145.0
130.0
149.0
149.0
137.0
434.0
134.0
176.0
171.0
138.0
487.0
169.0
162.0
136.0
169.0
145.0
160.0
168.0
169.0
378.0
153.0
491.0
424.0
424.0
171.0
379.0
467.0
480.0
397.0
404.0
364.0
438.0
425.0
457.0
494.0
475.0
377.0
431.0
387.0
165.0
152.0
144.0
154.0
148.0
130.0
163.0
143.0
167.0
177.0
176.0
401.0
399.0
385.0
378.0
447.0
431.0
157.0
144.0
168.0
