I_BRKGA_178_6_25_7_CESP
178 6 25 494.0
60979.5
63225.5
57988.5
63686.5
58450.5
57388.5
58937.5
63250.5
56394.5
61647.5
63112.5
58386.5
63059.5
59180.5
55349.5
61728.5
62172.5
62467.5
62535.5
61183.5
54394.5
56568.5
59784.5
60893.5
61169.5
0.046637268827294465
0.03862530108360637
0.04393071951255564
0.03236796009944997
0.0406779740141958
0.03779807455220537
0.047171246042224266
0.032072087534889944
0.042471300626516544
0.0362591620094145
0.04497495141857992
0.03635327302218426
0.047172463009086195
0.03243390087950533
0.04613346093990654
0.03360895404634493
0.04410555668464264
0.03281870334426636
0.043258734033674855
0.03743630269106208
0.04628716160300328
0.03607979643874317
0.0411400604540042
0.03573836252667439
0.04444722460596884
124.0
124.0
111.0
108.0
114.0
114.0
2557.0
22.0
1261.0
1300.0
67.0
529.0
515.0
1318.0
36.0
519.0
109.0
177.0
45.0
346.0
264.0
386.0
56.0
296.0
226.0
500.0
211.0
1079.0
168.0
356.0
411.0
1370.0
2684.0
1018.0
955.0
13.0
221.0
526.0
281.0
76.0
249.0
81.0
296.0
14.0
9.0
10.0
12.0
14.0
12.0
13.0
100.0
14.0
11.0
12.0
29.0
339.0
163.0
813.0
1362.0
544.0
363.0
1188.0
276.0
155.0
847.0
5052.0
6014.0
123.0
162.0
309.0
48.0
29.0
175.0
223.0
183.0
517.0
27.0
73.0
63.0
26.0
125.0
29.0
32.0
19.0
119.0
174.0
815.0
53.0
122.0
63.0
45.0
164.0
216.0
313.0
145.0
176.0
73.0
842.0
153.0
142.0
790.0
37.0
64.0
199.0
92.0
14.0
344.0
119.0
20.0
24.0
31.0
8.0
70.0
277.0
107.0
73.0
90.0
56.0
40.0
89.0
146.0
49.0
25.0
55.0
155.0
111.0
86.0
128.0
45.0
67.0
7.0
1552.0
56.0
111.0
56.0
44.0
650.0
872.0
114.0
1416.0
1114.0
25.0
121.0
113.0
266.0
6713.0
206.0
94.0
162.0
270.0
33.0
278.0
30.0
122.0
250.0
78.0
137.0
789.0
119.0
147.0
437.0
317.0
219.0
69.0
1195.0
126.0
119.0
71.0
91.0
119.0
20.0
249.0
195.0
369.0
166.0
36.0
69.0
51.0
206.0
241.0
318.0
202.0
885.0
1235.0
481.0
1348.0
36.0
534.0
117.0
193.0
45.0
324.0
262.0
400.0
57.0
291.0
221.0
502.0
202.0
1095.0
157.0
348.0
446.0
1305.0
2759.0
1025.0
1019.0
12.0
230.0
530.0
278.0
74.0
239.0
82.0
274.0
14.0
10.0
10.0
12.0
13.0
11.0
13.0
95.0
13.0
12.0
12.0
29.0
370.0
173.0
808.0
1371.0
562.0
352.0
1129.0
289.0
146.0
843.0
5048.0
6022.0
128.0
160.0
317.0
49.0
27.0
191.0
222.0
188.0
512.0
27.0
79.0
61.0
25.0
122.0
27.0
33.0
19.0
116.0
174.0
839.0
52.0
119.0
65.0
43.0
165.0
214.0
318.0
148.0
174.0
71.0
881.0
163.0
147.0
776.0
35.0
62.0
201.0
90.0
13.0
331.0
125.0
21.0
24.0
32.0
8.0
74.0
252.0
103.0
69.0
85.0
54.0
38.0
85.0
151.0
49.0
25.0
57.0
151.0
103.0
82.0
129.0
46.0
61.0
7.0
1592.0
57.0
117.0
59.0
44.0
624.0
804.0
111.0
1324.0
1041.0
25.0
114.0
117.0
271.0
6671.0
211.0
95.0
162.0
296.0
31.0
278.0
29.0
127.0
252.0
82.0
130.0
789.0
121.0
145.0
420.0
307.0
221.0
71.0
1245.0
128.0
125.0
68.0
88.0
117.0
19.0
270.0
191.0
373.0
173.0
37.0
67.0
51.0
206.0
228.0
300.0
191.0
822.0
1221.0
485.0
1253.0
36.0
522.0
112.0
177.0
44.0
345.0
259.0
387.0
58.0
313.0
221.0
483.0
218.0
1092.0
158.0
333.0
440.0
1305.0
2571.0
1109.0
1031.0
13.0
214.0
507.0
268.0
76.0
236.0
81.0
281.0
14.0
10.0
10.0
12.0
14.0
12.0
14.0
97.0
14.0
12.0
11.0
27.0
374.0
159.0
803.0
1374.0
553.0
357.0
1149.0
275.0
144.0
876.0
5317.0
5917.0
118.0
169.0
312.0
48.0
27.0
191.0
224.0
186.0
486.0
28.0
77.0
63.0
25.0
123.0
28.0
32.0
20.0
111.0
173.0
899.0
53.0
129.0
64.0
45.0
156.0
211.0
342.0
153.0
164.0
69.0
802.0
159.0
141.0
732.0
36.0
60.0
200.0
94.0
13.0
348.0
127.0
21.0
25.0
30.0
8.0
72.0
264.0
112.0
68.0
87.0
54.0
40.0
82.0
141.0
47.0
25.0
55.0
164.0
111.0
87.0
128.0
48.0
65.0
7.0
1537.0
59.0
113.0
57.0
46.0
648.0
865.0
123.0
1378.0
1075.0
25.0
121.0
116.0
260.0
6763.0
196.0
94.0
153.0
272.0
32.0
260.0
28.0
126.0
240.0
78.0
141.0
803.0
119.0
148.0
455.0
306.0
206.0
68.0
1211.0
132.0
126.0
67.0
86.0
112.0
19.0
268.0
205.0
351.0
171.0
37.0
70.0
53.0
192.0
221.0
302.0
205.0
852.0
1313.0
479.0
1262.0
35.0
542.0
116.0
187.0
45.0
347.0
262.0
375.0
59.0
302.0
236.0
467.0
216.0
1139.0
166.0
354.0
448.0
1351.0
2617.0
1081.0
963.0
13.0
216.0
535.0
279.0
73.0
249.0
78.0
277.0
13.0
10.0
10.0
12.0
14.0
12.0
13.0
96.0
14.0
12.0
12.0
29.0
340.0
164.0
823.0
1356.0
585.0
352.0
1143.0
299.0
153.0
804.0
5394.0
5529.0
129.0
162.0
336.0
48.0
28.0
178.0
205.0
192.0
501.0
28.0
73.0
64.0
27.0
128.0
27.0
31.0
18.0
114.0
179.0
874.0
50.0
130.0
66.0
44.0
165.0
217.0
340.0
154.0
166.0
74.0
875.0
152.0
140.0
761.0
38.0
61.0
204.0
94.0
14.0
354.0
124.0
20.0
26.0
32.0
8.0
74.0
276.0
102.0
73.0
89.0
59.0
37.0
88.0
144.0
47.0
27.0
58.0
158.0
105.0
86.0
131.0
48.0
61.0
7.0
1518.0
59.0
111.0
59.0
46.0
639.0
874.0
120.0
1398.0
1079.0
25.0
119.0
117.0
272.0
6784.0
200.0
93.0
167.0
289.0
31.0
281.0
30.0
124.0
256.0
75.0
137.0
797.0
120.0
155.0
422.0
314.0
211.0
70.0
1265.0
123.0
121.0
67.0
92.0
117.0
19.0
256.0
189.0
371.0
159.0
37.0
69.0
53.0
191.0
226.0
322.0
187.0
888.0
1311.0
501.0
1218.0
36.0
511.0
115.0
181.0
48.0
351.0
257.0
401.0
58.0
300.0
228.0
482.0
198.0
1060.0
162.0
355.0
436.0
1347.0
2718.0
1030.0
1052.0
13.0
215.0
512.0
267.0
76.0
240.0
76.0
288.0
13.0
10.0
10.0
11.0
14.0
12.0
14.0
93.0
14.0
12.0
11.0
27.0
348.0
166.0
810.0
1382.0
594.0
340.0
1121.0
276.0
154.0
874.0
5010.0
5961.0
123.0
156.0
336.0
47.0
27.0
180.0
207.0
177.0
523.0
27.0
78.0
65.0
26.0
123.0
28.0
33.0
19.0
113.0
173.0
851.0
53.0
120.0
62.0
44.0
154.0
214.0
320.0
147.0
174.0
71.0
875.0
152.0
146.0
796.0
35.0
64.0
211.0
89.0
14.0
345.0
124.0
20.0
25.0
31.0
8.0
72.0
276.0
105.0
74.0
87.0
56.0
39.0
87.0
146.0
46.0
26.0
58.0
155.0
111.0
80.0
137.0
46.0
65.0
7.0
1581.0
54.0
116.0
58.0
48.0
610.0
813.0
115.0
1317.0
1136.0
24.0
121.0
108.0
255.0
6587.0
214.0
93.0
160.0
279.0
33.0
287.0
29.0
121.0
246.0
75.0
138.0
772.0
121.0
158.0
446.0
326.0
215.0
70.0
1283.0
130.0
122.0
70.0
94.0
121.0
19.0
246.0
203.0
353.0
164.0
37.0
67.0
48.0
192.0
219.0
301.0
199.0
855.0
1318.0
508.0
1247.0
35.0
544.0
115.0
190.0
45.0
337.0
244.0
393.0
59.0
309.0
214.0
462.0
215.0
1083.0
172.0
330.0
430.0
1263.0
2727.0
1103.0
1019.0
13.0
213.0
533.0
279.0
76.0
249.0
80.0
284.0
13.0
10.0
10.0
12.0
14.0
12.0
14.0
99.0
14.0
12.0
12.0
27.0
342.0
172.0
839.0
1330.0
550.0
348.0
1097.0
289.0
150.0
858.0
5498.0
5875.0
121.0
164.0
324.0
49.0
29.0
190.0
210.0
189.0
510.0
27.0
76.0
63.0
26.0
122.0
29.0
32.0
19.0
113.0
170.0
841.0
52.0
119.0
67.0
46.0
165.0
210.0
339.0
140.0
167.0
73.0
856.0
155.0
143.0
783.0
38.0
64.0
195.0
92.0
14.0
330.0
124.0
20.0
24.0
29.0
8.0
71.0
252.0
103.0
69.0
85.0
58.0
41.0
88.0
151.0
48.0
27.0
55.0
160.0
104.0
86.0
138.0
44.0
64.0
7.0
1559.0
56.0
112.0
54.0
44.0
642.0
859.0
114.0
1425.0
1127.0
24.0
119.0
112.0
263.0
6525.0
211.0
99.0
154.0
284.0
33.0
282.0
28.0
121.0
249.0
80.0
136.0
812.0
124.0
146.0
438.0
315.0
216.0
70.0
1246.0
127.0
116.0
67.0
90.0
117.0
19.0
270.0
187.0
339.0
160.0
38.0
66.0
53.0
206.0
233.0
314.0
200.0
840.0
1304.0
471.0
1252.0
34.0
528.0
114.0
190.0
44.0
351.0
254.0
374.0
57.0
297.0
233.0
499.0
214.0
1083.0
161.0
335.0
446.0
1374.0
2653.0
1070.0
1001.0
13.0
231.0
530.0
276.0
69.0
248.0
82.0
294.0
14.0
10.0
10.0
11.0
14.0
12.0
13.0
99.0
14.0
12.0
12.0
29.0
360.0
172.0
839.0
1355.0
555.0
360.0
1167.0
274.0
151.0
813.0
5210.0
5600.0
127.0
158.0
303.0
49.0
29.0
188.0
207.0
186.0
520.0
27.0
76.0
63.0
26.0
116.0
28.0
31.0
19.0
113.0
163.0
899.0
51.0
125.0
65.0
44.0
155.0
217.0
312.0
146.0
160.0
71.0
806.0
165.0
144.0
771.0
38.0
61.0
200.0
96.0
13.0
339.0
123.0
20.0
26.0
32.0
8.0
72.0
275.0
105.0
74.0
90.0
54.0
38.0
83.0
154.0
46.0
27.0
56.0
155.0
100.0
85.0
133.0
45.0
65.0
7.0
1520.0
55.0
111.0
58.0
46.0
619.0
838.0
115.0
1423.0
1146.0
26.0
117.0
119.0
278.0
6213.0
195.0
92.0
153.0
286.0
33.0
273.0
30.0
122.0
245.0
78.0
140.0
809.0
116.0
159.0
460.0
304.0
210.0
71.0
1260.0
123.0
123.0
71.0
93.0
111.0
20.0
270.0
190.0
349.0
158.0
39.0
68.0
52.0
189.0
225.0
301.0
196.0
844.0
1300.0
499.0
1318.0
36.0
554.0
120.0
183.0
47.0
344.0
245.0
367.0
56.0
306.0
233.0
469.0
219.0
1130.0
163.0
354.0
437.0
1398.0
2692.0
1014.0
1006.0
13.0
214.0
526.0
284.0
70.0
239.0
79.0
288.0
14.0
10.0
10.0
11.0
14.0
11.0
14.0
97.0
14.0
12.0
12.0
29.0
347.0
172.0
804.0
1297.0
601.0
331.0
1086.0
300.0
155.0
811.0
5053.0
5553.0
122.0
171.0
320.0
49.0
27.0
191.0
215.0
190.0
511.0
26.0
75.0
65.0
26.0
127.0
28.0
33.0
20.0
116.0
167.0
866.0
52.0
118.0
65.0
46.0
156.0
208.0
311.0
153.0
170.0
72.0
873.0
155.0
139.0
779.0
35.0
66.0
202.0
90.0
13.0
349.0
121.0
20.0
25.0
31.0
8.0
73.0
273.0
108.0
71.0
89.0
57.0
38.0
83.0
152.0
46.0
25.0
53.0
157.0
104.0
87.0
134.0
46.0
64.0
7.0
1658.0
54.0
112.0
56.0
45.0
660.0
849.0
112.0
1412.0
1044.0
25.0
114.0
113.0
262.0
6532.0
205.0
102.0
156.0
292.0
32.0
267.0
29.0
126.0
235.0
82.0
129.0
791.0
122.0
159.0
446.0
329.0
206.0
64.0
1279.0
126.0
125.0
68.0
91.0
120.0
19.0
265.0
205.0
374.0
172.0
38.0
65.0
53.0
204.0
226.0
307.0
187.0
872.0
1277.0
502.0
1222.0
36.0
526.0
112.0
175.0
47.0
328.0
259.0
386.0
58.0
293.0
231.0
503.0
204.0
1129.0
167.0
328.0
431.0
1266.0
2621.0
1104.0
973.0
12.0
218.0
547.0
283.0
76.0
253.0
76.0
274.0
14.0
10.0
10.0
12.0
13.0
12.0
14.0
97.0
14.0
12.0
11.0
29.0
351.0
165.0
814.0
1319.0
599.0
328.0
1142.0
282.0
156.0
799.0
5108.0
5559.0
129.0
166.0
333.0
46.0
27.0
192.0
207.0
177.0
500.0
28.0
73.0
61.0
26.0
125.0
29.0
32.0
20.0
113.0
172.0
890.0
49.0
130.0
66.0
45.0
164.0
211.0
339.0
144.0
169.0
75.0
886.0
153.0
145.0
758.0
36.0
61.0
198.0
96.0
14.0
336.0
123.0
20.0
25.0
30.0
8.0
70.0
276.0
110.0
69.0
84.0
55.0
40.0
83.0
145.0
49.0
27.0
56.0
157.0
101.0
87.0
130.0
44.0
66.0
7.0
1657.0
54.0
115.0
56.0
47.0
626.0
837.0
119.0
1320.0
1087.0
25.0
112.0
109.0
262.0
6302.0
213.0
96.0
167.0
287.0
33.0
270.0
28.0
119.0
243.0
82.0
138.0
772.0
124.0
148.0
457.0
312.0
205.0
66.0
1258.0
129.0
116.0
69.0
94.0
114.0
19.0
261.0
196.0
367.0
172.0
38.0
70.0
51.0
189.0
231.0
302.0
206.0
887.0
1238.0
503.0
1225.0
36.0
545.0
114.0
177.0
47.0
332.0
258.0
364.0
56.0
301.0
233.0
484.0
204.0
1072.0
159.0
338.0
442.0
1264.0
2574.0
1069.0
1048.0
13.0
231.0
517.0
268.0
76.0
247.0
82.0
296.0
14.0
10.0
10.0
11.0
14.0
11.0
14.0
99.0
14.0
12.0
12.0
28.0
352.0
166.0
808.0
1362.0
547.0
347.0
1178.0
279.0
159.0
853.0
5399.0
5761.0
126.0
168.0
331.0
48.0
27.0
188.0
214.0
186.0
512.0
28.0
79.0
64.0
25.0
121.0
28.0
33.0
19.0
112.0
168.0
896.0
49.0
124.0
61.0
44.0
161.0
218.0
340.0
140.0
170.0
69.0
820.0
157.0
152.0
802.0
35.0
63.0
194.0
93.0
14.0
349.0
128.0
19.0
26.0
32.0
8.0
69.0
262.0
111.0
73.0
85.0
55.0
40.0
84.0
145.0
45.0
25.0
55.0
163.0
101.0
84.0
131.0
45.0
64.0
7.0
1652.0
54.0
117.0
57.0
47.0
612.0
826.0
117.0
1385.0
1129.0
25.0
123.0
117.0
272.0
6440.0
208.0
96.0
155.0
272.0
33.0
270.0
29.0
119.0
248.0
77.0
131.0
775.0
116.0
145.0
444.0
302.0
221.0
68.0
1242.0
134.0
127.0
73.0
93.0
118.0
18.0
256.0
206.0
367.0
164.0
38.0
67.0
51.0
203.0
223.0
299.0
194.0
892.0
1328.0
507.0
1315.0
36.0
514.0
110.0
179.0
46.0
337.0
264.0
401.0
58.0
305.0
232.0
474.0
203.0
1119.0
165.0
356.0
436.0
1293.0
2566.0
1048.0
953.0
13.0
214.0
550.0
266.0
71.0
248.0
78.0
293.0
14.0
10.0
10.0
12.0
14.0
11.0
14.0
100.0
13.0
12.0
12.0
28.0
360.0
172.0
809.0
1343.0
563.0
343.0
1160.0
277.0
152.0
843.0
5285.0
5759.0
131.0
165.0
333.0
51.0
28.0
177.0
224.0
184.0
497.0
28.0
79.0
63.0
27.0
122.0
28.0
32.0
19.0
108.0
179.0
831.0
49.0
124.0
61.0
46.0
151.0
214.0
341.0
152.0
175.0
74.0
875.0
152.0
141.0
746.0
35.0
66.0
202.0
91.0
14.0
350.0
129.0
20.0
25.0
32.0
8.0
73.0
253.0
103.0
71.0
88.0
56.0
40.0
88.0
140.0
48.0
26.0
58.0
162.0
105.0
80.0
129.0
48.0
65.0
7.0
1578.0
58.0
112.0
58.0
45.0
642.0
867.0
116.0
1434.0
1061.0
26.0
112.0
108.0
257.0
6502.0
204.0
95.0
161.0
277.0
32.0
268.0
28.0
121.0
236.0
80.0
140.0
798.0
116.0
150.0
442.0
315.0
204.0
66.0
1278.0
134.0
124.0
71.0
87.0
118.0
20.0
265.0
190.0
365.0
174.0
36.0
66.0
51.0
197.0
222.0
306.0
194.0
883.0
1208.0
487.0
1284.0
36.0
542.0
116.0
178.0
45.0
333.0
252.0
385.0
55.0
304.0
232.0
480.0
213.0
1139.0
158.0
354.0
405.0
1363.0
2652.0
1055.0
1043.0
12.0
225.0
530.0
287.0
70.0
251.0
78.0
282.0
14.0
10.0
10.0
12.0
13.0
11.0
14.0
97.0
13.0
12.0
12.0
29.0
348.0
172.0
838.0
1289.0
579.0
360.0
1178.0
283.0
151.0
876.0
5455.0
5960.0
128.0
161.0
336.0
48.0
27.0
186.0
210.0
184.0
502.0
27.0
72.0
66.0
26.0
118.0
28.0
32.0
18.0
109.0
173.0
818.0
48.0
129.0
62.0
44.0
153.0
201.0
314.0
143.0
160.0
72.0
838.0
163.0
144.0
803.0
35.0
61.0
214.0
97.0
13.0
349.0
124.0
21.0
26.0
29.0
8.0
74.0
268.0
104.0
71.0
83.0
55.0
40.0
84.0
141.0
49.0
27.0
56.0
154.0
109.0
86.0
133.0
48.0
67.0
7.0
1589.0
56.0
118.0
56.0
44.0
633.0
865.0
119.0
1346.0
1138.0
24.0
120.0
111.0
252.0
6784.0
209.0
100.0
160.0
299.0
31.0
287.0
29.0
125.0
257.0
77.0
133.0
763.0
120.0
152.0
431.0
313.0
207.0
68.0
1237.0
133.0
126.0
68.0
92.0
122.0
19.0
271.0
190.0
359.0
162.0
36.0
67.0
50.0
203.0
241.0
296.0
203.0
881.0
1234.0
505.0
1306.0
36.0
517.0
117.0
187.0
47.0
324.0
266.0
383.0
59.0
304.0
228.0
479.0
209.0
1047.0
158.0
338.0
427.0
1344.0
2619.0
1005.0
1036.0
13.0
223.0
552.0
272.0
71.0
237.0
80.0
281.0
14.0
10.0
10.0
12.0
14.0
12.0
14.0
98.0
13.0
11.0
12.0
29.0
339.0
170.0
830.0
1326.0
588.0
342.0
1100.0
293.0
148.0
856.0
5054.0
5689.0
120.0
166.0
310.0
50.0
29.0
185.0
224.0
195.0
515.0
28.0
77.0
62.0
27.0
127.0
28.0
32.0
20.0
118.0
170.0
827.0
50.0
130.0
63.0
43.0
167.0
211.0
337.0
150.0
165.0
70.0
800.0
162.0
149.0
730.0
38.0
60.0
204.0
90.0
14.0
331.0
126.0
20.0
24.0
31.0
8.0
71.0
254.0
112.0
71.0
85.0
56.0
39.0
83.0
154.0
48.0
25.0
55.0
155.0
101.0
86.0
128.0
48.0
65.0
7.0
1612.0
59.0
110.0
59.0
46.0
603.0
803.0
117.0
1383.0
1067.0
24.0
113.0
112.0
272.0
6698.0
204.0
99.0
157.0
299.0
31.0
276.0
28.0
127.0
249.0
81.0
129.0
759.0
118.0
144.0
426.0
301.0
211.0
64.0
1281.0
131.0
119.0
72.0
88.0
116.0
18.0
272.0
196.0
349.0
168.0
37.0
70.0
52.0
187.0
228.0
320.0
193.0
847.0
1305.0
491.0
1281.0
34.0
553.0
113.0
192.0
47.0
319.0
265.0
383.0
56.0
312.0
223.0
497.0
214.0
1042.0
156.0
342.0
433.0
1312.0
2667.0
1042.0
970.0
12.0
210.0
520.0
293.0
72.0
229.0
77.0
299.0
13.0
10.0
10.0
12.0
14.0
12.0
14.0
92.0
14.0
12.0
12.0
29.0
348.0
163.0
839.0
1331.0
542.0
332.0
1180.0
281.0
148.0
862.0
5372.0
5960.0
126.0
165.0
335.0
48.0
29.0
184.0
212.0
180.0
513.0
27.0
73.0
67.0
27.0
124.0
29.0
33.0
19.0
119.0
168.0
840.0
53.0
130.0
61.0
42.0
163.0
216.0
328.0
142.0
170.0
71.0
820.0
152.0
144.0
746.0
35.0
64.0
202.0
92.0
14.0
342.0
119.0
20.0
25.0
30.0
8.0
75.0
250.0
109.0
70.0
90.0
57.0
41.0
82.0
150.0
45.0
27.0
55.0
156.0
102.0
81.0
128.0
44.0
64.0
7.0
1635.0
56.0
108.0
55.0
47.0
655.0
854.0
116.0
1392.0
1153.0
24.0
113.0
113.0
263.0
6776.0
197.0
93.0
164.0
273.0
33.0
270.0
29.0
125.0
243.0
81.0
141.0
820.0
119.0
145.0
439.0
312.0
222.0
68.0
1173.0
129.0
120.0
69.0
91.0
121.0
19.0
271.0
188.0
361.0
171.0
36.0
67.0
53.0
196.0
231.0
309.0
193.0
813.0
1288.0
471.0
1244.0
36.0
542.0
109.0
188.0
48.0
320.0
256.0
381.0
60.0
315.0
214.0
470.0
204.0
1095.0
156.0
353.0
423.0
1280.0
2736.0
1053.0
1054.0
12.0
227.0
505.0
267.0
69.0
235.0
80.0
272.0
14.0
10.0
10.0
12.0
14.0
12.0
14.0
99.0
14.0
12.0
11.0
28.0
358.0
172.0
798.0
1346.0
596.0
354.0
1131.0
286.0
154.0
799.0
5178.0
5710.0
119.0
167.0
320.0
47.0
28.0
179.0
207.0
181.0
520.0
27.0
78.0
67.0
25.0
121.0
28.0
32.0
18.0
119.0
179.0
818.0
53.0
131.0
65.0
46.0
152.0
202.0
332.0
145.0
168.0
75.0
849.0
159.0
152.0
754.0
35.0
66.0
197.0
98.0
14.0
340.0
117.0
19.0
24.0
31.0
8.0
76.0
275.0
103.0
70.0
91.0
54.0
41.0
85.0
154.0
49.0
27.0
55.0
155.0
103.0
87.0
128.0
45.0
62.0
7.0
1515.0
56.0
117.0
57.0
44.0
649.0
810.0
116.0
1375.0
1085.0
26.0
119.0
118.0
271.0
6721.0
199.0
100.0
154.0
273.0
33.0
261.0
28.0
121.0
236.0
82.0
134.0
762.0
120.0
150.0
430.0
326.0
208.0
67.0
1174.0
132.0
127.0
72.0
87.0
111.0
20.0
268.0
199.0
342.0
174.0
39.0
68.0
53.0
198.0
223.0
308.0
202.0
813.0
1247.0
497.0
1306.0
33.0
557.0
120.0
184.0
44.0
322.0
248.0
401.0
59.0
306.0
224.0
482.0
213.0
1133.0
159.0
325.0
414.0
1303.0
2642.0
1073.0
1002.0
13.0
211.0
513.0
268.0
76.0
231.0
79.0
284.0
14.0
10.0
10.0
12.0
14.0
12.0
14.0
97.0
14.0
12.0
11.0
28.0
357.0
164.0
761.0
1384.0
570.0
358.0
1086.0
284.0
144.0
799.0
5481.0
5765.0
126.0
159.0
321.0
50.0
27.0
179.0
219.0
196.0
495.0
28.0
79.0
62.0
27.0
121.0
27.0
31.0
20.0
113.0
165.0
843.0
48.0
125.0
65.0
43.0
159.0
212.0
327.0
149.0
168.0
69.0
856.0
155.0
139.0
738.0
36.0
62.0
215.0
93.0
14.0
324.0
122.0
21.0
26.0
31.0
8.0
74.0
275.0
105.0
68.0
88.0
57.0
38.0
81.0
150.0
45.0
26.0
54.0
157.0
105.0
79.0
139.0
48.0
67.0
7.0
1519.0
58.0
111.0
54.0
44.0
596.0
824.0
116.0
1351.0
1103.0
25.0
111.0
110.0
267.0
6535.0
197.0
94.0
160.0
298.0
33.0
285.0
29.0
124.0
244.0
82.0
130.0
784.0
113.0
155.0
461.0
314.0
221.0
70.0
1249.0
131.0
125.0
73.0
89.0
122.0
20.0
253.0
198.0
369.0
163.0
37.0
66.0
52.0
203.0
218.0
315.0
196.0
895.0
1309.0
473.0
1332.0
33.0
518.0
113.0
183.0
48.0
338.0
267.0
391.0
61.0
302.0
231.0
459.0
205.0
1089.0
168.0
344.0
428.0
1380.0
2728.0
1051.0
962.0
13.0
233.0
528.0
271.0
75.0
240.0
82.0
288.0
14.0
10.0
10.0
11.0
13.0
12.0
14.0
100.0
14.0
11.0
11.0
29.0
370.0
172.0
832.0
1389.0
571.0
360.0
1158.0
287.0
148.0
796.0
5197.0
5976.0
129.0
169.0
321.0
49.0
29.0
182.0
213.0
189.0
516.0
28.0
75.0
64.0
25.0
120.0
28.0
30.0
20.0
111.0
176.0
888.0
53.0
128.0
67.0
45.0
154.0
209.0
321.0
155.0
160.0
72.0
838.0
162.0
147.0
780.0
38.0
62.0
198.0
94.0
13.0
351.0
123.0
20.0
26.0
31.0
8.0
74.0
265.0
112.0
73.0
86.0
58.0
41.0
82.0
153.0
49.0
25.0
55.0
155.0
103.0
86.0
128.0
47.0
63.0
7.0
1630.0
57.0
115.0
58.0
48.0
609.0
822.0
113.0
1355.0
1070.0
25.0
120.0
115.0
274.0
6213.0
215.0
94.0
164.0
270.0
31.0
280.0
29.0
123.0
239.0
82.0
131.0
806.0
123.0
150.0
421.0
310.0
224.0
65.0
1253.0
123.0
119.0
68.0
93.0
111.0
20.0
253.0
192.0
366.0
158.0
38.0
71.0
52.0
206.0
227.0
318.0
186.0
854.0
1319.0
500.0
1328.0
33.0
510.0
119.0
191.0
46.0
320.0
270.0
395.0
58.0
297.0
219.0
502.0
203.0
1071.0
170.0
336.0
431.0
1371.0
2646.0
1083.0
979.0
12.0
211.0
512.0
295.0
70.0
248.0
80.0
297.0
14.0
10.0
10.0
11.0
14.0
12.0
14.0
99.0
13.0
11.0
11.0
29.0
338.0
167.0
830.0
1280.0
586.0
355.0
1167.0
278.0
146.0
791.0
5243.0
5911.0
129.0
171.0
322.0
47.0
28.0
175.0
206.0
195.0
527.0
28.0
77.0
63.0
26.0
127.0
27.0
31.0
18.0
116.0
172.0
820.0
52.0
128.0
64.0
45.0
166.0
220.0
333.0
150.0
172.0
69.0
868.0
157.0
139.0
781.0
38.0
64.0
195.0
96.0
14.0
331.0
121.0
21.0
24.0
32.0
8.0
75.0
255.0
103.0
68.0
87.0
57.0
37.0
86.0
150.0
47.0
25.0
53.0
155.0
104.0
85.0
136.0
47.0
63.0
7.0
1563.0
56.0
118.0
58.0
44.0
654.0
802.0
114.0
1437.0
1093.0
24.0
123.0
116.0
267.0
6568.0
197.0
95.0
156.0
292.0
33.0
280.0
30.0
125.0
248.0
81.0
128.0
791.0
115.0
145.0
428.0
315.0
205.0
67.0
1200.0
127.0
120.0
66.0
94.0
120.0
20.0
254.0
204.0
375.0
167.0
36.0
66.0
50.0
187.0
233.0
296.0
189.0
817.0
1251.0
519.0
1321.0
33.0
530.0
111.0
183.0
48.0
328.0
253.0
375.0
57.0
292.0
233.0
462.0
211.0
1098.0
156.0
327.0
429.0
1399.0
2546.0
1091.0
959.0
12.0
230.0
509.0
281.0
76.0
240.0
82.0
284.0
14.0
10.0
10.0
11.0
13.0
12.0
13.0
100.0
14.0
11.0
11.0
27.0
371.0
172.0
805.0
1367.0
592.0
358.0
1159.0
300.0
151.0
796.0
5024.0
5688.0
123.0
173.0
307.0
46.0
27.0
184.0
225.0
187.0
505.0
26.0
76.0
65.0
26.0
120.0
28.0
31.0
20.0
114.0
173.0
834.0
49.0
123.0
66.0
43.0
160.0
205.0
321.0
150.0
172.0
75.0
816.0
152.0
143.0
800.0
36.0
61.0
204.0
90.0
13.0
341.0
124.0
19.0
25.0
29.0
8.0
70.0
252.0
109.0
70.0
90.0
54.0
38.0
85.0
142.0
48.0
26.0
58.0
157.0
100.0
85.0
137.0
46.0
65.0
7.0
1619.0
57.0
111.0
57.0
48.0
643.0
836.0
114.0
1426.0
1132.0
24.0
112.0
108.0
258.0
6371.0
207.0
102.0
151.0
299.0
30.0
265.0
29.0
123.0
249.0
79.0
130.0
823.0
117.0
159.0
422.0
315.0
210.0
66.0
1266.0
131.0
115.0
73.0
94.0
114.0
19.0
270.0
187.0
358.0
171.0
36.0
68.0
53.0
196.0
242.0
297.0
198.0
820.0
1277.0
499.0
1350.0
36.0
514.0
115.0
191.0
46.0
319.0
264.0
369.0
61.0
306.0
223.0
457.0
211.0
1069.0
170.0
341.0
422.0
1347.0
2742.0
1089.0
958.0
12.0
212.0
523.0
293.0
76.0
253.0
79.0
297.0
14.0
10.0
10.0
12.0
13.0
12.0
14.0
94.0
13.0
12.0
11.0
28.0
375.0
173.0
791.0
1336.0
554.0
354.0
1086.0
289.0
154.0
792.0
5223.0
5563.0
123.0
169.0
309.0
48.0
28.0
191.0
207.0
183.0
515.0
26.0
76.0
62.0
26.0
126.0
29.0
32.0
19.0
113.0
174.0
827.0
51.0
124.0
64.0
46.0
156.0
220.0
335.0
148.0
168.0
72.0
834.0
156.0
143.0
755.0
37.0
65.0
210.0
97.0
14.0
325.0
121.0
20.0
25.0
30.0
8.0
71.0
275.0
102.0
69.0
85.0
58.0
40.0
81.0
147.0
48.0
26.0
55.0
161.0
102.0
85.0
132.0
44.0
62.0
7.0
1576.0
57.0
116.0
56.0
46.0
622.0
829.0
113.0
1410.0
1085.0
24.0
119.0
116.0
272.0
6209.0
209.0
97.0
162.0
285.0
33.0
276.0
28.0
130.0
243.0
81.0
137.0
810.0
118.0
149.0
454.0
303.0
211.0
69.0
1209.0
133.0
118.0
68.0
89.0
120.0
19.0
249.0
205.0
340.0
167.0
39.0
69.0
53.0
199.0
228.0
308.0
195.0
855.0
1311.0
474.0
1264.0
36.0
521.0
118.0
183.0
48.0
332.0
262.0
385.0
58.0
313.0
229.0
475.0
204.0
1031.0
158.0
356.0
423.0
1393.0
2693.0
1086.0
981.0
12.0
216.0
520.0
283.0
76.0
246.0
77.0
302.0
14.0
10.0
10.0
12.0
14.0
12.0
13.0
93.0
14.0
12.0
12.0
27.0
344.0
167.0
798.0
1346.0
584.0
362.0
1173.0
276.0
159.0
794.0
5026.0
6001.0
131.0
172.0
317.0
50.0
27.0
194.0
222.0
184.0
511.0
26.0
72.0
65.0
26.0
126.0
28.0
32.0
20.0
109.0
166.0
840.0
52.0
131.0
61.0
46.0
151.0
206.0
316.0
140.0
159.0
69.0
879.0
168.0
140.0
768.0
37.0
62.0
211.0
89.0
14.0
330.0
123.0
21.0
26.0
31.0
8.0
72.0
261.0
105.0
74.0
83.0
56.0
38.0
88.0
145.0
45.0
25.0
57.0
162.0
107.0
79.0
139.0
44.0
63.0
7.0
1656.0
56.0
116.0
58.0
45.0
614.0
829.0
119.0
1316.0
1053.0
26.0
112.0
113.0
259.0
6380.0
208.0
101.0
153.0
292.0
33.0
265.0
28.0
128.0
253.0
78.0
140.0
790.0
113.0
153.0
421.0
306.0
217.0
71.0
1229.0
121.0
115.0
73.0
91.0
122.0
20.0
260.0
197.0
354.0
159.0
38.0
68.0
50.0
193.0
231.0
315.0
196.0
899.0
1260.0
483.0
1251.0
35.0
549.0
119.0
183.0
47.0
335.0
247.0
393.0
57.0
291.0
224.0
466.0
206.0
1097.0
168.0
347.0
444.0
1279.0
2704.0
1044.0
1006.0
12.0
214.0
515.0
282.0
71.0
247.0
82.0
289.0
14.0
9.0
10.0
12.0
14.0
12.0
13.0
92.0
13.0
12.0
12.0
27.0
350.0
163.0
809.0
1282.0
571.0
349.0
1182.0
277.0
155.0
868.0
5195.0
5926.0
123.0
168.0
309.0
48.0
29.0
186.0
223.0
178.0
494.0
27.0
72.0
61.0
26.0
119.0
29.0
33.0
19.0
117.0
176.0
843.0
53.0
126.0
63.0
46.0
164.0
212.0
339.0
152.0
160.0
69.0
818.0
164.0
148.0
771.0
35.0
60.0
211.0
98.0
13.0
346.0
127.0
21.0
24.0
32.0
8.0
73.0
255.0
111.0
73.0
87.0
58.0
40.0
87.0
153.0
46.0
26.0
54.0
152.0
109.0
83.0
129.0
45.0
66.0
7.0
1509.0
56.0
116.0
58.0
46.0
646.0
852.0
120.0
1342.0
1145.0
24.0
115.0
109.0
263.0
6165.0
201.0
98.0
159.0
297.0
30.0
287.0
27.0
125.0
239.0
75.0
135.0
750.0
114.0
145.0
439.0
324.0
210.0
67.0
1198.0
125.0
120.0
68.0
86.0
111.0
20.0
256.0
200.0
351.0
163.0
38.0
71.0
53.0
204.0
237.0
305.0
189.0
821.0
1225.0
475.0
1253.0
35.0
560.0
112.0
178.0
45.0
335.0
260.0
401.0
61.0
290.0
228.0
465.0
219.0
1032.0
157.0
326.0
422.0
1302.0
2664.0
1100.0
993.0
13.0
216.0
510.0
270.0
71.0
232.0
81.0
282.0
13.0
9.0
10.0
12.0
14.0
12.0
13.0
93.0
13.0
12.0
12.0
29.0
367.0
161.0
824.0
1370.0
545.0
356.0
1094.0
288.0
159.0
792.0
5397.0
6019.0
119.0
157.0
308.0
50.0
29.0
189.0
213.0
190.0
504.0
28.0
77.0
63.0
26.0
124.0
29.0
33.0
19.0
114.0
169.0
877.0
52.0
128.0
62.0
42.0
152.0
202.0
342.0
151.0
171.0
72.0
887.0
167.0
150.0
788.0
35.0
66.0
206.0
93.0
14.0
348.0
117.0
21.0
25.0
32.0
8.0
73.0
274.0
104.0
73.0
84.0
55.0
41.0
85.0
140.0
48.0
25.0
58.0
160.0
107.0
84.0
130.0
47.0
67.0
7.0
1523.0
55.0
118.0
56.0
48.0
621.0
875.0
118.0
1409.0
1141.0
26.0
116.0
117.0
263.0
6501.0
203.0
96.0
156.0
295.0
33.0
276.0
29.0
118.0
239.0
79.0
141.0
813.0
117.0
154.0
451.0
329.0
214.0
70.0
1236.0
123.0
117.0
67.0
90.0
114.0
19.0
272.0
200.0
352.0
172.0
37.0
66.0
48.0
195.0
234.0
309.0
197.0
829.0
1316.0
487.0
1343.0
34.0
548.0
119.0
191.0
44.0
321.0
258.0
383.0
61.0
316.0
221.0
505.0
217.0
1073.0
168.0
322.0
446.0
1273.0
2760.0
1084.0
1026.0
12.0
216.0
558.0
287.0
69.0
242.0
74.0
292.0
13.0
10.0
10.0
12.0
14.0
12.0
14.0
93.0
14.0
11.0
12.0
29.0
375.0
163.0
840.0
1374.0
560.0
347.0
1133.0
297.0
158.0
839.0
5277.0
5995.0
129.0
162.0
304.0
50.0
29.0
180.0
223.0
181.0
530.0
27.0
77.0
65.0
25.0
120.0
28.0
33.0
20.0
114.0
166.0
860.0
49.0
124.0
61.0
46.0
161.0
200.0
325.0
141.0
160.0
69.0
879.0
154.0
145.0
780.0
38.0
65.0
210.0
96.0
14.0
330.0
127.0
20.0
24.0
32.0
8.0
76.0
268.0
103.0
68.0
85.0
56.0
39.0
89.0
146.0
47.0
27.0
57.0
161.0
108.0
82.0
128.0
47.0
66.0
7.0
1632.0
58.0
110.0
57.0
45.0
656.0
794.0
118.0
1310.0
1058.0
26.0
117.0
108.0
267.0
6606.0
195.0
100.0
162.0
297.0
31.0
288.0
27.0
129.0
244.0
81.0
140.0
830.0
116.0
156.0
445.0
309.0
215.0
65.0
1271.0
127.0
119.0
67.0
91.0
120.0
18.0
257.0
203.0
339.0
167.0
36.0
71.0
53.0
188.0
224.0
315.0
202.0
854.0
1215.0
472.0
1282.0
36.0
536.0
117.0
190.0
46.0
323.0
248.0
389.0
61.0
289.0
232.0
497.0
200.0
1106.0
164.0
347.0
438.0
1315.0
2560.0
1046.0
966.0
13.0
214.0
522.0
286.0
70.0
251.0
78.0
288.0
13.0
10.0
10.0
12.0
14.0
12.0
14.0
91.0
13.0
12.0
12.0
28.0
362.0
156.0
768.0
1358.0
555.0
361.0
1191.0
297.0
154.0
790.0
5121.0
5460.0
119.0
169.0
317.0
48.0
27.0
194.0
223.0
191.0
492.0
26.0
76.0
61.0
27.0
128.0
27.0
33.0
19.0
118.0
162.0
843.0
50.0
130.0
66.0
44.0
160.0
217.0
314.0
146.0
168.0
71.0
813.0
160.0
152.0
787.0
35.0
63.0
201.0
91.0
14.0
353.0
127.0
21.0
26.0
32.0
8.0
76.0
256.0
110.0
73.0
83.0
54.0
40.0
85.0
149.0
48.0
25.0
54.0
156.0
109.0
80.0
129.0
46.0
62.0
7.0
1520.0
55.0
116.0
55.0
48.0
658.0
795.0
115.0
1380.0
1152.0
24.0
119.0
109.0
259.0
6545.0
211.0
98.0
165.0
288.0
30.0
277.0
28.0
118.0
234.0
75.0
141.0
775.0
124.0
154.0
463.0
305.0
209.0
69.0
1226.0
132.0
121.0
67.0
91.0
116.0
20.0
262.0
200.0
359.0
162.0
37.0
70.0
53.0
202.0
230.0
299.0
188.0
832.0
1215.0
169.0
161.0
143.0
136.0
397.0
145.0
158.0
157.0
176.0
150.0
173.0
160.0
144.0
146.0
159.0
165.0
136.0
163.0
136.0
159.0
171.0
139.0
134.0
491.0
161.0
147.0
172.0
155.0
166.0
144.0
150.0
394.0
451.0
437.0
411.0
442.0
460.0
377.0
406.0
427.0
420.0
460.0
452.0
171.0
162.0
171.0
131.0
141.0
152.0
136.0
148.0
480.0
141.0
156.0
165.0
130.0
144.0
172.0
148.0
154.0
150.0
161.0
153.0
132.0
151.0
177.0
150.0
124.0
152.0
131.0
379.0
132.0
175.0
168.0
388.0
132.0
168.0
160.0
170.0
136.0
143.0
158.0
172.0
171.0
146.0
154.0
167.0
163.0
457.0
153.0
146.0
427.0
166.0
400.0
131.0
459.0
132.0
150.0
171.0
134.0
136.0
142.0
173.0
169.0
173.0
158.0
145.0
144.0
157.0
175.0
138.0
164.0
389.0
130.0
133.0
165.0
139.0
175.0
389.0
156.0
147.0
143.0
142.0
459.0
137.0
158.0
151.0
160.0
160.0
159.0
166.0
160.0
485.0
170.0
460.0
490.0
387.0
142.0
450.0
396.0
453.0
462.0
451.0
376.0
389.0
475.0
391.0
478.0
491.0
422.0
382.0
367.0
170.0
145.0
149.0
149.0
149.0
158.0
171.0
143.0
143.0
165.0
136.0
387.0
458.0
400.0
486.0
478.0
414.0
165.0
167.0
167.0
196.0
179.0
174.0
168.0
459.0
172.0
156.0
156.0
132.0
173.0
137.0
138.0
132.0
148.0
135.0
142.0
169.0
154.0
143.0
170.0
134.0
131.0
175.0
390.0
140.0
142.0
142.0
172.0
176.0
155.0
144.0
445.0
451.0
442.0
424.0
420.0
480.0
463.0
424.0
444.0
389.0
390.0
395.0
142.0
143.0
155.0
170.0
140.0
150.0
153.0
167.0
363.0
149.0
152.0
153.0
131.0
134.0
144.0
132.0
174.0
148.0
140.0
132.0
132.0
147.0
145.0
149.0
124.0
156.0
162.0
436.0
131.0
169.0
171.0
382.0
153.0
151.0
169.0
149.0
131.0
135.0
140.0
159.0
150.0
176.0
150.0
144.0
153.0
385.0
145.0
150.0
377.0
141.0
387.0
145.0
429.0
147.0
141.0
140.0
138.0
156.0
133.0
171.0
161.0
176.0
163.0
147.0
157.0
137.0
174.0
113.0
130.0
458.0
157.0
149.0
156.0
130.0
143.0
424.0
159.0
158.0
150.0
147.0
419.0
152.0
144.0
171.0
144.0
165.0
175.0
164.0
166.0
474.0
140.0
374.0
477.0
446.0
152.0
418.0
425.0
484.0
471.0
441.0
443.0
404.0
406.0
406.0
384.0
424.0
379.0
457.0
397.0
174.0
153.0
174.0
151.0
152.0
155.0
139.0
139.0
144.0
167.0
151.0
442.0
445.0
488.0
436.0
383.0
466.0
155.0
174.0
130.0
171.0
172.0
165.0
135.0
398.0
166.0
139.0
133.0
134.0
150.0
160.0
166.0
148.0
167.0
149.0
173.0
144.0
160.0
162.0
138.0
165.0
150.0
157.0
428.0
154.0
142.0
157.0
171.0
158.0
157.0
172.0
431.0
389.0
369.0
377.0
400.0
419.0
412.0
452.0
469.0
450.0
448.0
461.0
160.0
173.0
165.0
149.0
150.0
166.0
165.0
161.0
489.0
171.0
156.0
142.0
144.0
165.0
177.0
152.0
168.0
159.0
136.0
159.0
155.0
160.0
160.0
146.0
113.0
143.0
150.0
417.0
140.0
135.0
173.0
459.0
136.0
148.0
152.0
136.0
135.0
161.0
134.0
163.0
166.0
160.0
152.0
162.0
156.0
390.0
152.0
168.0
485.0
171.0
406.0
137.0
415.0
146.0
166.0
148.0
133.0
133.0
164.0
139.0
138.0
161.0
162.0
156.0
131.0
166.0
154.0
128.0
140.0
469.0
163.0
162.0
176.0
149.0
170.0
400.0
135.0
165.0
139.0
153.0
485.0
131.0
156.0
141.0
176.0
161.0
162.0
157.0
154.0
369.0
139.0
380.0
386.0
366.0
147.0
442.0
385.0
400.0
429.0
487.0
475.0
411.0
483.0
485.0
449.0
370.0
406.0
476.0
468.0
141.0
150.0
175.0
176.0
159.0
132.0
154.0
142.0
166.0
168.0
170.0
445.0
431.0
442.0
461.0
371.0
430.0
132.0
173.0
139.0
180.0
194.0
149.0
157.0
477.0
137.0
151.0
148.0
136.0
138.0
165.0
135.0
165.0
176.0
145.0
147.0
133.0
160.0
166.0
133.0
170.0
152.0
168.0
419.0
133.0
135.0
140.0
160.0
141.0
134.0
141.0
385.0
438.0
490.0
451.0
377.0
415.0
437.0
370.0
469.0
370.0
484.0
491.0
168.0
161.0
161.0
156.0
134.0
131.0
145.0
174.0
450.0
140.0
153.0
174.0
147.0
164.0
133.0
152.0
144.0
140.0
167.0
141.0
141.0
145.0
171.0
170.0
150.0
167.0
159.0
424.0
144.0
139.0
133.0
417.0
160.0
176.0
138.0
157.0
157.0
146.0
175.0
149.0
150.0
153.0
175.0
168.0
174.0
363.0
156.0
148.0
466.0
159.0
372.0
163.0
397.0
153.0
171.0
157.0
130.0
166.0
169.0
155.0
161.0
134.0
165.0
174.0
175.0
143.0
157.0
131.0
145.0
410.0
174.0
133.0
154.0
166.0
164.0
375.0
147.0
141.0
134.0
170.0
457.0
167.0
134.0
157.0
155.0
167.0
166.0
134.0
147.0
371.0
149.0
416.0
464.0
443.0
142.0
442.0
407.0
494.0
370.0
454.0
436.0
491.0
470.0
434.0
434.0
459.0
391.0
479.0
403.0
159.0
143.0
134.0
146.0
154.0
174.0
141.0
147.0
134.0
142.0
148.0
469.0
443.0
470.0
442.0
383.0
367.0
173.0
165.0
146.0
182.0
181.0
132.0
171.0
476.0
175.0
142.0
137.0
170.0
175.0
164.0
150.0
146.0
151.0
162.0
137.0
136.0
144.0
156.0
169.0
160.0
167.0
149.0
435.0
163.0
158.0
141.0
166.0
144.0
154.0
140.0
372.0
427.0
402.0
367.0
484.0
441.0
392.0
458.0
469.0
433.0
404.0
475.0
134.0
170.0
146.0
163.0
155.0
164.0
131.0
137.0
399.0
138.0
134.0
139.0
172.0
136.0
171.0
139.0
158.0
136.0
136.0
151.0
171.0
162.0
166.0
172.0
112.0
169.0
159.0
435.0
144.0
141.0
136.0
398.0
132.0
173.0
166.0
130.0
151.0
139.0
174.0
152.0
137.0
130.0
169.0
132.0
169.0
410.0
135.0
138.0
399.0
136.0
457.0
162.0
493.0
149.0
130.0
167.0
169.0
148.0
175.0
163.0
153.0
164.0
148.0
177.0
130.0
167.0
140.0
123.0
135.0
430.0
145.0
174.0
157.0
145.0
145.0
445.0
166.0
160.0
162.0
177.0
469.0
132.0
165.0
135.0
139.0
158.0
152.0
131.0
132.0
436.0
151.0
446.0
364.0
370.0
168.0
380.0
415.0
426.0
439.0
396.0
431.0
472.0
456.0
389.0
487.0
392.0
389.0
385.0
385.0
141.0
159.0
161.0
138.0
169.0
171.0
131.0
153.0
172.0
162.0
133.0
367.0
373.0
426.0
416.0
466.0
486.0
157.0
134.0
175.0
192.0
193.0
167.0
144.0
445.0
152.0
138.0
162.0
174.0
175.0
160.0
137.0
155.0
140.0
153.0
131.0
170.0
161.0
174.0
164.0
173.0
166.0
170.0
417.0
149.0
137.0
172.0
168.0
164.0
131.0
164.0
414.0
398.0
394.0
379.0
390.0
481.0
425.0
398.0
475.0
485.0
460.0
476.0
139.0
139.0
160.0
147.0
144.0
131.0
134.0
168.0
395.0
145.0
143.0
168.0
169.0
171.0
132.0
174.0
164.0
162.0
136.0
152.0
133.0
130.0
131.0
175.0
147.0
143.0
166.0
434.0
169.0
136.0
173.0
454.0
168.0
144.0
163.0
170.0
175.0
130.0
149.0
136.0
159.0
130.0
162.0
135.0
156.0
464.0
164.0
151.0
432.0
133.0
416.0
153.0
443.0
135.0
175.0
160.0
150.0
139.0
142.0
168.0
174.0
131.0
165.0
138.0
137.0
158.0
149.0
123.0
153.0
401.0
158.0
137.0
138.0
143.0
136.0
472.0
136.0
156.0
157.0
158.0
392.0
144.0
145.0
172.0
160.0
140.0
159.0
145.0
136.0
377.0
142.0
478.0
376.0
475.0
134.0
450.0
455.0
432.0
456.0
365.0
459.0
417.0
383.0
490.0
470.0
487.0
377.0
493.0
371.0
130.0
146.0
131.0
151.0
138.0
135.0
168.0
146.0
155.0
169.0
136.0
374.0
432.0
396.0
442.0
434.0
457.0
177.0
132.0
173.0
178.0
154.0
156.0
151.0
372.0
162.0
164.0
153.0
156.0
131.0
170.0
150.0
149.0
167.0
172.0
137.0
175.0
149.0
160.0
139.0
133.0
149.0
142.0
474.0
143.0
156.0
136.0
148.0
167.0
148.0
170.0
482.0
477.0
374.0
455.0
491.0
406.0
445.0
466.0
366.0
427.0
487.0
490.0
156.0
158.0
150.0
134.0
140.0
156.0
169.0
135.0
440.0
163.0
166.0
140.0
134.0
159.0
170.0
130.0
146.0
151.0
165.0
149.0
131.0
148.0
148.0
161.0
148.0
164.0
168.0
470.0
160.0
137.0
137.0
418.0
163.0
141.0
133.0
151.0
139.0
162.0
165.0
154.0
152.0
149.0
158.0
173.0
145.0
412.0
177.0
147.0
415.0
151.0
457.0
131.0
446.0
134.0
176.0
145.0
163.0
151.0
139.0
177.0
163.0
136.0
175.0
173.0
164.0
175.0
159.0
143.0
170.0
365.0
169.0
167.0
132.0
149.0
156.0
476.0
149.0
137.0
157.0
132.0
412.0
130.0
166.0
134.0
160.0
155.0
134.0
143.0
152.0
428.0
152.0
387.0
407.0
407.0
136.0
494.0
446.0
418.0
441.0
381.0
489.0
407.0
462.0
463.0
411.0
399.0
470.0
399.0
410.0
152.0
158.0
167.0
162.0
133.0
173.0
145.0
141.0
131.0
167.0
133.0
422.0
473.0
469.0
369.0
373.0
379.0
169.0
135.0
147.0
185.0
199.0
173.0
168.0
455.0
171.0
141.0
134.0
136.0
169.0
144.0
174.0
170.0
136.0
147.0
175.0
148.0
142.0
170.0
156.0
162.0
159.0
144.0
467.0
156.0
146.0
140.0
156.0
155.0
177.0
172.0
413.0
470.0
392.0
494.0
488.0
443.0
474.0
387.0
364.0
469.0
492.0
379.0
144.0
134.0
130.0
163.0
159.0
162.0
168.0
148.0
393.0
160.0
142.0
171.0
137.0
177.0
131.0
152.0
136.0
147.0
138.0
138.0
146.0
130.0
140.0
176.0
146.0
135.0
144.0
478.0
169.0
176.0
136.0
379.0
162.0
145.0
149.0
138.0
164.0
172.0
175.0
149.0
139.0
139.0
140.0
175.0
148.0
490.0
137.0
170.0
436.0
148.0
384.0
144.0
459.0
169.0
157.0
141.0
155.0
132.0
153.0
132.0
163.0
146.0
149.0
132.0
177.0
140.0
157.0
134.0
149.0
382.0
142.0
142.0
141.0
176.0
150.0
416.0
139.0
169.0
132.0
169.0
445.0
153.0
156.0
135.0
157.0
166.0
132.0
138.0
140.0
375.0
177.0
374.0
368.0
461.0
167.0
387.0
439.0
385.0
420.0
410.0
453.0
376.0
368.0
415.0
449.0
367.0
488.0
450.0
464.0
163.0
165.0
155.0
169.0
168.0
155.0
142.0
131.0
148.0
176.0
143.0
492.0
366.0
395.0
379.0
494.0
410.0
165.0
152.0
167.0
172.0
168.0
172.0
132.0
365.0
133.0
150.0
130.0
135.0
158.0
134.0
151.0
158.0
160.0
167.0
132.0
172.0
149.0
143.0
133.0
149.0
175.0
147.0
423.0
168.0
146.0
142.0
141.0
170.0
177.0
162.0
447.0
491.0
420.0
419.0
380.0
481.0
386.0
413.0
448.0
459.0
445.0
372.0
148.0
159.0
134.0
145.0
137.0
172.0
148.0
164.0
385.0
175.0
154.0
163.0
150.0
166.0
160.0
162.0
157.0
153.0
131.0
158.0
155.0
148.0
169.0
148.0
127.0
162.0
177.0
468.0
152.0
144.0
147.0
379.0
139.0
132.0
138.0
130.0
163.0
160.0
135.0
149.0
173.0
157.0
166.0
135.0
156.0
465.0
147.0
168.0
442.0
147.0
476.0
134.0
474.0
143.0
167.0
153.0
163.0
149.0
154.0
172.0
154.0
149.0
172.0
136.0
159.0
154.0
142.0
146.0
157.0
483.0
150.0
153.0
162.0
155.0
130.0
397.0
175.0
146.0
144.0
152.0
411.0
153.0
159.0
150.0
159.0
165.0
156.0
171.0
135.0
403.0
169.0
458.0
448.0
475.0
160.0
417.0
388.0
393.0
452.0
398.0
444.0
430.0
487.0
446.0
400.0
476.0
426.0
451.0
480.0
171.0
154.0
134.0
131.0
130.0
143.0
141.0
140.0
157.0
132.0
143.0
412.0
367.0
455.0
409.0
393.0
471.0
137.0
176.0
170.0
155.0
175.0
141.0
147.0
419.0
166.0
140.0
159.0
159.0
175.0
175.0
151.0
161.0
172.0
166.0
153.0
145.0
142.0
169.0
174.0
143.0
151.0
141.0
456.0
168.0
144.0
176.0
165.0
136.0
160.0
159.0
448.0
452.0
458.0
413.0
440.0
365.0
378.0
420.0
413.0
486.0
417.0
487.0
138.0
142.0
171.0
154.0
135.0
140.0
133.0
141.0
462.0
146.0
174.0
138.0
149.0
153.0
170.0
137.0
151.0
142.0
161.0
132.0
147.0
168.0
169.0
140.0
114.0
137.0
176.0
425.0
160.0
143.0
161.0
480.0
165.0
152.0
134.0
145.0
143.0
133.0
130.0
150.0
172.0
144.0
140.0
156.0
153.0
479.0
138.0
168.0
371.0
160.0
471.0
136.0
390.0
144.0
154.0
140.0
138.0
148.0
166.0
162.0
155.0
153.0
132.0
156.0
157.0
154.0
131.0
129.0
137.0
492.0
169.0
152.0
154.0
177.0
145.0
380.0
149.0
165.0
155.0
158.0
417.0
160.0
149.0
177.0
149.0
143.0
172.0
133.0
155.0
373.0
177.0
452.0
487.0
371.0
135.0
417.0
435.0
405.0
447.0
415.0
396.0
489.0
406.0
452.0
416.0
445.0
388.0
494.0
444.0
132.0
137.0
170.0
133.0
174.0
177.0
137.0
175.0
148.0
172.0
164.0
456.0
438.0
486.0
439.0
378.0
392.0
137.0
167.0
158.0
181.0
158.0
142.0
136.0
365.0
133.0
164.0
156.0
175.0
144.0
166.0
144.0
132.0
171.0
174.0
131.0
152.0
138.0
165.0
139.0
170.0
134.0
160.0
473.0
147.0
140.0
135.0
146.0
135.0
131.0
131.0
422.0
452.0
408.0
460.0
376.0
415.0
364.0
474.0
480.0
428.0
415.0
471.0
132.0
156.0
173.0
140.0
147.0
164.0
140.0
158.0
425.0
162.0
141.0
172.0
143.0
140.0
158.0
165.0
158.0
172.0
161.0
160.0
138.0
152.0
168.0
146.0
143.0
162.0
137.0
494.0
173.0
158.0
134.0
406.0
148.0
174.0
149.0
146.0
170.0
169.0
159.0
150.0
170.0
169.0
131.0
146.0
145.0
412.0
151.0
174.0
389.0
130.0
477.0
151.0
485.0
167.0
131.0
158.0
166.0
174.0
140.0
177.0
144.0
160.0
154.0
152.0
157.0
150.0
137.0
128.0
161.0
460.0
171.0
133.0
165.0
143.0
159.0
466.0
165.0
162.0
159.0
138.0
428.0
142.0
168.0
165.0
157.0
174.0
146.0
133.0
150.0
487.0
143.0
449.0
450.0
391.0
133.0
446.0
391.0
390.0
387.0
490.0
367.0
414.0
374.0
425.0
430.0
411.0
416.0
378.0
439.0
165.0
173.0
139.0
152.0
175.0
170.0
155.0
146.0
166.0
156.0
163.0
412.0
399.0
422.0
363.0
375.0
394.0
173.0
152.0
170.0
182.0
180.0
147.0
170.0
473.0
159.0
130.0
140.0
164.0
159.0
153.0
163.0
133.0
169.0
138.0
150.0
135.0
131.0
153.0
153.0
170.0
154.0
168.0
393.0
153.0
154.0
147.0
173.0
136.0
168.0
137.0
456.0
488.0
457.0
471.0
416.0
419.0
466.0
431.0
389.0
442.0
367.0
427.0
154.0
143.0
140.0
167.0
162.0
159.0
171.0
146.0
489.0
157.0
170.0
145.0
141.0
142.0
157.0
157.0
141.0
175.0
159.0
153.0
144.0
150.0
160.0
155.0
150.0
175.0
150.0
435.0
167.0
174.0
154.0
391.0
156.0
139.0
174.0
153.0
134.0
144.0
175.0
172.0
130.0
149.0
158.0
174.0
175.0
442.0
166.0
134.0
459.0
159.0
368.0
130.0
374.0
155.0
130.0
173.0
149.0
168.0
163.0
151.0
174.0
154.0
169.0
155.0
140.0
131.0
151.0
133.0
172.0
389.0
159.0
137.0
173.0
176.0
171.0
389.0
171.0
173.0
170.0
139.0
388.0
174.0
144.0
143.0
138.0
155.0
137.0
163.0
132.0
379.0
156.0
441.0
472.0
390.0
136.0
385.0
416.0
434.0
439.0
389.0
393.0
449.0
432.0
448.0
439.0
394.0
425.0
467.0
375.0
142.0
170.0
136.0
142.0
172.0
162.0
172.0
173.0
158.0
156.0
136.0
380.0
491.0
441.0
420.0
448.0
365.0
168.0
172.0
135.0
164.0
157.0
130.0
169.0
425.0
151.0
149.0
141.0
160.0
159.0
156.0
177.0
149.0
168.0
139.0
176.0
164.0
145.0
166.0
158.0
176.0
160.0
136.0
428.0
152.0
156.0
167.0
136.0
144.0
174.0
161.0
387.0
412.0
407.0
465.0
452.0
373.0
474.0
387.0
371.0
395.0
434.0
462.0
170.0
132.0
146.0
132.0
158.0
136.0
168.0
137.0
375.0
133.0
145.0
148.0
145.0
176.0
132.0
170.0
142.0
173.0
135.0
166.0
171.0
146.0
130.0
168.0
140.0
163.0
154.0
453.0
170.0
176.0
137.0
380.0
155.0
130.0
149.0
162.0
134.0
149.0
166.0
175.0
153.0
163.0
164.0
156.0
162.0
390.0
141.0
154.0
487.0
147.0
492.0
131.0
435.0
160.0
162.0
132.0
146.0
152.0
142.0
158.0
162.0
163.0
165.0
138.0
136.0
143.0
167.0
142.0
172.0
433.0
160.0
165.0
169.0
137.0
166.0
418.0
145.0
151.0
150.0
146.0
444.0
174.0
176.0
173.0
148.0
134.0
155.0
143.0
146.0
452.0
159.0
470.0
437.0
410.0
157.0
384.0
443.0
394.0
487.0
438.0
433.0
425.0
398.0
364.0
443.0
417.0
484.0
371.0
385.0
160.0
166.0
172.0
175.0
173.0
173.0
163.0
174.0
177.0
177.0
141.0
394.0
467.0
415.0
444.0
372.0
390.0
157.0
149.0
154.0
198.0
180.0
150.0
144.0
389.0
158.0
142.0
159.0
144.0
168.0
176.0
136.0
158.0
171.0
167.0
155.0
161.0
164.0
160.0
170.0
145.0
149.0
164.0
382.0
164.0
148.0
167.0
132.0
173.0
130.0
147.0
434.0
453.0
371.0
445.0
475.0
486.0
394.0
388.0
429.0
444.0
470.0
395.0
161.0
137.0
156.0
170.0
147.0
171.0
131.0
136.0
429.0
169.0
159.0
172.0
148.0
176.0
132.0
165.0
141.0
164.0
134.0
168.0
144.0
144.0
163.0
160.0
151.0
141.0
142.0
478.0
148.0
144.0
170.0
456.0
149.0
142.0
147.0
145.0
164.0
160.0
169.0
169.0
163.0
139.0
166.0
143.0
134.0
459.0
136.0
166.0
484.0
160.0
448.0
176.0
476.0
137.0
166.0
147.0
134.0
141.0
163.0
172.0
157.0
157.0
173.0
134.0
176.0
141.0
146.0
152.0
164.0
446.0
138.0
171.0
141.0
141.0
167.0
494.0
174.0
132.0
144.0
134.0
441.0
155.0
169.0
164.0
153.0
172.0
151.0
139.0
133.0
454.0
147.0
421.0
397.0
384.0
167.0
390.0
419.0
473.0
444.0
407.0
486.0
400.0
471.0
485.0
450.0
366.0
387.0
485.0
459.0
132.0
171.0
135.0
159.0
147.0
163.0
163.0
143.0
155.0
151.0
138.0
469.0
399.0
411.0
442.0
371.0
409.0
164.0
132.0
134.0
178.0
159.0
163.0
135.0
483.0
170.0
153.0
170.0
132.0
160.0
170.0
135.0
131.0
149.0
153.0
173.0
142.0
174.0
154.0
166.0
154.0
160.0
140.0
472.0
158.0
170.0
148.0
167.0
140.0
131.0
130.0
376.0
405.0
388.0
421.0
468.0
482.0
413.0
484.0
456.0
409.0
451.0
440.0
138.0
158.0
148.0
147.0
154.0
166.0
151.0
168.0
456.0
174.0
167.0
139.0
132.0
151.0
159.0
176.0
130.0
166.0
166.0
176.0
135.0
155.0
141.0
134.0
112.0
171.0
137.0
450.0
168.0
166.0
143.0
384.0
138.0
175.0
172.0
151.0
147.0
172.0
133.0
153.0
156.0
162.0
133.0
138.0
149.0
487.0
167.0
168.0
465.0
132.0
415.0
156.0
492.0
144.0
150.0
154.0
173.0
165.0
143.0
147.0
133.0
175.0
159.0
177.0
136.0
170.0
140.0
122.0
170.0
411.0
139.0
175.0
143.0
158.0
171.0
420.0
150.0
159.0
153.0
166.0
398.0
149.0
152.0
138.0
145.0
137.0
143.0
133.0
149.0
368.0
167.0
373.0
410.0
448.0
161.0
494.0
430.0
484.0
431.0
387.0
433.0
458.0
421.0
368.0
486.0
440.0
410.0
468.0
366.0
162.0
151.0
147.0
149.0
155.0
141.0
142.0
142.0
175.0
150.0
163.0
475.0
486.0
412.0
412.0
393.0
467.0
170.0
167.0
171.0
193.0
183.0
163.0
166.0
431.0
144.0
148.0
145.0
171.0
137.0
161.0
131.0
134.0
163.0
170.0
156.0
162.0
145.0
149.0
132.0
139.0
137.0
139.0
453.0
149.0
131.0
154.0
154.0
161.0
165.0
167.0
434.0
367.0
397.0
434.0
409.0
418.0
470.0
424.0
455.0
372.0
494.0
385.0
173.0
164.0
141.0
149.0
138.0
169.0
147.0
152.0
463.0
132.0
135.0
145.0
135.0
153.0
161.0
159.0
176.0
133.0
160.0
151.0
141.0
167.0
149.0
167.0
122.0
150.0
138.0
468.0
147.0
146.0
148.0
423.0
151.0
159.0
160.0
141.0
149.0
165.0
164.0
168.0
171.0
158.0
131.0
172.0
163.0
407.0
167.0
168.0
365.0
152.0
405.0
147.0
465.0
150.0
145.0
135.0
138.0
176.0
152.0
135.0
146.0
159.0
144.0
162.0
145.0
177.0
165.0
145.0
170.0
406.0
134.0
150.0
175.0
175.0
141.0
368.0
135.0
148.0
140.0
146.0
403.0
139.0
159.0
148.0
161.0
130.0
152.0
168.0
141.0
378.0
143.0
418.0
377.0
453.0
166.0
395.0
470.0
426.0
407.0
367.0
382.0
435.0
381.0
366.0
416.0
416.0
419.0
397.0
461.0
157.0
158.0
170.0
149.0
153.0
137.0
172.0
168.0
143.0
137.0
135.0
456.0
455.0
400.0
402.0
375.0
414.0
154.0
176.0
152.0
169.0
194.0
140.0
159.0
463.0
139.0
145.0
175.0
158.0
143.0
162.0
145.0
150.0
141.0
146.0
154.0
168.0
173.0
168.0
137.0
175.0
137.0
140.0
432.0
152.0
132.0
174.0
153.0
165.0
165.0
141.0
462.0
412.0
434.0
427.0
491.0
467.0
485.0
373.0
425.0
457.0
377.0
382.0
158.0
143.0
158.0
156.0
177.0
169.0
174.0
173.0
403.0
167.0
150.0
154.0
133.0
144.0
158.0
147.0
168.0
138.0
161.0
134.0
161.0
153.0
138.0
165.0
149.0
135.0
174.0
404.0
154.0
156.0
155.0
413.0
131.0
148.0
131.0
176.0
137.0
164.0
176.0
171.0
142.0
164.0
161.0
161.0
167.0
394.0
133.0
157.0
444.0
155.0
388.0
152.0
418.0
152.0
160.0
175.0
171.0
176.0
152.0
151.0
130.0
166.0
137.0
138.0
150.0
132.0
152.0
151.0
168.0
399.0
140.0
149.0
177.0
137.0
132.0
481.0
167.0
166.0
148.0
161.0
377.0
150.0
160.0
144.0
137.0
146.0
135.0
140.0
155.0
444.0
133.0
424.0
490.0
486.0
136.0
427.0
439.0
479.0
493.0
379.0
366.0
365.0
465.0
431.0
382.0
486.0
476.0
494.0
440.0
174.0
172.0
130.0
169.0
140.0
146.0
165.0
152.0
150.0
161.0
175.0
449.0
412.0
383.0
369.0
372.0
472.0
174.0
162.0
173.0
199.0
184.0
137.0
162.0
416.0
154.0
159.0
162.0
160.0
137.0
157.0
164.0
153.0
134.0
152.0
143.0
142.0
142.0
141.0
140.0
158.0
170.0
133.0
440.0
170.0
167.0
166.0
147.0
152.0
174.0
158.0
391.0
427.0
447.0
400.0
391.0
490.0
446.0
447.0
434.0
456.0
413.0
391.0
148.0
130.0
137.0
151.0
160.0
133.0
165.0
165.0
371.0
146.0
147.0
133.0
177.0
132.0
144.0
141.0
172.0
145.0
135.0
166.0
138.0
132.0
170.0
141.0
119.0
152.0
143.0
395.0
143.0
155.0
135.0
436.0
137.0
136.0
164.0
136.0
146.0
150.0
135.0
169.0
138.0
177.0
168.0
144.0
154.0
443.0
170.0
139.0
409.0
151.0
447.0
156.0
381.0
161.0
158.0
153.0
132.0
132.0
145.0
175.0
165.0
164.0
158.0
155.0
155.0
161.0
153.0
135.0
167.0
437.0
146.0
172.0
172.0
168.0
137.0
368.0
146.0
170.0
141.0
166.0
468.0
163.0
160.0
144.0
165.0
150.0
169.0
148.0
162.0
419.0
170.0
406.0
457.0
382.0
154.0
426.0
461.0
460.0
479.0
489.0
491.0
407.0
455.0
400.0
409.0
389.0
441.0
447.0
370.0
177.0
149.0
157.0
141.0
168.0
164.0
153.0
154.0
164.0
158.0
145.0
380.0
492.0
494.0
374.0
443.0
386.0
157.0
145.0
143.0
207.0
188.0
158.0
138.0
406.0
149.0
152.0
137.0
170.0
133.0
164.0
132.0
146.0
142.0
171.0
144.0
158.0
166.0
171.0
159.0
139.0
163.0
171.0
395.0
176.0
152.0
143.0
132.0
167.0
140.0
164.0
437.0
456.0
448.0
397.0
439.0
372.0
407.0
383.0
369.0
476.0
493.0
407.0
145.0
148.0
137.0
165.0
173.0
132.0
152.0
164.0
420.0
176.0
151.0
174.0
145.0
162.0
143.0
153.0
159.0
167.0
138.0
139.0
163.0
174.0
147.0
139.0
150.0
136.0
158.0
432.0
156.0
175.0
170.0
374.0
138.0
175.0
161.0
139.0
177.0
159.0
132.0
169.0
142.0
173.0
139.0
176.0
166.0
431.0
146.0
173.0
416.0
170.0
397.0
145.0
368.0
165.0
161.0
147.0
142.0
146.0
141.0
144.0
159.0
158.0
174.0
145.0
164.0
150.0
140.0
129.0
177.0
393.0
173.0
169.0
175.0
157.0
135.0
369.0
165.0
143.0
138.0
155.0
465.0
168.0
174.0
171.0
170.0
142.0
150.0
156.0
149.0
479.0
172.0
490.0
404.0
380.0
173.0
394.0
456.0
474.0
458.0
474.0
451.0
434.0
405.0
396.0
440.0
439.0
456.0
372.0
477.0
138.0
156.0
146.0
175.0
164.0
175.0
177.0
130.0
173.0
137.0
156.0
468.0
430.0
420.0
479.0
419.0
493.0
156.0
135.0
130.0
156.0
166.0
145.0
161.0
368.0
175.0
162.0
134.0
158.0
159.0
173.0
167.0
136.0
136.0
150.0
162.0
132.0
135.0
144.0
159.0
155.0
162.0
146.0
373.0
161.0
160.0
152.0
138.0
168.0
145.0
149.0
418.0
487.0
453.0
403.0
390.0
392.0
457.0
491.0
488.0
441.0
387.0
442.0
174.0
167.0
136.0
136.0
175.0
168.0
168.0
137.0
451.0
158.0
169.0
138.0
164.0
159.0
170.0
147.0
168.0
157.0
135.0
172.0
140.0
153.0
147.0
131.0
142.0
165.0
141.0
409.0
168.0
176.0
136.0
414.0
135.0
168.0
130.0
143.0
155.0
167.0
166.0
159.0
166.0
142.0
130.0
166.0
163.0
455.0
157.0
156.0
410.0
171.0
471.0
172.0
482.0
177.0
166.0
156.0
161.0
158.0
161.0
158.0
137.0
165.0
140.0
131.0
137.0
172.0
131.0
119.0
165.0
440.0
158.0
171.0
160.0
157.0
176.0
426.0
140.0
146.0
141.0
155.0
386.0
171.0
133.0
149.0
166.0
139.0
137.0
133.0
166.0
391.0
139.0
385.0
491.0
444.0
172.0
474.0
443.0
373.0
371.0
366.0
371.0
478.0
442.0
382.0
490.0
453.0
409.0
425.0
391.0
147.0
165.0
154.0
161.0
163.0
169.0
140.0
158.0
153.0
139.0
176.0
387.0
453.0
477.0
419.0
420.0
394.0
177.0
173.0
149.0
195.0
158.0
166.0
166.0
429.0
144.0
176.0
173.0
173.0
150.0
168.0
138.0
131.0
140.0
153.0
172.0
147.0
132.0
134.0
146.0
175.0
163.0
176.0
471.0
172.0
134.0
164.0
152.0
144.0
144.0
140.0
424.0
491.0
494.0
432.0
442.0
452.0
381.0
409.0
469.0
489.0
452.0
448.0
163.0
140.0
157.0
152.0
145.0
136.0
149.0
174.0
459.0
163.0
138.0
148.0
135.0
159.0
147.0
157.0
155.0
162.0
144.0
170.0
148.0
149.0
135.0
155.0
131.0
134.0
136.0
479.0
170.0
131.0
155.0
419.0
140.0
160.0
142.0
158.0
147.0
153.0
169.0
175.0
176.0
169.0
156.0
136.0
161.0
468.0
174.0
169.0
378.0
162.0
467.0
132.0
377.0
162.0
174.0
153.0
132.0
134.0
156.0
174.0
163.0
131.0
177.0
176.0
155.0
174.0
170.0
126.0
137.0
424.0
144.0
166.0
149.0
163.0
170.0
367.0
171.0
158.0
151.0
169.0
439.0
134.0
155.0
153.0
156.0
153.0
166.0
154.0
151.0
476.0
156.0
463.0
392.0
454.0
141.0
449.0
443.0
471.0
457.0
443.0
367.0
450.0
414.0
445.0
373.0
376.0
462.0
479.0
452.0
158.0
157.0
157.0
161.0
147.0
175.0
148.0
142.0
161.0
148.0
153.0
479.0
433.0
472.0
460.0
365.0
459.0
147.0
158.0
138.0
171.0
191.0
172.0
150.0
425.0
175.0
155.0
154.0
145.0
148.0
160.0
134.0
174.0
165.0
168.0
139.0
170.0
164.0
158.0
134.0
150.0
162.0
133.0
406.0
148.0
142.0
151.0
139.0
130.0
176.0
166.0
413.0
478.0
462.0
431.0
403.0
395.0
473.0
414.0
402.0
415.0
474.0
432.0
173.0
153.0
161.0
142.0
167.0
169.0
152.0
170.0
477.0
155.0
144.0
176.0
137.0
176.0
158.0
169.0
175.0
163.0
172.0
139.0
150.0
151.0
159.0
161.0
151.0
148.0
151.0
387.0
167.0
139.0
174.0
402.0
151.0
131.0
135.0
167.0
150.0
167.0
151.0
173.0
177.0
147.0
148.0
130.0
169.0
398.0
136.0
151.0
403.0
150.0
464.0
132.0
393.0
165.0
150.0
161.0
159.0
157.0
152.0
136.0
161.0
158.0
168.0
143.0
132.0
144.0
156.0
131.0
137.0
426.0
136.0
160.0
137.0
138.0
134.0
401.0
153.0
171.0
144.0
151.0
447.0
151.0
165.0
173.0
137.0
148.0
151.0
130.0
134.0
482.0
154.0
470.0
462.0
452.0
158.0
441.0
472.0
407.0
464.0
476.0
465.0
381.0
488.0
401.0
491.0
382.0
407.0
419.0
459.0
135.0
147.0
175.0
152.0
165.0
136.0
168.0
156.0
131.0
160.0
161.0
421.0
493.0
464.0
410.0
431.0
474.0
136.0
144.0
147.0
176.0
181.0
131.0
149.0
442.0
170.0
154.0
159.0
161.0
153.0
159.0
135.0
142.0
132.0
130.0
132.0
143.0
134.0
150.0
153.0
153.0
149.0
135.0
448.0
139.0
159.0
158.0
168.0
176.0
154.0
154.0
394.0
422.0
389.0
472.0
391.0
429.0
369.0
447.0
433.0
407.0
483.0
476.0
173.0
157.0
143.0
171.0
131.0
133.0
139.0
144.0
420.0
176.0
137.0
153.0
141.0
164.0
146.0
140.0
154.0
158.0
168.0
161.0
168.0
171.0
155.0
176.0
114.0
148.0
159.0
463.0
130.0
143.0
164.0
369.0
166.0
160.0
164.0
135.0
134.0
147.0
138.0
172.0
168.0
139.0
132.0
173.0
176.0
477.0
168.0
171.0
386.0
131.0
457.0
153.0
469.0
131.0
138.0
142.0
137.0
173.0
138.0
173.0
174.0
139.0
149.0
138.0
144.0
146.0
154.0
142.0
161.0
478.0
156.0
169.0
163.0
153.0
157.0
416.0
153.0
132.0
130.0
151.0
450.0
156.0
141.0
148.0
176.0
140.0
149.0
160.0
161.0
487.0
155.0
395.0
408.0
437.0
151.0
428.0
471.0
378.0
483.0
432.0
433.0
463.0
399.0
490.0
439.0
375.0
400.0
393.0
485.0
132.0
170.0
133.0
170.0
156.0
144.0
148.0
168.0
170.0
166.0
151.0
420.0
466.0
411.0
381.0
387.0
461.0
131.0
160.0
174.0
158.0
203.0
171.0
153.0
491.0
149.0
160.0
170.0
137.0
147.0
175.0
161.0
136.0
165.0
150.0
142.0
163.0
148.0
151.0
135.0
160.0
164.0
156.0
446.0
143.0
169.0
149.0
172.0
140.0
161.0
167.0
390.0
397.0
489.0
395.0
366.0
401.0
457.0
465.0
436.0
491.0
415.0
449.0
172.0
142.0
140.0
166.0
163.0
133.0
144.0
154.0
452.0
164.0
146.0
153.0
147.0
175.0
142.0
148.0
134.0
162.0
172.0
170.0
171.0
157.0
156.0
137.0
151.0
154.0
151.0
366.0
133.0
137.0
171.0
366.0
144.0
138.0
162.0
137.0
175.0
146.0
161.0
164.0
131.0
172.0
172.0
156.0
148.0
400.0
169.0
140.0
388.0
139.0
476.0
159.0
418.0
139.0
173.0
150.0
136.0
161.0
171.0
176.0
161.0
165.0
130.0
158.0
165.0
157.0
176.0
137.0
149.0
478.0
164.0
157.0
174.0
159.0
156.0
380.0
164.0
162.0
136.0
168.0
384.0
150.0
132.0
170.0
144.0
156.0
163.0
141.0
176.0
364.0
176.0
397.0
397.0
412.0
143.0
468.0
482.0
403.0
378.0
398.0
455.0
493.0
488.0
369.0
393.0
407.0
373.0
452.0
403.0
167.0
174.0
140.0
132.0
161.0
173.0
155.0
155.0
157.0
158.0
148.0
398.0
415.0
382.0
458.0
365.0
423.0
135.0
141.0
172.0
178.0
202.0
152.0
151.0
364.0
159.0
166.0
144.0
155.0
148.0
175.0
163.0
157.0
168.0
158.0
165.0
135.0
153.0
175.0
151.0
169.0
174.0
149.0
462.0
142.0
167.0
158.0
131.0
145.0
158.0
167.0
494.0
444.0
436.0
494.0
469.0
427.0
444.0
387.0
478.0
487.0
398.0
390.0
162.0
153.0
164.0
155.0
155.0
176.0
136.0
175.0
392.0
158.0
153.0
163.0
166.0
172.0
130.0
160.0
175.0
146.0
133.0
161.0
141.0
172.0
150.0
140.0
119.0
145.0
175.0
454.0
158.0
159.0
132.0
397.0
175.0
162.0
166.0
131.0
171.0
159.0
134.0
175.0
160.0
138.0
130.0
162.0
175.0
424.0
141.0
145.0
454.0
138.0
464.0
166.0
380.0
138.0
160.0
140.0
172.0
174.0
155.0
168.0
164.0
141.0
141.0
163.0
166.0
131.0
168.0
144.0
176.0
460.0
140.0
140.0
163.0
174.0
172.0
366.0
170.0
146.0
174.0
172.0
364.0
167.0
156.0
161.0
140.0
143.0
162.0
174.0
166.0
421.0
163.0
412.0
463.0
373.0
135.0
372.0
441.0
421.0
373.0
414.0
418.0
429.0
448.0
486.0
398.0
426.0
482.0
458.0
445.0
135.0
140.0
161.0
141.0
165.0
154.0
171.0
170.0
131.0
137.0
148.0
477.0
461.0
366.0
440.0
385.0
407.0
154.0
175.0
166.0
