I_BRKGA_178_6_10_1_CESP
178 6 10 494.0
60497.5
59547.5
62923.5
54579.5
55035.5
54965.5
60857.5
53974.5
56310.5
61859.5
0.11719621191484407
0.0837249514163988
0.1024992167074637
0.09528735124321928
0.10358501923711393
0.09265503076205797
0.10143596800484435
0.08830140509441123
0.11074377087635995
0.10457107474328686
128.0
119.0
121.0
112.0
125.0
106.0
2557.0
22.0
1261.0
1300.0
67.0
529.0
470.0
1286.0
34.0
514.0
110.0
185.0
45.0
327.0
256.0
375.0
56.0
320.0
213.0
495.0
205.0
1077.0
165.0
328.0
423.0
1269.0
2672.0
1043.0
1015.0
12.0
223.0
512.0
277.0
74.0
233.0
75.0
290.0
13.0
10.0
10.0
11.0
14.0
11.0
14.0
95.0
13.0
12.0
12.0
28.0
363.0
164.0
832.0
1266.0
558.0
363.0
1164.0
286.0
146.0
864.0
5361.0
5628.0
124.0
170.0
306.0
51.0
27.0
187.0
215.0
189.0
489.0
26.0
76.0
61.0
25.0
126.0
27.0
33.0
20.0
118.0
177.0
824.0
49.0
122.0
61.0
43.0
161.0
215.0
310.0
155.0
162.0
70.0
818.0
164.0
140.0
733.0
35.0
64.0
207.0
96.0
13.0
338.0
129.0
20.0
26.0
30.0
8.0
70.0
268.0
108.0
72.0
84.0
58.0
39.0
85.0
140.0
45.0
26.0
54.0
162.0
105.0
87.0
132.0
45.0
61.0
7.0
1597.0
57.0
109.0
55.0
47.0
631.0
801.0
113.0
1392.0
1061.0
26.0
122.0
113.0
258.0
6257.0
198.0
93.0
162.0
281.0
31.0
288.0
28.0
119.0
235.0
82.0
136.0
765.0
118.0
152.0
460.0
320.0
207.0
68.0
1196.0
123.0
123.0
73.0
92.0
114.0
20.0
261.0
189.0
353.0
168.0
39.0
66.0
48.0
202.0
226.0
319.0
193.0
847.0
1226.0
513.0
1254.0
33.0
513.0
111.0
179.0
48.0
325.0
264.0
361.0
61.0
289.0
224.0
461.0
205.0
1112.0
160.0
356.0
414.0
1300.0
2700.0
1031.0
1021.0
13.0
225.0
522.0
292.0
69.0
232.0
77.0
275.0
14.0
10.0
10.0
12.0
14.0
11.0
14.0
91.0
14.0
12.0
11.0
28.0
358.0
166.0
768.0
1303.0
553.0
363.0
1130.0
294.0
155.0
855.0
5236.0
5980.0
131.0
172.0
323.0
50.0
27.0
179.0
217.0
178.0
507.0
27.0
74.0
64.0
25.0
126.0
27.0
31.0
19.0
112.0
167.0
816.0
53.0
131.0
67.0
42.0
154.0
215.0
341.0
150.0
175.0
69.0
801.0
163.0
146.0
787.0
35.0
66.0
210.0
89.0
13.0
351.0
120.0
20.0
25.0
30.0
8.0
76.0
266.0
102.0
69.0
88.0
57.0
39.0
85.0
146.0
45.0
27.0
54.0
155.0
110.0
82.0
132.0
46.0
63.0
7.0
1621.0
57.0
114.0
58.0
48.0
637.0
805.0
123.0
1375.0
1086.0
24.0
112.0
108.0
268.0
6573.0
204.0
99.0
154.0
273.0
31.0
288.0
30.0
120.0
241.0
81.0
129.0
802.0
120.0
145.0
454.0
326.0
208.0
68.0
1188.0
129.0
116.0
68.0
87.0
114.0
20.0
259.0
193.0
353.0
162.0
36.0
71.0
49.0
190.0
220.0
304.0
199.0
872.0
1307.0
502.0
1232.0
34.0
552.0
110.0
186.0
47.0
321.0
248.0
384.0
61.0
293.0
220.0
479.0
214.0
1086.0
164.0
332.0
430.0
1391.0
2707.0
1018.0
999.0
12.0
214.0
542.0
266.0
76.0
230.0
77.0
292.0
14.0
10.0
9.0
11.0
14.0
12.0
14.0
94.0
13.0
12.0
12.0
29.0
373.0
159.0
766.0
1371.0
578.0
335.0
1184.0
288.0
150.0
860.0
5437.0
5719.0
129.0
161.0
315.0
51.0
29.0
191.0
221.0
184.0
490.0
28.0
78.0
66.0
25.0
118.0
29.0
32.0
19.0
109.0
179.0
902.0
51.0
127.0
62.0
45.0
152.0
213.0
328.0
140.0
173.0
73.0
861.0
153.0
140.0
750.0
38.0
66.0
196.0
89.0
13.0
340.0
118.0
21.0
24.0
30.0
8.0
74.0
258.0
103.0
67.0
87.0
59.0
39.0
88.0
147.0
47.0
27.0
56.0
152.0
101.0
80.0
127.0
45.0
61.0
7.0
1593.0
58.0
115.0
58.0
46.0
647.0
839.0
122.0
1340.0
1064.0
25.0
114.0
116.0
277.0
6445.0
197.0
99.0
157.0
290.0
33.0
265.0
28.0
121.0
257.0
78.0
128.0
830.0
116.0
154.0
456.0
303.0
209.0
67.0
1207.0
128.0
127.0
69.0
93.0
122.0
20.0
269.0
195.0
351.0
165.0
37.0
67.0
49.0
193.0
236.0
300.0
200.0
892.0
1241.0
471.0
1311.0
34.0
558.0
113.0
174.0
48.0
345.0
244.0
374.0
59.0
315.0
225.0
463.0
216.0
1115.0
172.0
346.0
413.0
1400.0
2730.0
1033.0
986.0
13.0
225.0
522.0
273.0
73.0
251.0
76.0
296.0
13.0
9.0
9.0
12.0
14.0
11.0
14.0
93.0
14.0
11.0
12.0
27.0
365.0
172.0
764.0
1373.0
573.0
348.0
1098.0
289.0
148.0
824.0
5253.0
5593.0
119.0
167.0
321.0
50.0
29.0
183.0
217.0
181.0
499.0
26.0
74.0
67.0
26.0
121.0
28.0
31.0
20.0
118.0
172.0
833.0
48.0
130.0
62.0
46.0
165.0
202.0
342.0
153.0
165.0
71.0
859.0
152.0
139.0
776.0
35.0
63.0
196.0
95.0
13.0
355.0
124.0
19.0
26.0
30.0
8.0
71.0
255.0
107.0
72.0
85.0
56.0
41.0
85.0
141.0
48.0
25.0
53.0
161.0
101.0
87.0
131.0
46.0
65.0
7.0
1646.0
57.0
115.0
58.0
46.0
658.0
823.0
120.0
1381.0
1123.0
24.0
120.0
111.0
251.0
6785.0
195.0
95.0
166.0
299.0
31.0
281.0
30.0
120.0
253.0
82.0
140.0
778.0
123.0
152.0
432.0
324.0
224.0
68.0
1227.0
134.0
125.0
73.0
86.0
118.0
19.0
272.0
202.0
358.0
165.0
36.0
69.0
49.0
191.0
242.0
309.0
200.0
855.0
1253.0
489.0
1264.0
35.0
554.0
115.0
182.0
46.0
339.0
265.0
366.0
58.0
306.0
218.0
476.0
205.0
1029.0
166.0
342.0
443.0
1335.0
2694.0
1017.0
966.0
12.0
223.0
539.0
283.0
69.0
246.0
79.0
277.0
13.0
10.0
10.0
12.0
14.0
12.0
14.0
97.0
14.0
12.0
12.0
27.0
350.0
170.0
838.0
1267.0
546.0
348.0
1180.0
291.0
146.0
829.0
5075.0
5651.0
131.0
157.0
312.0
51.0
29.0
180.0
221.0
188.0
529.0
27.0
73.0
65.0
26.0
118.0
29.0
32.0
19.0
118.0
165.0
829.0
52.0
131.0
65.0
44.0
154.0
216.0
326.0
145.0
170.0
74.0
876.0
168.0
144.0
731.0
37.0
62.0
209.0
96.0
14.0
335.0
118.0
20.0
25.0
29.0
8.0
75.0
263.0
104.0
70.0
89.0
56.0
40.0
86.0
141.0
47.0
27.0
56.0
159.0
106.0
85.0
128.0
44.0
66.0
7.0
1589.0
55.0
117.0
56.0
48.0
619.0
837.0
121.0
1411.0
1049.0
26.0
120.0
111.0
275.0
6206.0
212.0
95.0
166.0
290.0
33.0
277.0
28.0
127.0
260.0
81.0
134.0
773.0
123.0
159.0
450.0
308.0
207.0
71.0
1244.0
124.0
116.0
67.0
91.0
119.0
19.0
268.0
201.0
363.0
170.0
37.0
65.0
51.0
204.0
219.0
316.0
203.0
849.0
1206.0
481.0
1267.0
35.0
539.0
110.0
181.0
44.0
336.0
257.0
386.0
61.0
320.0
227.0
463.0
212.0
1091.0
172.0
336.0
441.0
1312.0
2607.0
1013.0
960.0
13.0
231.0
506.0
294.0
69.0
243.0
75.0
278.0
13.0
10.0
10.0
11.0
14.0
12.0
14.0
97.0
14.0
12.0
12.0
27.0
371.0
172.0
795.0
1385.0
544.0
342.0
1111.0
293.0
156.0
804.0
5258.0
5698.0
127.0
160.0
319.0
51.0
28.0
181.0
221.0
185.0
493.0
26.0
75.0
62.0
25.0
126.0
29.0
31.0
19.0
118.0
171.0
826.0
52.0
122.0
62.0
43.0
155.0
214.0
319.0
154.0
169.0
74.0
846.0
154.0
141.0
735.0
38.0
63.0
209.0
98.0
14.0
332.0
118.0
19.0
26.0
30.0
8.0
75.0
271.0
110.0
69.0
88.0
55.0
38.0
83.0
144.0
47.0
25.0
54.0
151.0
101.0
86.0
133.0
47.0
65.0
7.0
1552.0
59.0
114.0
56.0
45.0
613.0
810.0
112.0
1301.0
1089.0
26.0
122.0
117.0
271.0
6787.0
200.0
101.0
162.0
289.0
33.0
271.0
29.0
122.0
247.0
76.0
130.0
790.0
118.0
155.0
437.0
318.0
206.0
67.0
1284.0
127.0
115.0
73.0
93.0
122.0
20.0
266.0
191.0
356.0
172.0
37.0
70.0
52.0
195.0
236.0
306.0
187.0
897.0
1301.0
473.0
1325.0
36.0
528.0
118.0
176.0
45.0
337.0
258.0
382.0
56.0
311.0
221.0
468.0
208.0
1079.0
163.0
327.0
415.0
1331.0
2593.0
1108.0
993.0
13.0
211.0
548.0
268.0
72.0
239.0
77.0
275.0
13.0
10.0
10.0
12.0
14.0
12.0
14.0
96.0
14.0
12.0
12.0
27.0
370.0
159.0
782.0
1265.0
554.0
347.0
1166.0
287.0
146.0
853.0
5508.0
5464.0
126.0
170.0
328.0
48.0
28.0
184.0
217.0
190.0
492.0
27.0
78.0
65.0
25.0
117.0
28.0
33.0
19.0
112.0
177.0
879.0
50.0
119.0
63.0
45.0
155.0
216.0
336.0
147.0
176.0
76.0
828.0
156.0
150.0
733.0
36.0
61.0
199.0
97.0
14.0
356.0
125.0
21.0
24.0
30.0
8.0
70.0
268.0
103.0
74.0
91.0
56.0
39.0
85.0
154.0
46.0
25.0
56.0
160.0
101.0
86.0
127.0
47.0
64.0
7.0
1576.0
55.0
108.0
56.0
46.0
620.0
803.0
116.0
1320.0
1136.0
25.0
122.0
109.0
267.0
6619.0
198.0
97.0
160.0
278.0
32.0
263.0
29.0
123.0
251.0
81.0
129.0
791.0
122.0
159.0
439.0
323.0
214.0
65.0
1211.0
133.0
124.0
70.0
86.0
113.0
19.0
263.0
196.0
351.0
163.0
37.0
71.0
52.0
188.0
226.0
316.0
201.0
875.0
1320.0
477.0
1244.0
33.0
535.0
116.0
189.0
46.0
350.0
263.0
388.0
59.0
298.0
236.0
482.0
202.0
1047.0
167.0
355.0
432.0
1261.0
2524.0
1040.0
993.0
13.0
225.0
559.0
284.0
72.0
234.0
79.0
285.0
14.0
10.0
10.0
11.0
13.0
12.0
14.0
98.0
13.0
11.0
12.0
29.0
373.0
165.0
769.0
1335.0
589.0
338.0
1091.0
274.0
151.0
833.0
5028.0
5470.0
131.0
162.0
310.0
48.0
27.0
190.0
224.0
181.0
492.0
28.0
74.0
61.0
26.0
118.0
27.0
32.0
20.0
119.0
165.0
870.0
49.0
127.0
65.0
42.0
157.0
214.0
311.0
140.0
162.0
73.0
815.0
152.0
147.0
766.0
35.0
62.0
209.0
94.0
13.0
347.0
121.0
20.0
25.0
32.0
8.0
73.0
260.0
110.0
68.0
84.0
56.0
39.0
84.0
142.0
49.0
26.0
56.0
164.0
111.0
87.0
136.0
45.0
66.0
7.0
1621.0
59.0
119.0
54.0
46.0
634.0
794.0
120.0
1314.0
1134.0
25.0
120.0
113.0
269.0
6765.0
201.0
101.0
155.0
278.0
32.0
273.0
29.0
118.0
236.0
82.0
129.0
783.0
119.0
158.0
430.0
298.0
224.0
64.0
1201.0
121.0
125.0
73.0
90.0
116.0
19.0
261.0
193.0
340.0
159.0
38.0
68.0
49.0
191.0
224.0
297.0
193.0
834.0
1305.0
490.0
1263.0
34.0
505.0
117.0
193.0
47.0
339.0
267.0
362.0
60.0
307.0
228.0
463.0
204.0
1104.0
172.0
352.0
407.0
1375.0
2496.0
1005.0
1021.0
13.0
232.0
520.0
267.0
71.0
251.0
82.0
295.0
14.0
9.0
10.0
12.0
14.0
12.0
14.0
94.0
13.0
11.0
12.0
29.0
352.0
172.0
794.0
1349.0
573.0
331.0
1168.0
296.0
144.0
792.0
5419.0
5435.0
130.0
162.0
304.0
50.0
28.0
187.0
224.0
195.0
482.0
26.0
72.0
62.0
26.0
120.0
29.0
33.0
19.0
111.0
165.0
831.0
52.0
126.0
64.0
46.0
161.0
205.0
328.0
155.0
163.0
69.0
817.0
158.0
150.0
751.0
38.0
64.0
201.0
97.0
14.0
329.0
125.0
20.0
26.0
32.0
8.0
76.0
270.0
113.0
69.0
90.0
55.0
39.0
81.0
141.0
45.0
25.0
54.0
151.0
101.0
82.0
136.0
47.0
66.0
7.0
1651.0
54.0
111.0
58.0
48.0
607.0
792.0
118.0
1443.0
1140.0
26.0
122.0
112.0
251.0
6380.0
201.0
94.0
166.0
297.0
33.0
286.0
29.0
118.0
247.0
82.0
128.0
828.0
113.0
155.0
421.0
317.0
212.0
66.0
1269.0
123.0
126.0
67.0
91.0
116.0
19.0
262.0
190.0
350.0
160.0
36.0
69.0
53.0
186.0
239.0
319.0
190.0
889.0
1222.0
493.0
1344.0
36.0
525.0
114.0
180.0
47.0
344.0
252.0
379.0
59.0
311.0
229.0
471.0
198.0
1083.0
163.0
354.0
443.0
1387.0
2673.0
1079.0
997.0
12.0
233.0
550.0
287.0
75.0
242.0
76.0
280.0
13.0
10.0
10.0
12.0
13.0
12.0
13.0
91.0
13.0
12.0
12.0
27.0
362.0
171.0
812.0
1392.0
543.0
341.0
1193.0
292.0
153.0
830.0
5241.0
5731.0
125.0
169.0
316.0
48.0
29.0
181.0
208.0
191.0
485.0
27.0
77.0
65.0
27.0
123.0
28.0
32.0
19.0
109.0
163.0
874.0
50.0
122.0
64.0
43.0
157.0
207.0
341.0
144.0
164.0
70.0
799.0
167.0
148.0
782.0
38.0
61.0
195.0
90.0
14.0
326.0
129.0
20.0
24.0
29.0
8.0
76.0
261.0
107.0
71.0
83.0
58.0
39.0
81.0
144.0
49.0
25.0
56.0
162.0
103.0
85.0
126.0
47.0
66.0
7.0
1513.0
57.0
114.0
54.0
46.0
617.0
863.0
120.0
1421.0
1066.0
26.0
120.0
117.0
252.0
6448.0
202.0
97.0
152.0
280.0
33.0
272.0
30.0
127.0
237.0
80.0
137.0
816.0
122.0
157.0
463.0
310.0
222.0
70.0
1287.0
130.0
120.0
73.0
94.0
120.0
20.0
256.0
192.0
348.0
173.0
39.0
66.0
52.0
200.0
231.0
311.0
206.0
837.0
1224.0
186.0
196.0
166.0
138.0
452.0
135.0
130.0
165.0
157.0
143.0
142.0
150.0
159.0
138.0
159.0
137.0
144.0
158.0
146.0
137.0
138.0
147.0
166.0
474.0
177.0
172.0
153.0
172.0
142.0
167.0
143.0
430.0
460.0
448.0
490.0
451.0
399.0
494.0
378.0
485.0
480.0
486.0
448.0
131.0
143.0
177.0
142.0
142.0
173.0
144.0
149.0
448.0
159.0
175.0
156.0
133.0
133.0
149.0
150.0
176.0
163.0
177.0
164.0
158.0
141.0
134.0
170.0
124.0
141.0
158.0
482.0
172.0
170.0
146.0
435.0
170.0
160.0
139.0
153.0
174.0
170.0
154.0
139.0
149.0
172.0
146.0
163.0
171.0
440.0
159.0
143.0
483.0
158.0
373.0
143.0
392.0
135.0
170.0
162.0
159.0
156.0
167.0
172.0
173.0
137.0
130.0
132.0
140.0
146.0
145.0
140.0
161.0
427.0
148.0
162.0
147.0
153.0
167.0
451.0
176.0
132.0
152.0
149.0
421.0
168.0
139.0
133.0
156.0
154.0
173.0
167.0
159.0
380.0
135.0
440.0
398.0
421.0
163.0
402.0
365.0
403.0
378.0
465.0
433.0
372.0
403.0
372.0
404.0
438.0
375.0
364.0
414.0
159.0
130.0
148.0
149.0
134.0
156.0
168.0
170.0
131.0
153.0
166.0
442.0
376.0
446.0
453.0
488.0
446.0
143.0
170.0
163.0
152.0
161.0
149.0
135.0
484.0
160.0
176.0
164.0
135.0
151.0
161.0
142.0
143.0
145.0
144.0
153.0
152.0
136.0
139.0
137.0
131.0
159.0
169.0
477.0
136.0
159.0
149.0
152.0
139.0
150.0
174.0
481.0
459.0
467.0
406.0
385.0
457.0
441.0
461.0
424.0
398.0
391.0
387.0
162.0
144.0
138.0
133.0
176.0
146.0
154.0
135.0
381.0
171.0
132.0
132.0
157.0
163.0
149.0
164.0
159.0
152.0
152.0
163.0
143.0
173.0
168.0
161.0
130.0
167.0
173.0
464.0
161.0
160.0
159.0
371.0
147.0
148.0
171.0
160.0
159.0
176.0
161.0
176.0
170.0
138.0
130.0
163.0
154.0
407.0
135.0
163.0
405.0
169.0
381.0
155.0
404.0
147.0
141.0
137.0
154.0
150.0
163.0
164.0
150.0
154.0
159.0
177.0
156.0
176.0
131.0
128.0
146.0
440.0
161.0
174.0
153.0
138.0
174.0
417.0
167.0
174.0
152.0
165.0
404.0
135.0
147.0
144.0
133.0
158.0
138.0
151.0
149.0
378.0
142.0
473.0
449.0
391.0
162.0
384.0
462.0
437.0
407.0
406.0
364.0
462.0
434.0
391.0
397.0
490.0
408.0
442.0
464.0
131.0
157.0
172.0
130.0
168.0
132.0
163.0
175.0
133.0
156.0
149.0
444.0
472.0
455.0
391.0
465.0
405.0
153.0
154.0
151.0
205.0
171.0
146.0
144.0
449.0
132.0
147.0
131.0
164.0
155.0
160.0
163.0
133.0
163.0
133.0
140.0
147.0
170.0
152.0
157.0
152.0
172.0
147.0
449.0
146.0
174.0
135.0
158.0
177.0
168.0
132.0
491.0
439.0
397.0
441.0
412.0
407.0
418.0
439.0
388.0
376.0
411.0
389.0
158.0
165.0
132.0
149.0
176.0
152.0
175.0
163.0
415.0
133.0
133.0
149.0
177.0
152.0
144.0
138.0
132.0
141.0
140.0
134.0
142.0
163.0
163.0
162.0
143.0
131.0
138.0
485.0
152.0
150.0
136.0
430.0
177.0
139.0
155.0
154.0
143.0
145.0
171.0
135.0
160.0
170.0
137.0
162.0
166.0
411.0
150.0
166.0
485.0
137.0
486.0
157.0
443.0
166.0
155.0
131.0
133.0
148.0
170.0
162.0
159.0
130.0
142.0
160.0
163.0
146.0
157.0
140.0
175.0
485.0
139.0
145.0
131.0
174.0
138.0
446.0
157.0
168.0
176.0
141.0
463.0
142.0
155.0
145.0
153.0
161.0
156.0
133.0
167.0
467.0
172.0
433.0
400.0
419.0
133.0
463.0
443.0
380.0
477.0
416.0
405.0
412.0
422.0
389.0
431.0
474.0
474.0
406.0
396.0
154.0
149.0
139.0
154.0
168.0
167.0
148.0
144.0
177.0
146.0
157.0
373.0
451.0
398.0
493.0
455.0
466.0
160.0
153.0
153.0
200.0
162.0
144.0
131.0
378.0
166.0
131.0
137.0
162.0
150.0
164.0
162.0
144.0
170.0
168.0
150.0
175.0
148.0
138.0
137.0
148.0
134.0
174.0
432.0
163.0
151.0
154.0
156.0
131.0
155.0
135.0
457.0
419.0
380.0
450.0
479.0
395.0
458.0
476.0
464.0
433.0
423.0
481.0
156.0
156.0
166.0
132.0
166.0
137.0
168.0
173.0
457.0
165.0
142.0
152.0
175.0
136.0
177.0
174.0
164.0
139.0
158.0
171.0
135.0
159.0
175.0
162.0
133.0
167.0
137.0
468.0
171.0
161.0
156.0
421.0
135.0
144.0
168.0
176.0
157.0
146.0
130.0
167.0
170.0
155.0
150.0
160.0
140.0
372.0
153.0
158.0
373.0
165.0
460.0
142.0
456.0
148.0
143.0
162.0
146.0
176.0
171.0
142.0
145.0
168.0
137.0
160.0
130.0
162.0
156.0
116.0
155.0
404.0
142.0
146.0
157.0
131.0
136.0
412.0
173.0
167.0
141.0
168.0
391.0
164.0
162.0
145.0
153.0
138.0
176.0
151.0
135.0
433.0
152.0
398.0
388.0
437.0
148.0
464.0
368.0
376.0
413.0
436.0
451.0
487.0
480.0
452.0
456.0
458.0
426.0
407.0
393.0
173.0
133.0
175.0
144.0
141.0
168.0
170.0
141.0
134.0
168.0
151.0
479.0
485.0
381.0
456.0
428.0
428.0
164.0
150.0
173.0
184.0
158.0
151.0
138.0
425.0
136.0
164.0
162.0
150.0
136.0
140.0
164.0
169.0
135.0
171.0
168.0
155.0
171.0
169.0
141.0
146.0
146.0
138.0
456.0
163.0
149.0
160.0
176.0
155.0
173.0
167.0
373.0
487.0
476.0
374.0
386.0
468.0
469.0
438.0
412.0
458.0
489.0
367.0
132.0
169.0
158.0
134.0
146.0
150.0
170.0
154.0
384.0
147.0
162.0
149.0
151.0
164.0
173.0
156.0
174.0
140.0
159.0
170.0
152.0
143.0
171.0
146.0
133.0
166.0
139.0
463.0
169.0
134.0
169.0
407.0
167.0
154.0
159.0
140.0
147.0
152.0
160.0
172.0
164.0
139.0
139.0
152.0
156.0
428.0
140.0
163.0
487.0
131.0
398.0
166.0
399.0
130.0
139.0
169.0
156.0
151.0
167.0
154.0
134.0
145.0
150.0
157.0
141.0
131.0
173.0
112.0
131.0
409.0
173.0
169.0
158.0
165.0
149.0
440.0
169.0
148.0
158.0
143.0
451.0
156.0
171.0
135.0
166.0
145.0
157.0
143.0
173.0
414.0
130.0
369.0
484.0
459.0
132.0
411.0
382.0
401.0
450.0
479.0
480.0
372.0
477.0
423.0
370.0
368.0
449.0
367.0
392.0
174.0
166.0
170.0
161.0
172.0
164.0
136.0
133.0
149.0
134.0
166.0
397.0
485.0
378.0
473.0
446.0
417.0
144.0
163.0
154.0
173.0
165.0
132.0
167.0
400.0
177.0
147.0
171.0
156.0
176.0
156.0
158.0
137.0
163.0
152.0
133.0
172.0
141.0
133.0
172.0
162.0
134.0
176.0
381.0
152.0
171.0
173.0
170.0
158.0
176.0
144.0
417.0
455.0
364.0
472.0
436.0
436.0
483.0
489.0
370.0
422.0
477.0
432.0
154.0
168.0
151.0
134.0
156.0
148.0
163.0
150.0
411.0
138.0
171.0
157.0
163.0
166.0
147.0
136.0
144.0
172.0
166.0
173.0
163.0
147.0
136.0
176.0
144.0
161.0
133.0
451.0
158.0
171.0
176.0
410.0
133.0
161.0
169.0
167.0
172.0
156.0
132.0
143.0
168.0
165.0
155.0
148.0
154.0
388.0
169.0
153.0
441.0
156.0
379.0
154.0
472.0
149.0
146.0
172.0
164.0
170.0
158.0
143.0
144.0
141.0
130.0
162.0
157.0
167.0
143.0
112.0
174.0
377.0
164.0
151.0
152.0
146.0
161.0
455.0
144.0
130.0
147.0
144.0
492.0
166.0
173.0
160.0
162.0
134.0
160.0
176.0
171.0
379.0
132.0
393.0
437.0
432.0
150.0
446.0
421.0
470.0
446.0
488.0
393.0
453.0
407.0
482.0
412.0
410.0
390.0
444.0
466.0
163.0
165.0
160.0
137.0
176.0
146.0
161.0
141.0
139.0
140.0
170.0
484.0
435.0
386.0
469.0
378.0
428.0
143.0
140.0
170.0
168.0
199.0
166.0
175.0
368.0
154.0
131.0
133.0
169.0
140.0
142.0
150.0
139.0
140.0
154.0
133.0
135.0
159.0
133.0
153.0
143.0
136.0
161.0
426.0
153.0
167.0
154.0
169.0
133.0
173.0
154.0
450.0
474.0
475.0
474.0
435.0
409.0
456.0
469.0
420.0
466.0
447.0
372.0
141.0
138.0
140.0
134.0
159.0
170.0
167.0
166.0
377.0
177.0
135.0
146.0
170.0
174.0
148.0
146.0
154.0
154.0
171.0
176.0
133.0
157.0
143.0
137.0
137.0
155.0
173.0
393.0
147.0
153.0
132.0
377.0
154.0
147.0
142.0
138.0
155.0
130.0
156.0
145.0
143.0
145.0
147.0
176.0
168.0
464.0
134.0
177.0
451.0
169.0
431.0
163.0
426.0
143.0
144.0
149.0
161.0
152.0
152.0
152.0
164.0
165.0
155.0
145.0
160.0
166.0
159.0
124.0
134.0
453.0
176.0
141.0
154.0
171.0
146.0
490.0
148.0
130.0
147.0
140.0
401.0
172.0
176.0
165.0
141.0
165.0
146.0
154.0
169.0
407.0
171.0
398.0
484.0
381.0
146.0
473.0
481.0
368.0
383.0
373.0
480.0
449.0
403.0
402.0
403.0
386.0
434.0
410.0
451.0
137.0
167.0
132.0
159.0
171.0
169.0
147.0
151.0
177.0
173.0
163.0
464.0
474.0
434.0
374.0
479.0
413.0
168.0
139.0
139.0
189.0
157.0
154.0
163.0
439.0
164.0
167.0
134.0
176.0
139.0
138.0
157.0
150.0
167.0
138.0
175.0
150.0
172.0
147.0
163.0
161.0
146.0
170.0
405.0
156.0
156.0
153.0
164.0
155.0
177.0
164.0
486.0
400.0
466.0
390.0
387.0
404.0
390.0
466.0
482.0
424.0
390.0
443.0
158.0
132.0
156.0
134.0
150.0
131.0
176.0
143.0
486.0
137.0
160.0
169.0
148.0
137.0
153.0
150.0
154.0
144.0
158.0
164.0
161.0
130.0
155.0
165.0
139.0
138.0
139.0
424.0
138.0
159.0
167.0
411.0
160.0
156.0
163.0
152.0
166.0
140.0
168.0
165.0
134.0
131.0
139.0
162.0
162.0
453.0
138.0
151.0
386.0
146.0
442.0
168.0
489.0
160.0
144.0
170.0
131.0
143.0
152.0
148.0
156.0
150.0
145.0
174.0
166.0
131.0
134.0
129.0
133.0
477.0
158.0
163.0
133.0
140.0
156.0
366.0
151.0
173.0
154.0
130.0
379.0
154.0
139.0
137.0
139.0
176.0
158.0
168.0
143.0
457.0
171.0
455.0
450.0
391.0
136.0
473.0
491.0
417.0
448.0
471.0
452.0
436.0
366.0
465.0
405.0
411.0
407.0
389.0
410.0
157.0
138.0
167.0
137.0
139.0
152.0
168.0
144.0
136.0
137.0
159.0
439.0
486.0
379.0
434.0
475.0
484.0
140.0
175.0
130.0
198.0
155.0
151.0
168.0
458.0
170.0
151.0
167.0
131.0
168.0
160.0
139.0
158.0
152.0
174.0
136.0
154.0
139.0
174.0
155.0
165.0
166.0
146.0
470.0
175.0
157.0
141.0
132.0
146.0
136.0
167.0
381.0
463.0
444.0
416.0
420.0
368.0
472.0
418.0
443.0
494.0
474.0
379.0
162.0
152.0
133.0
146.0
172.0
161.0
159.0
138.0
399.0
145.0
131.0
146.0
155.0
163.0
131.0
157.0
151.0
151.0
161.0
164.0
172.0
150.0
130.0
148.0
114.0
161.0
148.0
475.0
171.0
160.0
158.0
372.0
142.0
153.0
170.0
177.0
172.0
138.0
143.0
167.0
169.0
152.0
139.0
161.0
159.0
396.0
151.0
138.0
421.0
160.0
446.0
145.0
478.0
130.0
133.0
171.0
153.0
153.0
154.0
161.0
152.0
133.0
146.0
168.0
170.0
177.0
157.0
117.0
134.0
394.0
166.0
134.0
138.0
141.0
172.0
387.0
136.0
135.0
169.0
161.0
388.0
135.0
165.0
160.0
157.0
175.0
154.0
154.0
157.0
430.0
149.0
465.0
473.0
430.0
141.0
475.0
446.0
462.0
467.0
447.0
454.0
479.0
419.0
443.0
461.0
407.0
480.0
492.0
374.0
154.0
175.0
176.0
158.0
175.0
145.0
151.0
134.0
143.0
171.0
146.0
366.0
363.0
415.0
427.0
458.0
433.0
133.0
139.0
171.0
160.0
180.0
143.0
172.0
410.0
144.0
151.0
142.0
151.0
175.0
156.0
139.0
162.0
134.0
164.0
175.0
160.0
131.0
157.0
175.0
166.0
134.0
133.0
394.0
170.0
159.0
160.0
131.0
147.0
134.0
157.0
448.0
424.0
371.0
490.0
456.0
413.0
462.0
432.0
420.0
430.0
439.0
390.0
161.0
139.0
173.0
149.0
170.0
139.0
166.0
135.0
480.0
146.0
149.0
149.0
176.0
171.0
169.0
175.0
153.0
137.0
167.0
167.0
161.0
142.0
169.0
134.0
143.0
149.0
147.0
477.0
168.0
177.0
165.0
387.0
131.0
134.0
136.0
161.0
167.0
151.0
148.0
167.0
157.0
146.0
136.0
142.0
141.0
366.0
140.0
147.0
438.0
142.0
445.0
175.0
365.0
155.0
133.0
165.0
133.0
173.0
159.0
172.0
155.0
137.0
166.0
133.0
170.0
145.0
150.0
136.0
136.0
416.0
152.0
136.0
153.0
164.0
151.0
378.0
177.0
163.0
136.0
137.0
385.0
154.0
171.0
166.0
176.0
135.0
161.0
131.0
164.0
454.0
166.0
452.0
375.0
417.0
177.0
368.0
437.0
493.0
380.0
379.0
468.0
426.0
382.0
481.0
449.0
419.0
378.0
395.0
492.0
134.0
174.0
149.0
150.0
156.0
147.0
167.0
168.0
168.0
172.0
147.0
471.0
379.0
439.0
398.0
383.0
425.0
163.0
134.0
139.0
