I_BRKGA_178_6_15_7_CESP
178 6 15 495.0
56738.5
60927.5
58159.5
59432.5
57021.5
64012.5
59798.5
54994.5
56192.5
54653.5
63349.5
57580.5
63060.5
58794.5
54923.5
0.06869878642490997
0.058078361514381324
0.07387762098442838
0.06478087285910383
0.07774243973559834
0.057201640296039635
0.06725206898850299
0.05539260566569096
0.07336522732102925
0.05757362648800667
0.06806170386810241
0.054339460783489
0.07269712570787545
0.05594398769996408
0.09499447166287767
123.0
113.0
112.0
127.0
129.0
128.0
2557.0
22.0
1261.0
1300.0
67.0
529.0
487.0
1219.0
33.0
539.0
118.0
178.0
47.0
320.0
244.0
367.0
59.0
308.0
223.0
490.0
204.0
1089.0
171.0
332.0
426.0
1326.0
2496.0
1092.0
1014.0
13.0
214.0
522.0
288.0
76.0
231.0
81.0
293.0
13.0
10.0
10.0
12.0
14.0
12.0
14.0
93.0
13.0
12.0
12.0
29.0
349.0
158.0
781.0
1341.0
575.0
358.0
1134.0
293.0
155.0
856.0
5142.0
5741.0
125.0
165.0
336.0
50.0
27.0
187.0
216.0
189.0
534.0
26.0
72.0
63.0
26.0
124.0
27.0
30.0
20.0
119.0
176.0
852.0
50.0
122.0
61.0
46.0
151.0
202.0
310.0
142.0
161.0
72.0
847.0
161.0
141.0
734.0
35.0
62.0
201.0
92.0
14.0
346.0
120.0
20.0
25.0
31.0
8.0
72.0
276.0
106.0
71.0
91.0
55.0
41.0
87.0
150.0
45.0
27.0
53.0
149.0
107.0
86.0
133.0
48.0
67.0
7.0
1523.0
56.0
116.0
59.0
47.0
639.0
797.0
114.0
1421.0
1063.0
26.0
116.0
109.0
259.0
6587.0
211.0
96.0
167.0
289.0
30.0
270.0
30.0
127.0
247.0
82.0
130.0
780.0
123.0
157.0
438.0
319.0
216.0
66.0
1245.0
126.0
120.0
67.0
87.0
113.0
19.0
272.0
187.0
365.0
165.0
37.0
65.0
53.0
192.0
234.0
305.0
190.0
840.0
1323.0
473.0
1238.0
33.0
551.0
111.0
183.0
46.0
317.0
257.0
376.0
56.0
310.0
215.0
483.0
204.0
1138.0
164.0
346.0
418.0
1286.0
2521.0
1066.0
1034.0
13.0
232.0
533.0
282.0
74.0
242.0
82.0
302.0
14.0
10.0
10.0
11.0
14.0
12.0
14.0
96.0
14.0
12.0
12.0
28.0
349.0
167.0
776.0
1328.0
561.0
331.0
1166.0
280.0
159.0
835.0
5277.0
5890.0
121.0
157.0
304.0
51.0
29.0
189.0
213.0
177.0
518.0
28.0
75.0
65.0
25.0
126.0
29.0
33.0
20.0
115.0
176.0
819.0
48.0
121.0
66.0
43.0
159.0
200.0
327.0
146.0
175.0
74.0
826.0
156.0
148.0
796.0
38.0
62.0
212.0
91.0
14.0
345.0
117.0
21.0
25.0
32.0
8.0
70.0
272.0
108.0
71.0
83.0
59.0
41.0
81.0
139.0
46.0
27.0
56.0
153.0
110.0
80.0
132.0
47.0
67.0
7.0
1527.0
59.0
109.0
56.0
46.0
608.0
826.0
112.0
1392.0
1142.0
26.0
119.0
109.0
263.0
6489.0
205.0
99.0
164.0
285.0
31.0
278.0
28.0
127.0
242.0
81.0
131.0
788.0
116.0
144.0
463.0
315.0
216.0
71.0
1234.0
132.0
127.0
73.0
89.0
120.0
19.0
256.0
192.0
350.0
175.0
38.0
66.0
48.0
189.0
231.0
300.0
204.0
856.0
1201.0
516.0
1299.0
33.0
533.0
109.0
181.0
48.0
335.0
248.0
395.0
58.0
296.0
213.0
471.0
207.0
1099.0
162.0
334.0
444.0
1340.0
2512.0
1030.0
1034.0
12.0
222.0
543.0
272.0
70.0
241.0
74.0
298.0
14.0
10.0
10.0
12.0
14.0
12.0
13.0
93.0
14.0
11.0
12.0
29.0
347.0
162.0
788.0
1281.0
583.0
334.0
1186.0
287.0
151.0
802.0
5432.0
5993.0
120.0
169.0
333.0
50.0
28.0
177.0
206.0
181.0
518.0
27.0
78.0
61.0
26.0
121.0
29.0
32.0
20.0
109.0
174.0
892.0
53.0
119.0
63.0
42.0
156.0
208.0
316.0
141.0
166.0
73.0
864.0
165.0
138.0
767.0
38.0
64.0
202.0
97.0
14.0
356.0
125.0
21.0
24.0
30.0
8.0
74.0
275.0
111.0
68.0
90.0
56.0
40.0
86.0
148.0
47.0
27.0
58.0
160.0
110.0
80.0
133.0
44.0
67.0
7.0
1646.0
59.0
108.0
56.0
48.0
599.0
879.0
119.0
1396.0
1066.0
26.0
117.0
115.0
266.0
6657.0
200.0
93.0
159.0
291.0
31.0
283.0
29.0
128.0
258.0
82.0
135.0
790.0
118.0
144.0
452.0
308.0
213.0
70.0
1280.0
123.0
117.0
72.0
93.0
119.0
20.0
259.0
204.0
365.0
161.0
38.0
65.0
53.0
199.0
237.0
314.0
202.0
871.0
1204.0
510.0
1319.0
33.0
545.0
119.0
176.0
46.0
336.0
260.0
373.0
57.0
303.0
229.0
496.0
200.0
1095.0
171.0
348.0
434.0
1331.0
2568.0
1088.0
1011.0
12.0
218.0
511.0
282.0
74.0
230.0
76.0
289.0
14.0
10.0
10.0
12.0
14.0
12.0
14.0
94.0
14.0
12.0
12.0
28.0
348.0
158.0
783.0
1267.0
580.0
340.0
1115.0
290.0
149.0
842.0
5079.0
5489.0
124.0
172.0
334.0
51.0
27.0
186.0
209.0
179.0
505.0
27.0
79.0
61.0
26.0
121.0
29.0
32.0
20.0
112.0
177.0
861.0
49.0
120.0
62.0
46.0
152.0
214.0
343.0
147.0
174.0
70.0
862.0
163.0
151.0
772.0
37.0
64.0
195.0
90.0
14.0
346.0
124.0
19.0
25.0
31.0
8.0
71.0
251.0
113.0
68.0
91.0
55.0
37.0
82.0
145.0
49.0
27.0
57.0
162.0
107.0
84.0
128.0
45.0
64.0
7.0
1587.0
56.0
114.0
55.0
45.0
641.0
798.0
116.0
1401.0
1064.0
25.0
111.0
119.0
275.0
6809.0
209.0
100.0
151.0
282.0
32.0
267.0
28.0
122.0
243.0
76.0
138.0
759.0
115.0
149.0
447.0
321.0
208.0
68.0
1183.0
125.0
119.0
68.0
93.0
112.0
19.0
258.0
198.0
342.0
166.0
37.0
66.0
53.0
206.0
239.0
304.0
194.0
885.0
1216.0
475.0
1286.0
33.0
556.0
116.0
185.0
44.0
333.0
247.0
369.0
59.0
300.0
214.0
462.0
202.0
1118.0
162.0
326.0
409.0
1350.0
2625.0
1062.0
1004.0
13.0
228.0
509.0
267.0
73.0
249.0
80.0
284.0
14.0
10.0
10.0
12.0
14.0
12.0
13.0
96.0
14.0
11.0
12.0
28.0
358.0
169.0
836.0
1334.0
558.0
335.0
1138.0
291.0
155.0
876.0
5355.0
5612.0
122.0
162.0
306.0
48.0
27.0
180.0
211.0
196.0
515.0
28.0
74.0
61.0
26.0
128.0
28.0
31.0
19.0
114.0
166.0
817.0
52.0
131.0
65.0
46.0
162.0
206.0
334.0
140.0
160.0
76.0
832.0
167.0
148.0
747.0
36.0
61.0
208.0
95.0
14.0
332.0
122.0
21.0
25.0
30.0
8.0
71.0
260.0
103.0
69.0
89.0
54.0
41.0
85.0
152.0
49.0
27.0
55.0
159.0
102.0
80.0
134.0
46.0
62.0
7.0
1503.0
56.0
117.0
55.0
45.0
644.0
855.0
118.0
1315.0
1091.0
26.0
119.0
109.0
268.0
6368.0
204.0
96.0
162.0
276.0
32.0
262.0
29.0
118.0
256.0
77.0
130.0
820.0
123.0
156.0
427.0
303.0
216.0
68.0
1245.0
130.0
119.0
72.0
85.0
117.0
20.0
257.0
199.0
348.0
166.0
39.0
71.0
49.0
198.0
222.0
293.0
204.0
892.0
1261.0
472.0
1320.0
36.0
555.0
116.0
187.0
47.0
339.0
250.0
373.0
60.0
302.0
215.0
484.0
217.0
1115.0
172.0
348.0
441.0
1375.0
2638.0
1012.0
1001.0
12.0
219.0
539.0
270.0
73.0
241.0
80.0
282.0
14.0
10.0
10.0
12.0
14.0
11.0
14.0
99.0
14.0
12.0
12.0
29.0
359.0
171.0
816.0
1308.0
562.0
338.0
1163.0
290.0
146.0
830.0
5285.0
5636.0
125.0
156.0
317.0
48.0
29.0
178.0
224.0
192.0
513.0
28.0
74.0
65.0
26.0
116.0
28.0
32.0
20.0
115.0
177.0
833.0
52.0
119.0
65.0
43.0
153.0
210.0
342.0
154.0
176.0
71.0
848.0
155.0
147.0
779.0
38.0
63.0
206.0
91.0
13.0
326.0
121.0
20.0
26.0
30.0
8.0
73.0
252.0
112.0
73.0
91.0
58.0
41.0
84.0
149.0
48.0
27.0
54.0
152.0
107.0
85.0
127.0
47.0
63.0
7.0
1524.0
55.0
112.0
56.0
45.0
610.0
832.0
122.0
1410.0
1083.0
25.0
114.0
112.0
269.0
6737.0
215.0
102.0
154.0
284.0
31.0
275.0
29.0
119.0
259.0
76.0
139.0
791.0
114.0
155.0
455.0
306.0
211.0
70.0
1272.0
128.0
127.0
69.0
86.0
111.0
19.0
256.0
197.0
370.0
164.0
36.0
69.0
52.0
191.0
228.0
322.0
187.0
885.0
1285.0
510.0
1288.0
35.0
511.0
114.0
174.0
45.0
323.0
262.0
369.0
60.0
306.0
229.0
458.0
203.0
1124.0
160.0
334.0
437.0
1350.0
2493.0
1095.0
1011.0
13.0
211.0
557.0
271.0
75.0
231.0
79.0
274.0
14.0
10.0
10.0
12.0
13.0
12.0
14.0
100.0
13.0
12.0
12.0
27.0
365.0
173.0
798.0
1273.0
593.0
348.0
1169.0
284.0
148.0
804.0
5028.0
5631.0
125.0
162.0
312.0
48.0
29.0
187.0
207.0
195.0
512.0
28.0
72.0
62.0
25.0
117.0
28.0
30.0
20.0
115.0
176.0
841.0
53.0
127.0
62.0
45.0
161.0
216.0
334.0
149.0
173.0
75.0
846.0
158.0
146.0
748.0
38.0
60.0
213.0
97.0
14.0
354.0
129.0
21.0
25.0
32.0
8.0
70.0
263.0
110.0
72.0
84.0
59.0
38.0
88.0
151.0
46.0
25.0
58.0
163.0
106.0
87.0
138.0
48.0
62.0
7.0
1593.0
56.0
110.0
58.0
48.0
657.0
805.0
114.0
1339.0
1051.0
24.0
122.0
115.0
253.0
6298.0
201.0
96.0
152.0
286.0
31.0
273.0
30.0
129.0
241.0
78.0
140.0
770.0
124.0
154.0
419.0
310.0
208.0
69.0
1216.0
123.0
115.0
67.0
94.0
114.0
19.0
272.0
206.0
357.0
175.0
37.0
65.0
51.0
206.0
233.0
303.0
203.0
825.0
1269.0
468.0
1237.0
35.0
534.0
118.0
186.0
46.0
328.0
251.0
378.0
57.0
295.0
220.0
495.0
217.0
1100.0
166.0
345.0
437.0
1337.0
2725.0
1028.0
987.0
13.0
231.0
526.0
295.0
70.0
229.0
78.0
299.0
14.0
10.0
10.0
11.0
14.0
12.0
14.0
93.0
14.0
12.0
12.0
28.0
353.0
157.0
840.0
1281.0
586.0
359.0
1104.0
291.0
147.0
829.0
5349.0
5981.0
121.0
172.0
314.0
48.0
28.0
193.0
224.0
183.0
521.0
26.0
79.0
64.0
26.0
126.0
27.0
32.0
19.0
118.0
174.0
842.0
52.0
120.0
66.0
45.0
165.0
215.0
325.0
145.0
160.0
70.0
856.0
152.0
153.0
786.0
38.0
64.0
212.0
97.0
14.0
328.0
124.0
20.0
25.0
32.0
8.0
72.0
258.0
111.0
67.0
82.0
59.0
41.0
83.0
148.0
45.0
25.0
57.0
149.0
101.0
85.0
134.0
45.0
62.0
7.0
1661.0
59.0
111.0
55.0
47.0
600.0
873.0
117.0
1332.0
1045.0
26.0
116.0
108.0
272.0
6215.0
212.0
94.0
158.0
291.0
30.0
266.0
29.0
127.0
260.0
83.0
128.0
815.0
124.0
146.0
462.0
327.0
205.0
71.0
1230.0
127.0
118.0
67.0
91.0
121.0
20.0
269.0
199.0
359.0
161.0
36.0
71.0
49.0
186.0
231.0
309.0
190.0
811.0
1263.0
470.0
1311.0
34.0
517.0
112.0
185.0
48.0
326.0
265.0
372.0
60.0
312.0
227.0
485.0
214.0
1116.0
169.0
355.0
427.0
1311.0
2510.0
1025.0
1006.0
12.0
219.0
535.0
280.0
73.0
253.0
82.0
300.0
14.0
10.0
10.0
12.0
13.0
12.0
13.0
95.0
14.0
12.0
12.0
28.0
350.0
169.0
812.0
1316.0
558.0
351.0
1148.0
283.0
155.0
807.0
5302.0
5531.0
131.0
168.0
303.0
48.0
28.0
189.0
205.0
183.0
485.0
27.0
77.0
65.0
25.0
128.0
28.0
32.0
20.0
112.0
169.0
903.0
52.0
129.0
65.0
43.0
154.0
203.0
317.0
154.0
164.0
75.0
828.0
158.0
143.0
786.0
36.0
63.0
214.0
98.0
14.0
334.0
127.0
20.0
24.0
30.0
8.0
72.0
269.0
108.0
71.0
91.0
56.0
41.0
87.0
146.0
45.0
26.0
53.0
163.0
103.0
86.0
133.0
45.0
66.0
7.0
1660.0
57.0
113.0
55.0
47.0
607.0
823.0
117.0
1380.0
1149.0
24.0
120.0
113.0
277.0
6257.0
203.0
95.0
152.0
273.0
31.0
265.0
28.0
124.0
260.0
77.0
130.0
793.0
116.0
158.0
464.0
321.0
209.0
66.0
1265.0
128.0
127.0
73.0
90.0
119.0
19.0
252.0
196.0
373.0
172.0
38.0
68.0
51.0
206.0
228.0
300.0
198.0
892.0
1258.0
499.0
1293.0
36.0
536.0
117.0
192.0
44.0
347.0
253.0
396.0
56.0
290.0
222.0
493.0
202.0
1055.0
163.0
333.0
443.0
1279.0
2536.0
1051.0
1030.0
13.0
226.0
508.0
274.0
71.0
232.0
78.0
288.0
14.0
10.0
10.0
12.0
14.0
12.0
14.0
92.0
14.0
12.0
11.0
27.0
358.0
171.0
817.0
1376.0
598.0
360.0
1167.0
273.0
152.0
797.0
5277.0
5810.0
122.0
171.0
316.0
49.0
27.0
180.0
222.0
188.0
489.0
28.0
76.0
63.0
25.0
128.0
28.0
32.0
19.0
117.0
172.0
846.0
49.0
123.0
64.0
44.0
159.0
220.0
320.0
152.0
171.0
76.0
846.0
161.0
149.0
734.0
36.0
65.0
212.0
90.0
13.0
340.0
120.0
21.0
25.0
32.0
8.0
69.0
250.0
109.0
74.0
86.0
59.0
39.0
86.0
153.0
47.0
26.0
55.0
163.0
102.0
79.0
136.0
48.0
67.0
7.0
1554.0
58.0
112.0
57.0
48.0
602.0
828.0
123.0
1341.0
1129.0
26.0
117.0
118.0
277.0
6334.0
208.0
96.0
161.0
270.0
32.0
270.0
29.0
126.0
252.0
80.0
128.0
754.0
115.0
155.0
424.0
322.0
218.0
67.0
1263.0
126.0
126.0
69.0
86.0
118.0
20.0
268.0
192.0
367.0
165.0
37.0
70.0
48.0
204.0
233.0
317.0
194.0
889.0
1223.0
493.0
1313.0
35.0
559.0
117.0
178.0
44.0
321.0
258.0
397.0
59.0
315.0
219.0
495.0
216.0
1120.0
169.0
326.0
438.0
1366.0
2704.0
1003.0
1031.0
13.0
221.0
517.0
277.0
75.0
229.0
82.0
300.0
14.0
10.0
10.0
11.0
13.0
11.0
14.0
92.0
13.0
11.0
12.0
27.0
367.0
169.0
828.0
1393.0
592.0
341.0
1085.0
295.0
158.0
805.0
4986.0
5985.0
131.0
172.0
324.0
47.0
28.0
187.0
210.0
182.0
520.0
28.0
78.0
65.0
25.0
128.0
29.0
31.0
18.0
113.0
170.0
845.0
53.0
126.0
64.0
45.0
160.0
206.0
333.0
147.0
161.0
70.0
849.0
156.0
151.0
783.0
38.0
61.0
195.0
93.0
14.0
343.0
126.0
20.0
26.0
30.0
8.0
69.0
262.0
105.0
70.0
90.0
59.0
41.0
86.0
147.0
47.0
27.0
53.0
157.0
102.0
80.0
128.0
45.0
65.0
7.0
1636.0
56.0
118.0
54.0
46.0
619.0
845.0
115.0
1317.0
1134.0
25.0
114.0
109.0
267.0
6304.0
203.0
101.0
166.0
284.0
31.0
280.0
30.0
124.0
255.0
81.0
130.0
764.0
115.0
152.0
463.0
301.0
216.0
70.0
1232.0
131.0
126.0
72.0
91.0
116.0
19.0
271.0
191.0
370.0
172.0
39.0
66.0
51.0
186.0
224.0
307.0
198.0
897.0
1287.0
481.0
1257.0
36.0
532.0
117.0
180.0
47.0
331.0
253.0
376.0
61.0
307.0
234.0
474.0
213.0
1066.0
161.0
345.0
428.0
1361.0
2682.0
1060.0
1041.0
13.0
211.0
515.0
294.0
71.0
245.0
76.0
292.0
13.0
10.0
10.0
12.0
14.0
11.0
14.0
92.0
14.0
11.0
12.0
29.0
349.0
158.0
791.0
1319.0
590.0
351.0
1166.0
290.0
147.0
805.0
5449.0
5965.0
119.0
164.0
318.0
50.0
27.0
185.0
225.0
189.0
504.0
27.0
77.0
66.0
26.0
117.0
29.0
30.0
19.0
113.0
177.0
898.0
52.0
124.0
65.0
45.0
158.0
212.0
333.0
155.0
167.0
73.0
878.0
157.0
148.0
733.0
37.0
61.0
198.0
92.0
14.0
341.0
123.0
21.0
24.0
31.0
8.0
73.0
266.0
113.0
73.0
91.0
57.0
41.0
81.0
140.0
48.0
26.0
54.0
163.0
108.0
82.0
134.0
47.0
67.0
7.0
1613.0
58.0
118.0
57.0
46.0
615.0
833.0
116.0
1407.0
1125.0
26.0
118.0
111.0
268.0
6391.0
199.0
97.0
163.0
270.0
31.0
281.0
30.0
118.0
246.0
78.0
141.0
760.0
118.0
157.0
455.0
317.0
225.0
71.0
1175.0
129.0
120.0
69.0
88.0
122.0
19.0
258.0
203.0
362.0
172.0
38.0
69.0
50.0
188.0
237.0
317.0
201.0
878.0
1255.0
501.0
1268.0
36.0
507.0
119.0
179.0
45.0
325.0
261.0
389.0
61.0
314.0
233.0
504.0
209.0
1138.0
171.0
349.0
428.0
1385.0
2600.0
1059.0
1046.0
13.0
215.0
528.0
280.0
70.0
242.0
76.0
273.0
14.0
10.0
10.0
12.0
14.0
11.0
14.0
95.0
14.0
12.0
12.0
28.0
353.0
167.0
800.0
1327.0
599.0
349.0
1123.0
283.0
144.0
799.0
5409.0
5630.0
120.0
167.0
332.0
51.0
27.0
179.0
206.0
187.0
534.0
27.0
77.0
65.0
27.0
123.0
29.0
30.0
19.0
116.0
163.0
887.0
50.0
126.0
67.0
43.0
159.0
201.0
323.0
155.0
171.0
75.0
844.0
167.0
142.0
745.0
36.0
62.0
213.0
91.0
14.0
323.0
122.0
21.0
25.0
30.0
8.0
72.0
261.0
105.0
73.0
85.0
59.0
40.0
84.0
151.0
48.0
26.0
54.0
162.0
103.0
82.0
127.0
44.0
64.0
7.0
1581.0
56.0
117.0
55.0
48.0
647.0
818.0
117.0
1417.0
1098.0
26.0
120.0
113.0
256.0
6602.0
207.0
98.0
167.0
289.0
31.0
287.0
29.0
125.0
251.0
81.0
133.0
758.0
115.0
149.0
456.0
327.0
204.0
68.0
1239.0
129.0
121.0
72.0
92.0
110.0
20.0
257.0
199.0
372.0
159.0
39.0
66.0
52.0
199.0
240.0
311.0
197.0
893.0
1246.0
518.0
1232.0
36.0
523.0
118.0
188.0
48.0
336.0
250.0
397.0
59.0
310.0
228.0
471.0
200.0
1085.0
164.0
352.0
439.0
1301.0
2626.0
1004.0
952.0
13.0
214.0
516.0
295.0
73.0
239.0
76.0
294.0
13.0
10.0
10.0
12.0
13.0
11.0
14.0
94.0
14.0
12.0
12.0
27.0
353.0
162.0
766.0
1265.0
550.0
347.0
1188.0
271.0
158.0
818.0
5361.0
5830.0
125.0
163.0
308.0
48.0
28.0
189.0
224.0
192.0
488.0
26.0
78.0
67.0
27.0
120.0
28.0
33.0
19.0
119.0
176.0
856.0
52.0
121.0
64.0
46.0
157.0
206.0
317.0
153.0
164.0
72.0
866.0
168.0
139.0
744.0
38.0
64.0
200.0
90.0
13.0
346.0
124.0
20.0
26.0
29.0
8.0
76.0
264.0
106.0
70.0
86.0
56.0
41.0
82.0
153.0
48.0
25.0
54.0
162.0
106.0
81.0
136.0
46.0
63.0
7.0
1502.0
58.0
117.0
55.0
48.0
612.0
864.0
112.0
1429.0
1103.0
24.0
113.0
117.0
273.0
6452.0
204.0
97.0
163.0
279.0
33.0
265.0
29.0
130.0
252.0
77.0
134.0
832.0
122.0
159.0
456.0
320.0
210.0
68.0
1230.0
129.0
126.0
73.0
90.0
111.0
20.0
250.0
203.0
367.0
167.0
36.0
70.0
53.0
193.0
232.0
299.0
201.0
868.0
1246.0
472.0
1302.0
35.0
546.0
117.0
186.0
46.0
344.0
256.0
383.0
58.0
297.0
232.0
495.0
213.0
1084.0
161.0
326.0
415.0
1278.0
2743.0
1045.0
1017.0
13.0
221.0
535.0
277.0
73.0
232.0
80.0
288.0
14.0
10.0
10.0
12.0
14.0
11.0
14.0
95.0
13.0
12.0
12.0
27.0
347.0
162.0
835.0
1315.0
585.0
359.0
1106.0
279.0
144.0
814.0
5488.0
5457.0
129.0
173.0
316.0
49.0
27.0
178.0
209.0
196.0
514.0
26.0
73.0
67.0
27.0
121.0
28.0
31.0
20.0
109.0
173.0
836.0
52.0
119.0
62.0
43.0
157.0
217.0
329.0
141.0
171.0
71.0
858.0
153.0
140.0
727.0
35.0
60.0
211.0
96.0
14.0
337.0
123.0
21.0
26.0
32.0
8.0
69.0
265.0
113.0
70.0
87.0
58.0
39.0
89.0
144.0
49.0
25.0
58.0
158.0
102.0
86.0
127.0
48.0
61.0
7.0
1532.0
58.0
109.0
57.0
46.0
642.0
802.0
118.0
1441.0
1078.0
25.0
114.0
115.0
263.0
6455.0
216.0
92.0
166.0
299.0
30.0
274.0
29.0
124.0
238.0
77.0
141.0
819.0
124.0
155.0
436.0
319.0
214.0
70.0
1207.0
131.0
126.0
73.0
87.0
121.0
19.0
260.0
202.0
342.0
166.0
37.0
69.0
50.0
189.0
234.0
301.0
187.0
848.0
1277.0
189.0
170.0
135.0
166.0
380.0
156.0
173.0
169.0
176.0
144.0
168.0
157.0
173.0
174.0
135.0
172.0
165.0
169.0
166.0
151.0
145.0
166.0
162.0
467.0
140.0
166.0
136.0
161.0
168.0
146.0
163.0
452.0
397.0
484.0
419.0
480.0
451.0
494.0
401.0
401.0
460.0
466.0
400.0
136.0
150.0
135.0
153.0
152.0
136.0
143.0
134.0
429.0
148.0
146.0
139.0
159.0
177.0
135.0
172.0
133.0
148.0
161.0
167.0
162.0
151.0
139.0
142.0
126.0
176.0
164.0
468.0
169.0
163.0
157.0
423.0
135.0
157.0
130.0
138.0
167.0
154.0
147.0
152.0
162.0
134.0
144.0
166.0
176.0
442.0
147.0
151.0
439.0
159.0
478.0
143.0
386.0
137.0
159.0
174.0
164.0
156.0
136.0
154.0
172.0
142.0
156.0
156.0
171.0
163.0
174.0
152.0
153.0
400.0
137.0
154.0
163.0
171.0
140.0
491.0
172.0
146.0
166.0
149.0
380.0
152.0
152.0
168.0
130.0
162.0
170.0
176.0
138.0
451.0
154.0
447.0
480.0
369.0
145.0
391.0
386.0
408.0
372.0
433.0
418.0
375.0
490.0
408.0
431.0
460.0
438.0
473.0
472.0
163.0
147.0
132.0
160.0
174.0
170.0
136.0
167.0
151.0
174.0
165.0
457.0
494.0
376.0
391.0
390.0
467.0
151.0
132.0
149.0
200.0
188.0
171.0
165.0
432.0
158.0
141.0
149.0
175.0
175.0
156.0
174.0
131.0
140.0
131.0
139.0
161.0
159.0
167.0
131.0
160.0
151.0
136.0
392.0
144.0
146.0
164.0
153.0
170.0
153.0
146.0
442.0
377.0
375.0
393.0
381.0
461.0
417.0
409.0
391.0
458.0
392.0
372.0
136.0
134.0
153.0
175.0
137.0
160.0
159.0
169.0
410.0
167.0
159.0
139.0
164.0
134.0
131.0
167.0
164.0
173.0
144.0
165.0
166.0
134.0
141.0
158.0
150.0
137.0
157.0
401.0
149.0
166.0
158.0
471.0
144.0
172.0
162.0
136.0
147.0
167.0
137.0
147.0
159.0
156.0
156.0
167.0
154.0
396.0
148.0
168.0
419.0
159.0
370.0
171.0
480.0
160.0
150.0
149.0
145.0
131.0
138.0
169.0
147.0
132.0
171.0
146.0
148.0
138.0
165.0
118.0
145.0
457.0
137.0
145.0
133.0
142.0
145.0
398.0
141.0
165.0
145.0
157.0
473.0
142.0
154.0
175.0
140.0
130.0
162.0
140.0
147.0
386.0
145.0
438.0
409.0
418.0
158.0
482.0
446.0
385.0
395.0
441.0
397.0
405.0
395.0
367.0
426.0
450.0
388.0
376.0
384.0
140.0
154.0
131.0
176.0
149.0
133.0
156.0
143.0
158.0
168.0
144.0
406.0
451.0
416.0
433.0
479.0
395.0
137.0
140.0
162.0
164.0
180.0
160.0
147.0
417.0
132.0
172.0
146.0
153.0
162.0
156.0
143.0
162.0
159.0
169.0
171.0
158.0
131.0
139.0
140.0
159.0
163.0
146.0
462.0
147.0
139.0
171.0
163.0
134.0
176.0
134.0
463.0
418.0
467.0
467.0
485.0
421.0
385.0
375.0
365.0
389.0
472.0
411.0
149.0
137.0
148.0
133.0
165.0
173.0
161.0
176.0
464.0
161.0
145.0
138.0
158.0
162.0
176.0
156.0
133.0
148.0
161.0
130.0
168.0
145.0
150.0
151.0
130.0
134.0
154.0
382.0
171.0
156.0
141.0
406.0
153.0
147.0
170.0
169.0
133.0
167.0
148.0
144.0
153.0
148.0
176.0
141.0
150.0
388.0
165.0
173.0
467.0
131.0
388.0
171.0
451.0
156.0
177.0
160.0
172.0
176.0
145.0
161.0
152.0
146.0
146.0
131.0
157.0
146.0
149.0
151.0
168.0
424.0
176.0
150.0
177.0
144.0
149.0
416.0
157.0
144.0
148.0
149.0
430.0
135.0
131.0
161.0
139.0
153.0
152.0
158.0
164.0
401.0
148.0
491.0
451.0
365.0
153.0
424.0
377.0
378.0
378.0
458.0
434.0
471.0
447.0
402.0
487.0
387.0
365.0
444.0
396.0
171.0
165.0
141.0
166.0
153.0
142.0
176.0
152.0
172.0
147.0
155.0
383.0
421.0
392.0
458.0
474.0
403.0
133.0
162.0
132.0
171.0
192.0
144.0
159.0
485.0
142.0
177.0
147.0
176.0
174.0
151.0
165.0
175.0
171.0
130.0
139.0
157.0
169.0
171.0
173.0
156.0
173.0
137.0
397.0
164.0
137.0
159.0
176.0
173.0
168.0
152.0
491.0
363.0
473.0
450.0
403.0
464.0
420.0
435.0
452.0
401.0
395.0
478.0
156.0
146.0
135.0
146.0
160.0
168.0
161.0
144.0
424.0
132.0
139.0
149.0
138.0
177.0
155.0
132.0
172.0
140.0
166.0
131.0
145.0
130.0
138.0
132.0
152.0
169.0
167.0
429.0
175.0
134.0
135.0
471.0
158.0
146.0
144.0
159.0
149.0
152.0
164.0
130.0
163.0
140.0
145.0
137.0
137.0
400.0
171.0
162.0
409.0
167.0
440.0
155.0
425.0
173.0
160.0
164.0
143.0
169.0
175.0
160.0
132.0
149.0
173.0
174.0
142.0
144.0
175.0
134.0
142.0
402.0
146.0
175.0
133.0
130.0
158.0
458.0
170.0
153.0
131.0
140.0
390.0
140.0
159.0
173.0
176.0
153.0
152.0
159.0
140.0
400.0
173.0
435.0
447.0
483.0
153.0
377.0
450.0
415.0
402.0
481.0
465.0
375.0
399.0
383.0
490.0
363.0
446.0
451.0
417.0
130.0
142.0
130.0
158.0
160.0
134.0
150.0
159.0
154.0
150.0
175.0
407.0
399.0
492.0
415.0
440.0
449.0
138.0
143.0
166.0
161.0
184.0
135.0
144.0
416.0
169.0
141.0
173.0
137.0
154.0
149.0
159.0
149.0
157.0
162.0
135.0
151.0
142.0
146.0
162.0
142.0
174.0
174.0
486.0
130.0
133.0
153.0
173.0
161.0
132.0
176.0
431.0
395.0
377.0
485.0
400.0
391.0
376.0
376.0
458.0
407.0
364.0
467.0
132.0
135.0
160.0
170.0
169.0
174.0
155.0
159.0
366.0
142.0
144.0
146.0
138.0
155.0
168.0
176.0
134.0
157.0
132.0
131.0
131.0
131.0
152.0
136.0
123.0
156.0
133.0
446.0
162.0
137.0
161.0
483.0
143.0
175.0
139.0
163.0
163.0
177.0
165.0
152.0
141.0
130.0
164.0
144.0
140.0
408.0
162.0
152.0
370.0
150.0
378.0
139.0
461.0
143.0
162.0
137.0
142.0
138.0
167.0
145.0
162.0
152.0
177.0
159.0
131.0
176.0
176.0
142.0
150.0
453.0
134.0
136.0
170.0
151.0
160.0
470.0
151.0
134.0
143.0
165.0
431.0
137.0
149.0
168.0
155.0
168.0
144.0
162.0
158.0
394.0
155.0
478.0
404.0
378.0
158.0
395.0
391.0
492.0
367.0
411.0
478.0
489.0
437.0
430.0
424.0
466.0
459.0
430.0
433.0
140.0
145.0
147.0
131.0
144.0
147.0
155.0
175.0
136.0
161.0
148.0
410.0
480.0
488.0
492.0
384.0
433.0
148.0
142.0
142.0
163.0
197.0
156.0
132.0
404.0
170.0
165.0
172.0
134.0
135.0
142.0
162.0
157.0
171.0
146.0
135.0
164.0
177.0
171.0
144.0
134.0
174.0
158.0
418.0
177.0
140.0
170.0
170.0
150.0
162.0
171.0
385.0
492.0
408.0
437.0
404.0
416.0
450.0
483.0
406.0
486.0
435.0
470.0
165.0
138.0
156.0
168.0
153.0
140.0
172.0
174.0
469.0
158.0
147.0
171.0
157.0
166.0
138.0
176.0
139.0
153.0
146.0
168.0
161.0
151.0
147.0
153.0
136.0
166.0
168.0
461.0
154.0
133.0
156.0
430.0
146.0
163.0
157.0
161.0
141.0
136.0
152.0
131.0
169.0
140.0
148.0
164.0
168.0
416.0
155.0
162.0
426.0
172.0
369.0
169.0
417.0
137.0
154.0
131.0
151.0
148.0
149.0
139.0
170.0
132.0
156.0
172.0
136.0
146.0
130.0
121.0
172.0
373.0
136.0
146.0
175.0
168.0
168.0
391.0
143.0
167.0
131.0
171.0
421.0
138.0
144.0
151.0
134.0
161.0
151.0
132.0
144.0
421.0
175.0
383.0
449.0
494.0
134.0
409.0
467.0
402.0
483.0
482.0
440.0
438.0
407.0
446.0
390.0
395.0
481.0
455.0
447.0
134.0
154.0
161.0
157.0
160.0
163.0
158.0
161.0
146.0
131.0
145.0
434.0
484.0
441.0
370.0
387.0
373.0
172.0
171.0
146.0
180.0
176.0
168.0
144.0
452.0
171.0
168.0
136.0
131.0
161.0
149.0
135.0
152.0
136.0
176.0
139.0
142.0
130.0
143.0
148.0
172.0
152.0
134.0
453.0
142.0
138.0
158.0
172.0
145.0
134.0
155.0
395.0
401.0
364.0
425.0
491.0
453.0
488.0
450.0
365.0
492.0
477.0
377.0
161.0
163.0
156.0
144.0
160.0
137.0
148.0
140.0
375.0
134.0
154.0
169.0
156.0
131.0
151.0
144.0
155.0
139.0
149.0
146.0
153.0
131.0
156.0
152.0
136.0
165.0
146.0
423.0
132.0
169.0
144.0
471.0
136.0
171.0
132.0
142.0
149.0
145.0
155.0
153.0
144.0
147.0
155.0
167.0
152.0
440.0
143.0
145.0
409.0
143.0
387.0
164.0
479.0
164.0
155.0
133.0
152.0
155.0
157.0
160.0
148.0
174.0
172.0
149.0
150.0
176.0
161.0
124.0
145.0
400.0
165.0
140.0
147.0
156.0
165.0
462.0
144.0
163.0
161.0
172.0
390.0
174.0
163.0
146.0
132.0
169.0
140.0
173.0
143.0
482.0
133.0
425.0
423.0
488.0
168.0
395.0
452.0
442.0
410.0
413.0
454.0
460.0
392.0
393.0
446.0
428.0
402.0
445.0
460.0
143.0
132.0
140.0
166.0
173.0
140.0
158.0
165.0
165.0
164.0
161.0
409.0
438.0
402.0
452.0
490.0
416.0
165.0
173.0
147.0
187.0
166.0
157.0
152.0
393.0
136.0
162.0
158.0
160.0
156.0
136.0
146.0
174.0
145.0
174.0
159.0
133.0
137.0
147.0
172.0
156.0
144.0
159.0
450.0
164.0
176.0
136.0
137.0
149.0
173.0
169.0
425.0
471.0
449.0
461.0
408.0
465.0
467.0
456.0
374.0
472.0
372.0
418.0
167.0
162.0
137.0
171.0
151.0
177.0
143.0
162.0
471.0
159.0
147.0
151.0
136.0
163.0
137.0
152.0
174.0
146.0
148.0
172.0
163.0
153.0
144.0
140.0
112.0
156.0
167.0
381.0
147.0
170.0
174.0
469.0
177.0
160.0
176.0
160.0
141.0
162.0
171.0
146.0
145.0
145.0
166.0
167.0
162.0
453.0
148.0
166.0
491.0
151.0
370.0
136.0
435.0
140.0
153.0
150.0
142.0
156.0
140.0
135.0
147.0
136.0
167.0
145.0
142.0
159.0
142.0
128.0
146.0
384.0
166.0
157.0
175.0
162.0
168.0
484.0
154.0
142.0
176.0
141.0
491.0
154.0
175.0
150.0
155.0
149.0
142.0
156.0
135.0
386.0
164.0
454.0
459.0
413.0
131.0
426.0
416.0
467.0
441.0
414.0
451.0
386.0
454.0
452.0
367.0
489.0
440.0
418.0
372.0
138.0
176.0
169.0
164.0
154.0
145.0
134.0
144.0
131.0
152.0
139.0
365.0
364.0
466.0
447.0
377.0
401.0
176.0
168.0
177.0
174.0
203.0
161.0
173.0
472.0
142.0
164.0
173.0
149.0
175.0
169.0
149.0
175.0
153.0
171.0
145.0
145.0
168.0
155.0
168.0
141.0
132.0
133.0
365.0
147.0
166.0
174.0
139.0
135.0
131.0
161.0
421.0
402.0
439.0
453.0
440.0
393.0
393.0
388.0
377.0
473.0
474.0
398.0
140.0
155.0
166.0
167.0
144.0
145.0
156.0
130.0
425.0
131.0
135.0
156.0
170.0
130.0
136.0
155.0
175.0
148.0
168.0
162.0
138.0
166.0
159.0
133.0
122.0
138.0
159.0
440.0
148.0
147.0
144.0
384.0
177.0
175.0
146.0
164.0
167.0
130.0
150.0
135.0
144.0
173.0
136.0
152.0
138.0
464.0
156.0
175.0
460.0
157.0
405.0
161.0
468.0
132.0
167.0
138.0
165.0
168.0
169.0
138.0
132.0
175.0
161.0
170.0
142.0
176.0
140.0
120.0
159.0
464.0
138.0
158.0
135.0
156.0
131.0
451.0
160.0
140.0
137.0
130.0
426.0
162.0
134.0
132.0
141.0
132.0
168.0
165.0
135.0
390.0
173.0
435.0
488.0
393.0
169.0
391.0
445.0
468.0
493.0
470.0
441.0
422.0
434.0
486.0
443.0
420.0
421.0
454.0
383.0
146.0
156.0
148.0
168.0
176.0
148.0
161.0
174.0
175.0
152.0
160.0
494.0
384.0
441.0
410.0
462.0
488.0
141.0
150.0
131.0
188.0
156.0
166.0
157.0
368.0
149.0
176.0
159.0
153.0
166.0
150.0
173.0
138.0
134.0
145.0
141.0
157.0
141.0
146.0
173.0
175.0
169.0
149.0
454.0
164.0
154.0
174.0
133.0
168.0
137.0
154.0
476.0
428.0
465.0
453.0
442.0
404.0
365.0
450.0
389.0
467.0
418.0
470.0
163.0
151.0
177.0
146.0
145.0
138.0
167.0
160.0
370.0
170.0
147.0
177.0
144.0
171.0
146.0
175.0
155.0
177.0
167.0
132.0
134.0
161.0
154.0
138.0
117.0
154.0
133.0
444.0
167.0
140.0
172.0
418.0
171.0
143.0
153.0
165.0
166.0
161.0
143.0
147.0
138.0
164.0
132.0
149.0
172.0
399.0
130.0
132.0
378.0
175.0
418.0
169.0
428.0
151.0
174.0
152.0
137.0
176.0
174.0
170.0
147.0
133.0
177.0
137.0
162.0
167.0
176.0
130.0
161.0
461.0
144.0
148.0
139.0
158.0
158.0
403.0
162.0
167.0
163.0
157.0
377.0
174.0
159.0
154.0
164.0
175.0
134.0
139.0
144.0
471.0
164.0
415.0
449.0
458.0
175.0
484.0
408.0
465.0
387.0
435.0
433.0
453.0
480.0
388.0
403.0
373.0
446.0
461.0
384.0
142.0
140.0
136.0
149.0
163.0
146.0
142.0
156.0
154.0
156.0
172.0
377.0
436.0
432.0
489.0
393.0
409.0
158.0
141.0
138.0
174.0
171.0
174.0
160.0
479.0
164.0
157.0
136.0
131.0
166.0
166.0
143.0
133.0
176.0
145.0
157.0
139.0
135.0
148.0
174.0
152.0
162.0
165.0
373.0
168.0
156.0
157.0
162.0
153.0
154.0
173.0
472.0
466.0
407.0
364.0
494.0
438.0
405.0
396.0
477.0
387.0
468.0
373.0
156.0
170.0
141.0
147.0
135.0
136.0
138.0
134.0
395.0
171.0
159.0
141.0
171.0
172.0
142.0
144.0
167.0
167.0
137.0
164.0
147.0
163.0
168.0
148.0
136.0
152.0
133.0
445.0
150.0
173.0
171.0
457.0
144.0
136.0
142.0
165.0
151.0
167.0
161.0
177.0
149.0
132.0
157.0
166.0
154.0
436.0
153.0
168.0
447.0
158.0
376.0
133.0
425.0
142.0
149.0
150.0
156.0
149.0
153.0
144.0
162.0
165.0
160.0
162.0
163.0
177.0
150.0
147.0
145.0
426.0
164.0
173.0
130.0
141.0
174.0
407.0
149.0
156.0
164.0
134.0
474.0
158.0
135.0
157.0
158.0
152.0
171.0
130.0
144.0
369.0
148.0
473.0
422.0
374.0
148.0
443.0
371.0
458.0
414.0
469.0
451.0
411.0
463.0
420.0
436.0
416.0
419.0
395.0
449.0
148.0
136.0
135.0
160.0
157.0
144.0
167.0
133.0
131.0
139.0
135.0
446.0
424.0
485.0
414.0
474.0
480.0
140.0
151.0
170.0
178.0
170.0
167.0
131.0
367.0
150.0
158.0
154.0
163.0
142.0
161.0
136.0
171.0
166.0
151.0
133.0
177.0
146.0
171.0
146.0
169.0
169.0
154.0
492.0
170.0
172.0
145.0
144.0
144.0
138.0
133.0
491.0
478.0
486.0
491.0
433.0
386.0
488.0
435.0
434.0
393.0
397.0
403.0
159.0
170.0
164.0
174.0
136.0
159.0
159.0
137.0
374.0
166.0
166.0
149.0
155.0
137.0
166.0
174.0
166.0
143.0
152.0
175.0
168.0
167.0
166.0
135.0
117.0
141.0
139.0
391.0
159.0
164.0
136.0
387.0
132.0
170.0
146.0
146.0
175.0
142.0
145.0
173.0
145.0
142.0
167.0
134.0
147.0
463.0
174.0
131.0
479.0
144.0
436.0
169.0
430.0
172.0
140.0
135.0
167.0
133.0
169.0
175.0
139.0
135.0
152.0
135.0
156.0
164.0
142.0
114.0
174.0
413.0
160.0
174.0
159.0
130.0
155.0
445.0
158.0
134.0
167.0
161.0
377.0
130.0
146.0
147.0
177.0
146.0
169.0
169.0
152.0
442.0
155.0
385.0
417.0
396.0
131.0
430.0
452.0
400.0
447.0
454.0
476.0
460.0
486.0
393.0
401.0
441.0
454.0
424.0
442.0
146.0
175.0
163.0
172.0
169.0
143.0
167.0
142.0
150.0
145.0
158.0
432.0
427.0
372.0
366.0
379.0
435.0
168.0
174.0
157.0
153.0
171.0
164.0
137.0
373.0
171.0
160.0
151.0
137.0
138.0
136.0
134.0
131.0
148.0
158.0
168.0
162.0
161.0
155.0
149.0
142.0
169.0
173.0
455.0
166.0
154.0
133.0
139.0
159.0
143.0
168.0
372.0
450.0
366.0
394.0
486.0
466.0
442.0
431.0
393.0
366.0
398.0
476.0
146.0
168.0
155.0
173.0
166.0
158.0
156.0
175.0
481.0
147.0
132.0
138.0
145.0
154.0
147.0
173.0
157.0
175.0
151.0
133.0
172.0
175.0
145.0
153.0
122.0
153.0
171.0
418.0
175.0
150.0
165.0
399.0
143.0
173.0
156.0
135.0
134.0
148.0
140.0
174.0
160.0
151.0
146.0
141.0
151.0
428.0
166.0
170.0
428.0
158.0
373.0
168.0
467.0
140.0
132.0
160.0
140.0
168.0
141.0
163.0
142.0
135.0
133.0
131.0
162.0
132.0
148.0
116.0
165.0
403.0
177.0
154.0
138.0
174.0
176.0
376.0
134.0
169.0
155.0
154.0
439.0
163.0
170.0
173.0
163.0
132.0
140.0
146.0
135.0
483.0
137.0
387.0
394.0
490.0
155.0
421.0
409.0
475.0
488.0
486.0
422.0
454.0
456.0
446.0
477.0
450.0
388.0
445.0
394.0
159.0
151.0
159.0
132.0
146.0
154.0
168.0
174.0
174.0
149.0
151.0
440.0
397.0
394.0
477.0
448.0
462.0
150.0
140.0
140.0
188.0
170.0
153.0
170.0
446.0
161.0
164.0
176.0
158.0
150.0
134.0
138.0
162.0
147.0
154.0
169.0
131.0
175.0
175.0
143.0
175.0
164.0
160.0
473.0
140.0
143.0
154.0
130.0
163.0
138.0
131.0
429.0
376.0
471.0
372.0
452.0
446.0
470.0
414.0
478.0
417.0
418.0
481.0
152.0
134.0
145.0
169.0
167.0
152.0
153.0
163.0
383.0
152.0
133.0
134.0
164.0
161.0
154.0
146.0
168.0
140.0
155.0
139.0
174.0
169.0
142.0
136.0
147.0
141.0
131.0
368.0
140.0
138.0
150.0
396.0
144.0
175.0
167.0
144.0
167.0
136.0
175.0
165.0
170.0
161.0
140.0
136.0
174.0
464.0
165.0
162.0
446.0
152.0
448.0
149.0
477.0
135.0
132.0
171.0
169.0
164.0
134.0
157.0
131.0
130.0
146.0
166.0
152.0
177.0
163.0
119.0
172.0
493.0
171.0
175.0
158.0
143.0
134.0
481.0
138.0
156.0
152.0
159.0
405.0
135.0
146.0
142.0
148.0
153.0
144.0
173.0
149.0
463.0
131.0
368.0
487.0
461.0
169.0
388.0
447.0
386.0
461.0
374.0
438.0
376.0
434.0
480.0
460.0
402.0
464.0
490.0
398.0
156.0
134.0
162.0
137.0
174.0
138.0
130.0
156.0
153.0
135.0
130.0
393.0
495.0
373.0
394.0
401.0
438.0
154.0
175.0
151.0
178.0
176.0
157.0
165.0
406.0
144.0
158.0
174.0
154.0
166.0
132.0
146.0
154.0
177.0
150.0
173.0
150.0
160.0
139.0
154.0
140.0
159.0
157.0
464.0
169.0
131.0
150.0
143.0
163.0
137.0
175.0
458.0
417.0
397.0
473.0
370.0
489.0
450.0
376.0
397.0
399.0
378.0
449.0
177.0
130.0
169.0
138.0
140.0
159.0
145.0
142.0
448.0
131.0
138.0
152.0
154.0
174.0
140.0
177.0
139.0
177.0
165.0
134.0
156.0
168.0
174.0
143.0
150.0
147.0
148.0
394.0
148.0
133.0
157.0
451.0
151.0
138.0
153.0
161.0
153.0
154.0
131.0
144.0
165.0
141.0
155.0
159.0
134.0
366.0
169.0
132.0
423.0
163.0
457.0
130.0
431.0
147.0
150.0
142.0
169.0
160.0
163.0
137.0
166.0
140.0
163.0
135.0
160.0
140.0
152.0
136.0
139.0
483.0
176.0
158.0
138.0
162.0
175.0
442.0
155.0
152.0
173.0
137.0
479.0
176.0
133.0
165.0
167.0
148.0
139.0
163.0
144.0
406.0
154.0
372.0
458.0
435.0
137.0
459.0
433.0
391.0
477.0
421.0
370.0
365.0
483.0
416.0
494.0
423.0
422.0
417.0
402.0
175.0
160.0
172.0
166.0
163.0
156.0
145.0
147.0
147.0
146.0
169.0
388.0
363.0
420.0
480.0
448.0
363.0
161.0
161.0
134.0
