I_BRKGA_178_6_15_4_CESP
178 6 15 495.0
57054.5
56054.5
59021.5
62595.5
54030.5
56906.5
60346.5
57631.5
55117.5
54093.5
55859.5
56991.5
62998.5
57186.5
59435.5
0.07151418729403186
0.061848714954490396
0.06990504451348264
0.06279946872261968
0.0744140761559747
0.05791161632398272
0.06708992388642054
0.06084231061336726
0.0683009892461648
0.0633636029813143
0.06916637768449192
0.05421383829759677
0.07088972171422028
0.06552789554397778
0.08221223206786443
121.0
126.0
128.0
120.0
123.0
128.0
2557.0
22.0
1261.0
1300.0
67.0
529.0
474.0
1243.0
33.0
546.0
117.0
182.0
47.0
351.0
257.0
379.0
57.0
316.0
227.0
479.0
211.0
1042.0
160.0
338.0
414.0
1342.0
2741.0
1096.0
1045.0
13.0
223.0
551.0
281.0
73.0
247.0
80.0
275.0
14.0
10.0
10.0
11.0
13.0
12.0
13.0
96.0
14.0
12.0
12.0
28.0
374.0
157.0
815.0
1339.0
582.0
350.0
1180.0
293.0
146.0
843.0
5279.0
5830.0
125.0
162.0
318.0
48.0
28.0
189.0
222.0
187.0
501.0
28.0
72.0
64.0
26.0
127.0
27.0
31.0
19.0
119.0
163.0
838.0
53.0
130.0
62.0
46.0
157.0
212.0
311.0
143.0
163.0
70.0
815.0
157.0
149.0
777.0
36.0
65.0
215.0
98.0
13.0
354.0
128.0
20.0
24.0
32.0
8.0
75.0
263.0
111.0
71.0
86.0
54.0
38.0
84.0
154.0
48.0
27.0
56.0
148.0
102.0
84.0
131.0
45.0
61.0
7.0
1652.0
57.0
108.0
57.0
45.0
598.0
856.0
121.0
1442.0
1151.0
24.0
117.0
116.0
263.0
6422.0
202.0
96.0
155.0
293.0
31.0
272.0
28.0
126.0
256.0
79.0
137.0
759.0
114.0
157.0
445.0
326.0
222.0
68.0
1286.0
130.0
115.0
69.0
87.0
119.0
20.0
259.0
199.0
371.0
174.0
37.0
67.0
51.0
192.0
222.0
314.0
204.0
893.0
1232.0
497.0
1298.0
35.0
520.0
113.0
185.0
45.0
321.0
247.0
396.0
57.0
313.0
223.0
458.0
201.0
1067.0
161.0
353.0
408.0
1275.0
2759.0
1112.0
977.0
13.0
224.0
505.0
266.0
72.0
240.0
76.0
281.0
14.0
10.0
10.0
12.0
14.0
12.0
14.0
94.0
13.0
12.0
12.0
29.0
342.0
159.0
768.0
1368.0
563.0
358.0
1080.0
276.0
148.0
817.0
5100.0
5792.0
124.0
161.0
303.0
47.0
28.0
182.0
219.0
190.0
516.0
28.0
75.0
66.0
27.0
124.0
29.0
33.0
18.0
118.0
178.0
817.0
52.0
121.0
65.0
43.0
158.0
206.0
316.0
151.0
161.0
73.0
865.0
160.0
140.0
735.0
38.0
63.0
196.0
98.0
13.0
350.0
123.0
20.0
26.0
29.0
8.0
72.0
254.0
103.0
74.0
85.0
55.0
40.0
88.0
151.0
48.0
26.0
55.0
162.0
106.0
83.0
131.0
48.0
61.0
7.0
1650.0
58.0
110.0
59.0
44.0
636.0
816.0
117.0
1384.0
1052.0
24.0
112.0
109.0
266.0
6325.0
197.0
93.0
154.0
270.0
32.0
269.0
30.0
128.0
250.0
82.0
136.0
754.0
113.0
148.0
439.0
301.0
224.0
67.0
1264.0
123.0
124.0
70.0
85.0
120.0
20.0
250.0
201.0
373.0
170.0
37.0
69.0
49.0
200.0
232.0
319.0
200.0
835.0
1200.0
468.0
1274.0
33.0
514.0
120.0
188.0
47.0
330.0
269.0
364.0
57.0
301.0
236.0
505.0
212.0
1140.0
167.0
323.0
419.0
1370.0
2714.0
1103.0
998.0
13.0
218.0
520.0
273.0
73.0
252.0
79.0
293.0
14.0
10.0
10.0
12.0
13.0
11.0
13.0
94.0
14.0
12.0
11.0
29.0
352.0
172.0
813.0
1365.0
566.0
334.0
1176.0
280.0
157.0
853.0
5164.0
5460.0
131.0
170.0
328.0
49.0
28.0
193.0
223.0
195.0
514.0
28.0
75.0
64.0
25.0
119.0
29.0
32.0
19.0
108.0
172.0
860.0
52.0
128.0
66.0
42.0
156.0
218.0
330.0
142.0
173.0
74.0
817.0
161.0
153.0
796.0
38.0
61.0
201.0
94.0
13.0
321.0
120.0
20.0
25.0
32.0
8.0
72.0
277.0
113.0
67.0
88.0
58.0
40.0
88.0
147.0
47.0
27.0
56.0
160.0
103.0
82.0
137.0
44.0
67.0
7.0
1596.0
56.0
108.0
55.0
46.0
599.0
828.0
117.0
1346.0
1086.0
26.0
121.0
110.0
267.0
6612.0
216.0
99.0
165.0
294.0
32.0
274.0
30.0
123.0
259.0
78.0
133.0
833.0
123.0
157.0
433.0
315.0
220.0
65.0
1279.0
122.0
116.0
70.0
93.0
116.0
20.0
248.0
194.0
375.0
173.0
37.0
71.0
53.0
190.0
224.0
314.0
198.0
854.0
1209.0
490.0
1310.0
35.0
542.0
112.0
179.0
44.0
337.0
253.0
374.0
60.0
292.0
217.0
498.0
207.0
1059.0
168.0
332.0
441.0
1331.0
2497.0
1009.0
992.0
13.0
221.0
557.0
267.0
74.0
241.0
79.0
280.0
14.0
10.0
10.0
12.0
14.0
12.0
14.0
92.0
13.0
12.0
12.0
27.0
369.0
167.0
813.0
1291.0
587.0
340.0
1184.0
297.0
159.0
875.0
5077.0
5566.0
122.0
165.0
307.0
48.0
29.0
182.0
206.0
178.0
482.0
26.0
76.0
67.0
26.0
117.0
29.0
31.0
18.0
118.0
173.0
861.0
50.0
122.0
63.0
44.0
154.0
211.0
331.0
148.0
164.0
70.0
844.0
168.0
144.0
791.0
35.0
65.0
214.0
93.0
14.0
352.0
117.0
21.0
25.0
30.0
8.0
71.0
255.0
113.0
69.0
91.0
58.0
40.0
81.0
139.0
46.0
25.0
58.0
162.0
111.0
87.0
135.0
45.0
61.0
7.0
1515.0
56.0
109.0
59.0
44.0
646.0
811.0
113.0
1339.0
1153.0
25.0
112.0
115.0
251.0
6513.0
215.0
94.0
163.0
292.0
30.0
266.0
30.0
120.0
242.0
78.0
139.0
752.0
115.0
151.0
427.0
321.0
203.0
71.0
1203.0
134.0
115.0
71.0
93.0
113.0
20.0
252.0
200.0
344.0
166.0
38.0
68.0
53.0
203.0
218.0
296.0
196.0
868.0
1207.0
500.0
1349.0
35.0
531.0
116.0
177.0
47.0
323.0
270.0
366.0
56.0
302.0
233.0
499.0
201.0
1066.0
172.0
323.0
416.0
1265.0
2720.0
1017.0
1002.0
13.0
217.0
519.0
282.0
72.0
237.0
77.0
276.0
14.0
10.0
10.0
12.0
14.0
11.0
13.0
94.0
14.0
12.0
12.0
29.0
349.0
159.0
831.0
1378.0
557.0
361.0
1128.0
272.0
158.0
807.0
5158.0
5576.0
127.0
168.0
308.0
49.0
29.0
186.0
213.0
193.0
517.0
28.0
75.0
64.0
25.0
122.0
29.0
32.0
20.0
114.0
170.0
851.0
53.0
122.0
65.0
44.0
161.0
219.0
341.0
152.0
163.0
72.0
836.0
155.0
144.0
788.0
37.0
61.0
200.0
92.0
14.0
355.0
124.0
21.0
25.0
29.0
8.0
74.0
262.0
106.0
72.0
84.0
56.0
37.0
88.0
142.0
47.0
25.0
57.0
156.0
102.0
83.0
133.0
46.0
65.0
7.0
1562.0
56.0
117.0
56.0
46.0
657.0
872.0
113.0
1353.0
1064.0
25.0
113.0
118.0
270.0
6446.0
197.0
93.0
153.0
293.0
31.0
260.0
28.0
121.0
235.0
82.0
133.0
785.0
123.0
149.0
423.0
313.0
205.0
66.0
1283.0
131.0
118.0
72.0
92.0
114.0
20.0
254.0
204.0
365.0
172.0
37.0
71.0
53.0
190.0
240.0
308.0
195.0
852.0
1271.0
506.0
1342.0
33.0
510.0
118.0
192.0
47.0
350.0
256.0
368.0
58.0
308.0
218.0
462.0
206.0
1037.0
169.0
345.0
434.0
1285.0
2681.0
1022.0
983.0
13.0
233.0
533.0
282.0
73.0
232.0
78.0
298.0
14.0
10.0
10.0
12.0
14.0
12.0
14.0
96.0
14.0
11.0
12.0
28.0
353.0
168.0
768.0
1334.0
550.0
328.0
1105.0
289.0
158.0
845.0
5017.0
5867.0
122.0
163.0
324.0
47.0
29.0
180.0
220.0
182.0
481.0
28.0
78.0
62.0
27.0
120.0
27.0
32.0
18.0
116.0
178.0
890.0
50.0
128.0
65.0
45.0
158.0
215.0
323.0
153.0
172.0
72.0
884.0
156.0
150.0
771.0
38.0
65.0
194.0
89.0
14.0
352.0
129.0
21.0
25.0
32.0
8.0
72.0
273.0
108.0
73.0
84.0
59.0
39.0
87.0
145.0
48.0
26.0
57.0
163.0
107.0
87.0
137.0
48.0
66.0
7.0
1505.0
55.0
112.0
55.0
47.0
635.0
812.0
117.0
1333.0
1063.0
26.0
112.0
110.0
256.0
6668.0
215.0
100.0
162.0
274.0
33.0
263.0
29.0
121.0
248.0
82.0
139.0
765.0
115.0
148.0
428.0
320.0
204.0
65.0
1184.0
127.0
119.0
71.0
92.0
111.0
20.0
249.0
191.0
354.0
172.0
36.0
64.0
49.0
195.0
226.0
295.0
189.0
874.0
1247.0
474.0
1320.0
36.0
511.0
113.0
181.0
44.0
325.0
270.0
374.0
56.0
319.0
228.0
485.0
199.0
1109.0
162.0
332.0
432.0
1367.0
2745.0
1002.0
978.0
13.0
229.0
539.0
275.0
70.0
236.0
82.0
276.0
14.0
10.0
10.0
12.0
14.0
12.0
13.0
99.0
14.0
12.0
11.0
27.0
346.0
172.0
769.0
1340.0
586.0
348.0
1179.0
296.0
154.0
867.0
5410.0
5785.0
125.0
171.0
330.0
50.0
28.0
194.0
209.0
185.0
528.0
27.0
79.0
66.0
26.0
116.0
27.0
32.0
20.0
118.0
179.0
817.0
50.0
120.0
66.0
45.0
160.0
207.0
317.0
142.0
171.0
75.0
843.0
152.0
149.0
724.0
36.0
63.0
212.0
94.0
14.0
349.0
123.0
20.0
25.0
29.0
8.0
72.0
267.0
110.0
74.0
84.0
55.0
40.0
82.0
146.0
46.0
27.0
57.0
162.0
105.0
85.0
128.0
48.0
63.0
7.0
1609.0
55.0
115.0
58.0
47.0
660.0
862.0
118.0
1353.0
1080.0
26.0
123.0
119.0
267.0
6338.0
213.0
101.0
152.0
278.0
32.0
270.0
30.0
119.0
243.0
81.0
141.0
796.0
124.0
154.0
435.0
328.0
208.0
67.0
1164.0
121.0
119.0
66.0
92.0
113.0
20.0
255.0
206.0
374.0
161.0
39.0
68.0
49.0
195.0
229.0
304.0
194.0
819.0
1284.0
513.0
1312.0
34.0
522.0
114.0
177.0
48.0
337.0
257.0
376.0
57.0
306.0
227.0
485.0
207.0
1109.0
168.0
340.0
438.0
1308.0
2633.0
1062.0
988.0
12.0
213.0
542.0
293.0
70.0
235.0
77.0
276.0
13.0
10.0
10.0
12.0
13.0
12.0
14.0
100.0
14.0
12.0
12.0
27.0
375.0
166.0
831.0
1299.0
566.0
337.0
1134.0
292.0
147.0
837.0
5448.0
5496.0
125.0
167.0
316.0
49.0
28.0
193.0
217.0
193.0
502.0
28.0
74.0
66.0
26.0
119.0
27.0
32.0
20.0
116.0
173.0
898.0
53.0
120.0
67.0
45.0
158.0
218.0
312.0
141.0
173.0
69.0
802.0
162.0
150.0
741.0
35.0
66.0
203.0
89.0
14.0
322.0
126.0
21.0
26.0
30.0
8.0
69.0
270.0
107.0
71.0
90.0
56.0
38.0
82.0
149.0
47.0
25.0
57.0
164.0
105.0
83.0
135.0
48.0
61.0
7.0
1518.0
55.0
111.0
59.0
46.0
596.0
833.0
119.0
1416.0
1058.0
26.0
120.0
109.0
272.0
6829.0
208.0
100.0
164.0
282.0
33.0
266.0
30.0
121.0
242.0
80.0
134.0
779.0
117.0
146.0
448.0
322.0
218.0
71.0
1243.0
130.0
120.0
69.0
89.0
121.0
20.0
271.0
189.0
361.0
162.0
36.0
67.0
49.0
198.0
224.0
313.0
186.0
814.0
1305.0
506.0
1274.0
35.0
547.0
117.0
188.0
48.0
326.0
246.0
389.0
61.0
310.0
227.0
495.0
218.0
1123.0
164.0
348.0
437.0
1337.0
2661.0
1007.0
998.0
13.0
222.0
555.0
290.0
70.0
235.0
77.0
299.0
14.0
10.0
10.0
12.0
14.0
12.0
13.0
91.0
14.0
12.0
12.0
29.0
373.0
167.0
818.0
1257.0
542.0
344.0
1187.0
297.0
153.0
838.0
5049.0
5790.0
121.0
161.0
331.0
47.0
28.0
187.0
225.0
184.0
534.0
28.0
79.0
63.0
27.0
125.0
29.0
32.0
19.0
116.0
166.0
881.0
49.0
119.0
62.0
46.0
167.0
220.0
313.0
142.0
172.0
70.0
856.0
168.0
153.0
754.0
38.0
61.0
206.0
93.0
13.0
356.0
120.0
21.0
26.0
30.0
8.0
73.0
258.0
106.0
73.0
86.0
57.0
38.0
84.0
149.0
48.0
26.0
54.0
154.0
101.0
86.0
130.0
44.0
66.0
7.0
1602.0
54.0
108.0
57.0
47.0
612.0
809.0
116.0
1337.0
1051.0
26.0
119.0
115.0
261.0
6236.0
197.0
101.0
164.0
286.0
32.0
286.0
29.0
128.0
246.0
81.0
134.0
772.0
116.0
158.0
425.0
310.0
217.0
67.0
1235.0
123.0
126.0
71.0
94.0
121.0
20.0
252.0
196.0
348.0
160.0
39.0
66.0
52.0
201.0
224.0
314.0
200.0
890.0
1226.0
497.0
1345.0
34.0
555.0
116.0
192.0
45.0
340.0
261.0
378.0
59.0
319.0
233.0
498.0
202.0
1068.0
163.0
355.0
447.0
1323.0
2591.0
1028.0
1009.0
13.0
216.0
520.0
280.0
74.0
234.0
81.0
282.0
14.0
10.0
10.0
12.0
14.0
11.0
14.0
94.0
14.0
12.0
11.0
27.0
369.0
166.0
844.0
1306.0
570.0
348.0
1083.0
286.0
156.0
812.0
4977.0
5586.0
124.0
162.0
325.0
50.0
29.0
176.0
225.0
190.0
507.0
28.0
77.0
67.0
26.0
124.0
28.0
33.0
19.0
113.0
179.0
898.0
52.0
129.0
64.0
46.0
164.0
219.0
313.0
145.0
172.0
74.0
816.0
158.0
153.0
736.0
35.0
65.0
204.0
98.0
14.0
346.0
118.0
21.0
25.0
31.0
8.0
69.0
267.0
111.0
67.0
83.0
56.0
39.0
86.0
141.0
45.0
25.0
57.0
164.0
101.0
85.0
133.0
48.0
66.0
7.0
1587.0
59.0
118.0
54.0
47.0
656.0
875.0
120.0
1397.0
1106.0
25.0
121.0
117.0
257.0
6401.0
211.0
94.0
159.0
292.0
30.0
288.0
29.0
122.0
260.0
81.0
137.0
803.0
116.0
154.0
450.0
297.0
219.0
68.0
1187.0
122.0
115.0
70.0
94.0
111.0
20.0
261.0
204.0
345.0
175.0
36.0
70.0
49.0
203.0
218.0
300.0
195.0
831.0
1215.0
484.0
1312.0
34.0
532.0
120.0
186.0
48.0
318.0
264.0
380.0
58.0
311.0
220.0
488.0
209.0
1096.0
158.0
332.0
433.0
1318.0
2521.0
1097.0
1052.0
13.0
217.0
532.0
276.0
76.0
247.0
78.0
286.0
14.0
10.0
9.0
12.0
14.0
12.0
14.0
93.0
14.0
12.0
12.0
28.0
346.0
168.0
777.0
1333.0
545.0
340.0
1112.0
291.0
154.0
857.0
5257.0
5503.0
129.0
172.0
305.0
48.0
29.0
186.0
217.0
181.0
525.0
27.0
78.0
65.0
26.0
124.0
27.0
31.0
20.0
114.0
166.0
849.0
49.0
131.0
61.0
43.0
158.0
206.0
319.0
148.0
171.0
73.0
869.0
163.0
147.0
786.0
36.0
64.0
206.0
90.0
13.0
342.0
118.0
21.0
24.0
32.0
8.0
71.0
253.0
112.0
74.0
89.0
58.0
40.0
81.0
140.0
49.0
27.0
55.0
151.0
111.0
84.0
136.0
48.0
66.0
7.0
1534.0
54.0
108.0
56.0
44.0
659.0
854.0
119.0
1379.0
1047.0
26.0
113.0
118.0
278.0
6706.0
204.0
102.0
163.0
286.0
33.0
286.0
30.0
120.0
241.0
77.0
130.0
769.0
123.0
155.0
447.0
298.0
213.0
70.0
1283.0
123.0
125.0
67.0
93.0
119.0
20.0
267.0
198.0
343.0
159.0
36.0
68.0
51.0
196.0
220.0
322.0
201.0
890.0
1201.0
470.0
1282.0
34.0
551.0
116.0
178.0
48.0
321.0
261.0
379.0
59.0
311.0
223.0
493.0
198.0
1095.0
166.0
345.0
408.0
1295.0
2537.0
1033.0
996.0
13.0
215.0
505.0
290.0
73.0
243.0
75.0
288.0
13.0
10.0
10.0
12.0
14.0
12.0
13.0
98.0
13.0
11.0
11.0
29.0
361.0
159.0
780.0
1353.0
580.0
346.0
1091.0
273.0
154.0
810.0
5069.0
5475.0
122.0
172.0
310.0
51.0
27.0
175.0
221.0
179.0
500.0
28.0
75.0
66.0
26.0
125.0
28.0
31.0
20.0
117.0
164.0
865.0
50.0
128.0
65.0
45.0
161.0
208.0
341.0
149.0
161.0
76.0
850.0
168.0
141.0
768.0
35.0
65.0
203.0
92.0
14.0
341.0
123.0
21.0
25.0
29.0
8.0
76.0
251.0
106.0
69.0
88.0
59.0
38.0
86.0
154.0
47.0
26.0
58.0
152.0
111.0
84.0
129.0
46.0
61.0
7.0
1589.0
57.0
117.0
57.0
45.0
635.0
851.0
117.0
1358.0
1044.0
24.0
122.0
111.0
270.0
6325.0
199.0
98.0
155.0
290.0
33.0
274.0
29.0
125.0
247.0
82.0
135.0
831.0
118.0
153.0
454.0
304.0
216.0
66.0
1210.0
122.0
126.0
69.0
87.0
114.0
20.0
253.0
190.0
366.0
172.0
37.0
68.0
52.0
199.0
234.0
311.0
195.0
829.0
1274.0
517.0
1305.0
34.0
535.0
118.0
184.0
45.0
317.0
262.0
362.0
57.0
315.0
224.0
491.0
205.0
1056.0
167.0
326.0
420.0
1348.0
2654.0
1008.0
1014.0
13.0
228.0
557.0
295.0
76.0
248.0
75.0
287.0
14.0
10.0
10.0
12.0
13.0
12.0
14.0
95.0
13.0
12.0
11.0
27.0
354.0
159.0
769.0
1331.0
598.0
341.0
1156.0
274.0
146.0
799.0
5190.0
5661.0
122.0
157.0
332.0
51.0
28.0
177.0
205.0
192.0
492.0
26.0
75.0
65.0
26.0
117.0
27.0
33.0
19.0
110.0
163.0
875.0
51.0
130.0
63.0
43.0
161.0
213.0
326.0
149.0
171.0
76.0
867.0
152.0
143.0
743.0
38.0
60.0
198.0
97.0
14.0
343.0
126.0
20.0
25.0
29.0
8.0
72.0
271.0
110.0
74.0
84.0
55.0
41.0
89.0
146.0
49.0
25.0
55.0
160.0
102.0
83.0
127.0
44.0
65.0
7.0
1608.0
55.0
108.0
58.0
44.0
628.0
871.0
117.0
1358.0
1068.0
25.0
117.0
117.0
278.0
6628.0
200.0
94.0
153.0
286.0
30.0
278.0
30.0
118.0
248.0
81.0
132.0
819.0
116.0
149.0
461.0
298.0
212.0
68.0
1205.0
124.0
125.0
70.0
94.0
113.0
20.0
268.0
207.0
353.0
171.0
39.0
64.0
50.0
201.0
234.0
295.0
193.0
816.0
1305.0
514.0
1337.0
34.0
515.0
110.0
186.0
47.0
351.0
254.0
366.0
60.0
296.0
222.0
491.0
205.0
1085.0
164.0
349.0
421.0
1277.0
2684.0
1058.0
993.0
12.0
214.0
512.0
288.0
75.0
237.0
82.0
285.0
14.0
10.0
10.0
11.0
14.0
11.0
13.0
100.0
14.0
12.0
12.0
29.0
342.0
164.0
833.0
1304.0
581.0
343.0
1185.0
272.0
152.0
830.0
5323.0
5590.0
123.0
170.0
304.0
48.0
28.0
193.0
217.0
181.0
485.0
26.0
75.0
63.0
25.0
123.0
27.0
33.0
19.0
109.0
166.0
841.0
50.0
120.0
61.0
44.0
165.0
203.0
314.0
151.0
166.0
74.0
809.0
165.0
139.0
761.0
38.0
66.0
199.0
92.0
14.0
326.0
120.0
19.0
26.0
30.0
8.0
71.0
268.0
105.0
70.0
85.0
57.0
38.0
81.0
153.0
47.0
25.0
55.0
153.0
101.0
79.0
128.0
47.0
65.0
7.0
1531.0
56.0
113.0
59.0
45.0
629.0
820.0
112.0
1429.0
1088.0
25.0
121.0
110.0
267.0
6325.0
214.0
97.0
151.0
291.0
32.0
284.0
30.0
121.0
260.0
80.0
141.0
768.0
124.0
149.0
458.0
302.0
206.0
68.0
1240.0
129.0
116.0
69.0
90.0
116.0
19.0
252.0
193.0
371.0
159.0
37.0
67.0
48.0
192.0
242.0
311.0
190.0
862.0
1222.0
473.0
1230.0
36.0
558.0
114.0
189.0
48.0
351.0
248.0
398.0
60.0
304.0
232.0
492.0
199.0
1058.0
156.0
345.0
428.0
1308.0
2572.0
1099.0
963.0
12.0
233.0
519.0
270.0
75.0
244.0
76.0
299.0
14.0
10.0
10.0
12.0
13.0
12.0
14.0
99.0
13.0
12.0
11.0
27.0
359.0
162.0
776.0
1317.0
588.0
340.0
1084.0
275.0
152.0
795.0
5378.0
5653.0
125.0
165.0
310.0
49.0
29.0
177.0
214.0
195.0
500.0
27.0
79.0
61.0
26.0
127.0
29.0
32.0
19.0
118.0
179.0
816.0
52.0
129.0
66.0
45.0
159.0
201.0
318.0
151.0
169.0
76.0
811.0
165.0
144.0
738.0
35.0
61.0
200.0
89.0
14.0
340.0
119.0
20.0
24.0
32.0
8.0
70.0
261.0
107.0
68.0
83.0
58.0
38.0
84.0
144.0
49.0
25.0
58.0
158.0
104.0
86.0
134.0
45.0
62.0
7.0
1525.0
58.0
119.0
56.0
45.0
652.0
863.0
112.0
1356.0
1106.0
26.0
118.0
111.0
253.0
6745.0
208.0
101.0
163.0
281.0
33.0
276.0
28.0
124.0
245.0
83.0
132.0
786.0
123.0
156.0
443.0
319.0
211.0
67.0
1254.0
131.0
115.0
73.0
89.0
111.0
19.0
271.0
191.0
360.0
167.0
37.0
66.0
49.0
187.0
235.0
324.0
197.0
843.0
1292.0
165.0
155.0
141.0
175.0
462.0
159.0
137.0
144.0
175.0
166.0
133.0
131.0
148.0
154.0
149.0
131.0
162.0
140.0
136.0
164.0
175.0
138.0
169.0
428.0
163.0
136.0
163.0
141.0
173.0
149.0
136.0
440.0
488.0
385.0
384.0
478.0
465.0
488.0
423.0
424.0
438.0
434.0
394.0
143.0
163.0
165.0
174.0
164.0
152.0
160.0
155.0
367.0
154.0
149.0
132.0
135.0
146.0
168.0
147.0
138.0
153.0
177.0
155.0
157.0
160.0
176.0
141.0
120.0
138.0
136.0
487.0
166.0
138.0
159.0
389.0
130.0
137.0
150.0
161.0
172.0
154.0
151.0
137.0
133.0
175.0
131.0
169.0
138.0
368.0
152.0
130.0
472.0
165.0
469.0
155.0
428.0
170.0
167.0
155.0
145.0
137.0
154.0
174.0
166.0
142.0
167.0
145.0
165.0
130.0
153.0
141.0
146.0
396.0
131.0
152.0
154.0
137.0
149.0
424.0
143.0
149.0
152.0
138.0
394.0
134.0
159.0
143.0
159.0
168.0
157.0
131.0
131.0
464.0
155.0
410.0
426.0
423.0
155.0
435.0
471.0
404.0
441.0
491.0
387.0
455.0
432.0
382.0
385.0
460.0
378.0
387.0
389.0
133.0
132.0
143.0
169.0
156.0
174.0
130.0
138.0
141.0
140.0
141.0
473.0
438.0
485.0
416.0
451.0
401.0
145.0
130.0
156.0
179.0
162.0
163.0
130.0
379.0
134.0
164.0
133.0
158.0
134.0
167.0
176.0
145.0
149.0
148.0
157.0
149.0
138.0
164.0
151.0
173.0
162.0
174.0
379.0
142.0
169.0
138.0
174.0
164.0
161.0
163.0
411.0
366.0
447.0
401.0
372.0
457.0
492.0
400.0
449.0
450.0
461.0
410.0
132.0
164.0
172.0
159.0
136.0
167.0
168.0
170.0
483.0
144.0
131.0
162.0
140.0
147.0
131.0
146.0
170.0
172.0
145.0
139.0
175.0
137.0
156.0
169.0
127.0
139.0
163.0
377.0
174.0
151.0
139.0
471.0
151.0
172.0
140.0
134.0
132.0
150.0
154.0
169.0
151.0
144.0
167.0
158.0
157.0
474.0
175.0
169.0
391.0
163.0
421.0
139.0
420.0
154.0
164.0
170.0
175.0
154.0
141.0
145.0
161.0
168.0
147.0
163.0
175.0
176.0
154.0
125.0
168.0
393.0
143.0
172.0
150.0
169.0
172.0
495.0
177.0
169.0
133.0
148.0
374.0
156.0
163.0
143.0
156.0
163.0
150.0
170.0
170.0
426.0
135.0
436.0
415.0
435.0
137.0
459.0
395.0
424.0
436.0
373.0
381.0
494.0
455.0
438.0
486.0
430.0
495.0
495.0
453.0
139.0
168.0
146.0
131.0
174.0
154.0
154.0
165.0
134.0
155.0
136.0
422.0
421.0
443.0
441.0
472.0
367.0
158.0
153.0
132.0
196.0
202.0
172.0
132.0
366.0
176.0
152.0
173.0
145.0
157.0
140.0
153.0
142.0
168.0
142.0
140.0
134.0
135.0
135.0
148.0
147.0
162.0
142.0
429.0
173.0
173.0
132.0
166.0
175.0
132.0
134.0
403.0
489.0
369.0
471.0
369.0
470.0
386.0
479.0
395.0
395.0
370.0
418.0
132.0
151.0
137.0
152.0
161.0
164.0
167.0
134.0
481.0
140.0
148.0
171.0
147.0
143.0
141.0
177.0
148.0
171.0
143.0
169.0
144.0
141.0
157.0
131.0
121.0
162.0
146.0
421.0
131.0
174.0
130.0
384.0
170.0
173.0
147.0
170.0
140.0
157.0
176.0
174.0
172.0
131.0
141.0
144.0
136.0
410.0
133.0
161.0
410.0
175.0
454.0
170.0
477.0
169.0
145.0
153.0
156.0
150.0
161.0
166.0
160.0
147.0
144.0
152.0
155.0
142.0
165.0
131.0
175.0
388.0
150.0
144.0
148.0
151.0
134.0
380.0
167.0
139.0
138.0
130.0
367.0
159.0
150.0
166.0
153.0
150.0
155.0
160.0
171.0
369.0
160.0
384.0
483.0
428.0
141.0
426.0
487.0
374.0
409.0
393.0
377.0
419.0
418.0
434.0
483.0
383.0
377.0
363.0
403.0
158.0
174.0
154.0
156.0
135.0
156.0
147.0
154.0
132.0
177.0
176.0
383.0
399.0
390.0
392.0
407.0
484.0
163.0
135.0
144.0
194.0
168.0
149.0
148.0
395.0
169.0
153.0
161.0
150.0
132.0
137.0
174.0
169.0
145.0
163.0
132.0
143.0
140.0
140.0
142.0
153.0
141.0
169.0
447.0
146.0
174.0
154.0
137.0
154.0
149.0
161.0
419.0
491.0
465.0
432.0
365.0
402.0
411.0
372.0
450.0
474.0
406.0
383.0
140.0
144.0
141.0
171.0
165.0
137.0
167.0
147.0
390.0
137.0
162.0
171.0
175.0
158.0
136.0
141.0
157.0
134.0
171.0
157.0
167.0
154.0
147.0
169.0
152.0
158.0
161.0
487.0
177.0
174.0
140.0
429.0
143.0
138.0
152.0
163.0
138.0
159.0
131.0
176.0
135.0
158.0
164.0
172.0
146.0
380.0
134.0
171.0
473.0
136.0
468.0
130.0
462.0
168.0
134.0
132.0
138.0
138.0
151.0
138.0
168.0
167.0
130.0
144.0
171.0
134.0
133.0
151.0
145.0
376.0
141.0
176.0
139.0
141.0
130.0
417.0
164.0
154.0
136.0
170.0
427.0
143.0
131.0
154.0
162.0
160.0
156.0
177.0
150.0
460.0
167.0
481.0
444.0
469.0
135.0
490.0
437.0
457.0
399.0
387.0
462.0
381.0
420.0
458.0
406.0
494.0
424.0
407.0
490.0
146.0
169.0
137.0
151.0
138.0
169.0
161.0
136.0
166.0
138.0
142.0
478.0
406.0
374.0
486.0
413.0
399.0
145.0
166.0
173.0
180.0
201.0
140.0
166.0
383.0
151.0
162.0
135.0
174.0
157.0
159.0
173.0
130.0
137.0
133.0
141.0
130.0
176.0
167.0
176.0
162.0
144.0
168.0
486.0
175.0
148.0
155.0
161.0
132.0
169.0
159.0
448.0
402.0
396.0
491.0
443.0
367.0
386.0
368.0
375.0
486.0
421.0
478.0
160.0
142.0
159.0
166.0
131.0
139.0
130.0
156.0
439.0
133.0
147.0
163.0
155.0
144.0
149.0
172.0
169.0
140.0
153.0
158.0
165.0
177.0
155.0
132.0
134.0
167.0
160.0
415.0
173.0
147.0
130.0
380.0
157.0
173.0
151.0
175.0
172.0
130.0
140.0
161.0
174.0
162.0
132.0
166.0
144.0
408.0
168.0
176.0
385.0
164.0
490.0
166.0
451.0
140.0
168.0
148.0
135.0
141.0
138.0
149.0
149.0
165.0
137.0
149.0
161.0
154.0
166.0
137.0
176.0
403.0
176.0
152.0
171.0
169.0
150.0
380.0
161.0
176.0
143.0
131.0
366.0
135.0
168.0
161.0
152.0
174.0
140.0
176.0
138.0
452.0
161.0
416.0
477.0
402.0
172.0
410.0
425.0
487.0
447.0
440.0
437.0
381.0
470.0
455.0
378.0
385.0
381.0
367.0
492.0
166.0
164.0
145.0
131.0
132.0
165.0
132.0
175.0
137.0
139.0
148.0
382.0
424.0
438.0
381.0
377.0
463.0
156.0
131.0
151.0
159.0
173.0
139.0
143.0
413.0
155.0
131.0
156.0
141.0
156.0
148.0
168.0
154.0
147.0
166.0
139.0
133.0
160.0
155.0
173.0
158.0
155.0
157.0
383.0
165.0
137.0
147.0
160.0
175.0
170.0
147.0
491.0
446.0
443.0
494.0
396.0
423.0
424.0
469.0
404.0
384.0
476.0
418.0
175.0
173.0
130.0
158.0
135.0
143.0
172.0
143.0
375.0
142.0
157.0
151.0
136.0
134.0
160.0
154.0
171.0
149.0
136.0
132.0
157.0
149.0
149.0
149.0
123.0
174.0
156.0
450.0
175.0
147.0
146.0
421.0
161.0
144.0
132.0
131.0
131.0
170.0
148.0
157.0
158.0
139.0
149.0
156.0
133.0
381.0
146.0
146.0
391.0
136.0
426.0
175.0
378.0
148.0
156.0
143.0
175.0
139.0
154.0
139.0
160.0
137.0
150.0
147.0
168.0
141.0
167.0
145.0
136.0
472.0
165.0
158.0
169.0
133.0
175.0
454.0
132.0
143.0
171.0
160.0
395.0
136.0
171.0
175.0
169.0
135.0
157.0
164.0
170.0
378.0
132.0
444.0
393.0
410.0
172.0
422.0
364.0
380.0
422.0
376.0
438.0
460.0
428.0
485.0
467.0
478.0
387.0
446.0
429.0
141.0
140.0
167.0
172.0
138.0
148.0
157.0
158.0
152.0
177.0
156.0
449.0
457.0
483.0
416.0
427.0
374.0
177.0
174.0
166.0
208.0
177.0
172.0
164.0
391.0
138.0
147.0
137.0
156.0
140.0
165.0
146.0
171.0
175.0
154.0
157.0
149.0
142.0
153.0
133.0
143.0
150.0
136.0
405.0
167.0
137.0
176.0
141.0
143.0
162.0
162.0
452.0
365.0
421.0
469.0
400.0
454.0
430.0
424.0
424.0
449.0
436.0
446.0
133.0
162.0
148.0
154.0
146.0
177.0
136.0
149.0
467.0
176.0
166.0
172.0
142.0
158.0
140.0
145.0
153.0
150.0
161.0
169.0
156.0
142.0
158.0
163.0
130.0
132.0
158.0
394.0
142.0
132.0
136.0
473.0
131.0
154.0
163.0
133.0
133.0
167.0
140.0
156.0
147.0
145.0
145.0
135.0
152.0
426.0
136.0
160.0
447.0
140.0
447.0
154.0
445.0
143.0
161.0
147.0
132.0
142.0
131.0
169.0
144.0
154.0
158.0
151.0
150.0
142.0
138.0
143.0
157.0
363.0
147.0
147.0
161.0
174.0
176.0
422.0
162.0
156.0
160.0
135.0
440.0
136.0
150.0
150.0
158.0
171.0
137.0
135.0
165.0
369.0
131.0
379.0
441.0
417.0
145.0
467.0
446.0
429.0
388.0
375.0
465.0
474.0
396.0
392.0
483.0
368.0
415.0
453.0
436.0
147.0
146.0
147.0
172.0
139.0
137.0
155.0
172.0
156.0
152.0
152.0
379.0
437.0
451.0
422.0
454.0
408.0
165.0
132.0
141.0
158.0
185.0
137.0
173.0
386.0
159.0
130.0
172.0
136.0
134.0
146.0
167.0
153.0
175.0
144.0
177.0
157.0
143.0
163.0
168.0
151.0
138.0
171.0
487.0
131.0
177.0
139.0
166.0
169.0
144.0
176.0
395.0
486.0
447.0
396.0
440.0
387.0
404.0
470.0
371.0
437.0
448.0
409.0
144.0
143.0
145.0
162.0
142.0
142.0
177.0
148.0
442.0
166.0
130.0
142.0
139.0
148.0
138.0
153.0
166.0
174.0
167.0
153.0
140.0
153.0
145.0
160.0
113.0
131.0
154.0
442.0
166.0
142.0
170.0
456.0
148.0
151.0
161.0
166.0
139.0
162.0
135.0
142.0
165.0
152.0
134.0
165.0
145.0
488.0
160.0
171.0
444.0
174.0
419.0
147.0
420.0
158.0
150.0
135.0
140.0
153.0
171.0
169.0
146.0
147.0
170.0
136.0
171.0
166.0
162.0
152.0
162.0
419.0
149.0
172.0
176.0
133.0
135.0
404.0
146.0
133.0
143.0
172.0
409.0
177.0
175.0
171.0
133.0
176.0
165.0
161.0
177.0
446.0
159.0
383.0
398.0
479.0
145.0
458.0
398.0
455.0
466.0
447.0
493.0
472.0
457.0
415.0
436.0
381.0
424.0
418.0
366.0
169.0
158.0
169.0
141.0
167.0
175.0
152.0
145.0
177.0
139.0
136.0
398.0
424.0
476.0
363.0
413.0
405.0
158.0
158.0
174.0
154.0
161.0
152.0
177.0
452.0
133.0
132.0
146.0
131.0
149.0
162.0
132.0
158.0
168.0
146.0
177.0
139.0
167.0
149.0
158.0
144.0
174.0
174.0
381.0
158.0
155.0
145.0
177.0
148.0
171.0
156.0
390.0
443.0
495.0
419.0
413.0
476.0
479.0
492.0
492.0
427.0
387.0
431.0
135.0
168.0
135.0
133.0
172.0
172.0
177.0
149.0
439.0
150.0
161.0
160.0
135.0
171.0
165.0
140.0
131.0
159.0
144.0
166.0
158.0
173.0
159.0
139.0
142.0
177.0
134.0
480.0
133.0
148.0
142.0
472.0
138.0
155.0
162.0
145.0
176.0
133.0
140.0
146.0
155.0
153.0
159.0
161.0
138.0
370.0
169.0
154.0
391.0
131.0
388.0
148.0
485.0
166.0
159.0
175.0
164.0
135.0
144.0
157.0
145.0
145.0
147.0
160.0
156.0
138.0
176.0
143.0
134.0
375.0
155.0
171.0
147.0
171.0
169.0
479.0
131.0
153.0
153.0
156.0
394.0
168.0
137.0
140.0
152.0
174.0
133.0
177.0
142.0
406.0
177.0
453.0
452.0
399.0
165.0
457.0
369.0
371.0
470.0
371.0
395.0
378.0
433.0
369.0
461.0
466.0
393.0
411.0
382.0
164.0
132.0
167.0
170.0
174.0
142.0
149.0
135.0
172.0
157.0
147.0
445.0
420.0
442.0
407.0
429.0
399.0
145.0
144.0
139.0
165.0
182.0
151.0
156.0
460.0
152.0
134.0
147.0
131.0
169.0
175.0
133.0
138.0
155.0
147.0
136.0
169.0
139.0
132.0
156.0
145.0
158.0
156.0
451.0
159.0
165.0
167.0
165.0
133.0
166.0
164.0
408.0
491.0
391.0
433.0
431.0
457.0
418.0
487.0
369.0
445.0
479.0
494.0
151.0
169.0
168.0
174.0
153.0
132.0
148.0
170.0
417.0
173.0
150.0
136.0
174.0
135.0
146.0
134.0
131.0
165.0
163.0
131.0
169.0
153.0
164.0
169.0
119.0
156.0
153.0
486.0
170.0
149.0
130.0
480.0
140.0
168.0
168.0
137.0
177.0
174.0
140.0
169.0
149.0
173.0
152.0
149.0
171.0
468.0
167.0
164.0
485.0
150.0
481.0
162.0
383.0
160.0
175.0
153.0
140.0
139.0
173.0
154.0
145.0
164.0
147.0
171.0
167.0
137.0
161.0
129.0
147.0
393.0
138.0
173.0
152.0
172.0
145.0
369.0
170.0
174.0
132.0
143.0
494.0
173.0
146.0
140.0
135.0
154.0
175.0
173.0
136.0
452.0
141.0
467.0
438.0
380.0
170.0
436.0
391.0
406.0
466.0
440.0
395.0
464.0
483.0
449.0
491.0
399.0
363.0
474.0
432.0
165.0
174.0
135.0
130.0
145.0
153.0
171.0
176.0
134.0
136.0
151.0
421.0
466.0
423.0
405.0
425.0
363.0
138.0
162.0
142.0
153.0
161.0
152.0
145.0
381.0
156.0
169.0
170.0
134.0
132.0
141.0
168.0
137.0
136.0
177.0
133.0
167.0
146.0
143.0
159.0
176.0
145.0
176.0
464.0
162.0
138.0
161.0
168.0
138.0
134.0
165.0
453.0
455.0
413.0
443.0
425.0
404.0
455.0
384.0
458.0
441.0
456.0
370.0
135.0
147.0
152.0
166.0
169.0
132.0
160.0
133.0
458.0
174.0
176.0
162.0
132.0
160.0
168.0
131.0
150.0
159.0
152.0
157.0
143.0
144.0
171.0
173.0
149.0
145.0
164.0
479.0
135.0
173.0
132.0
381.0
153.0
156.0
176.0
176.0
156.0
138.0
131.0
156.0
170.0
160.0
147.0
156.0
161.0
439.0
161.0
133.0
413.0
136.0
439.0
135.0
373.0
174.0
132.0
144.0
149.0
172.0
170.0
152.0
156.0
165.0
138.0
130.0
169.0
154.0
134.0
135.0
146.0
382.0
138.0
150.0
162.0
146.0
162.0
392.0
159.0
169.0
137.0
147.0
379.0
175.0
135.0
176.0
156.0
150.0
148.0
147.0
146.0
385.0
142.0
402.0
467.0
489.0
146.0
433.0
486.0
405.0
476.0
437.0
402.0
444.0
494.0
406.0
384.0
420.0
396.0
422.0
445.0
165.0
173.0
138.0
160.0
150.0
149.0
139.0
163.0
135.0
163.0
130.0
488.0
395.0
416.0
394.0
477.0
399.0
136.0
155.0
164.0
153.0
206.0
159.0
158.0
425.0
163.0
158.0
158.0
138.0
158.0
172.0
148.0
146.0
130.0
134.0
157.0
161.0
159.0
168.0
140.0
146.0
140.0
135.0
420.0
174.0
130.0
147.0
146.0
175.0
157.0
154.0
415.0
388.0
369.0
465.0
464.0
432.0
375.0
473.0
475.0
407.0
453.0
456.0
160.0
131.0
131.0
162.0
151.0
138.0
169.0
153.0
451.0
145.0
167.0
139.0
136.0
148.0
143.0
158.0
152.0
149.0
149.0
141.0
156.0
164.0
162.0
134.0
141.0
138.0
157.0
450.0
155.0
170.0
132.0
394.0
147.0
135.0
144.0
135.0
167.0
157.0
140.0
144.0
161.0
156.0
175.0
134.0
162.0
460.0
134.0
147.0
397.0
170.0
370.0
153.0
419.0
147.0
163.0
141.0
130.0
132.0
149.0
143.0
135.0
151.0
174.0
161.0
174.0
161.0
176.0
147.0
141.0
387.0
142.0
143.0
176.0
163.0
140.0
441.0
137.0
166.0
136.0
141.0
456.0
177.0
176.0
158.0
173.0
150.0
141.0
144.0
173.0
453.0
169.0
384.0
369.0
412.0
151.0
441.0
398.0
488.0
401.0
412.0
468.0
463.0
471.0
379.0
456.0
377.0
380.0
369.0
394.0
155.0
130.0
158.0
174.0
163.0
161.0
140.0
170.0
153.0
174.0
142.0
448.0
384.0
395.0
464.0
365.0
492.0
168.0
171.0
176.0
169.0
186.0
159.0
173.0
370.0
146.0
168.0
151.0
152.0
151.0
135.0
147.0
135.0
152.0
145.0
145.0
159.0
174.0
172.0
136.0
174.0
134.0
165.0
427.0
165.0
146.0
134.0
131.0
149.0
145.0
132.0
430.0
443.0
446.0
479.0
452.0
436.0
365.0
402.0
420.0
440.0
403.0
405.0
172.0
137.0
155.0
148.0
165.0
168.0
174.0
167.0
468.0
164.0
167.0
163.0
174.0
159.0
140.0
149.0
157.0
142.0
163.0
139.0
147.0
132.0
158.0
146.0
150.0
134.0
172.0
385.0
164.0
171.0
147.0
473.0
143.0
157.0
159.0
156.0
157.0
152.0
152.0
141.0
145.0
177.0
135.0
131.0
170.0
416.0
161.0
172.0
471.0
140.0
386.0
152.0
392.0
165.0
147.0
165.0
155.0
154.0
133.0
142.0
144.0
136.0
130.0
130.0
136.0
142.0
165.0
113.0
131.0
438.0
131.0
156.0
160.0
164.0
140.0
385.0
162.0
175.0
136.0
142.0
455.0
163.0
158.0
166.0
131.0
149.0
157.0
132.0
145.0
406.0
171.0
409.0
403.0
384.0
150.0
376.0
431.0
446.0
450.0
379.0
386.0
424.0
489.0
437.0
415.0
413.0
444.0
480.0
429.0
175.0
135.0
151.0
136.0
158.0
159.0
150.0
142.0
176.0
170.0
136.0
426.0
414.0
489.0
470.0
378.0
417.0
168.0
173.0
131.0
174.0
154.0
172.0
136.0
442.0
162.0
143.0
132.0
158.0
138.0
169.0
144.0
156.0
133.0
143.0
138.0
170.0
174.0
173.0
131.0
143.0
175.0
146.0
437.0
155.0
153.0
141.0
156.0
161.0
154.0
149.0
485.0
378.0
435.0
464.0
400.0
382.0
470.0
446.0
367.0
470.0
413.0
391.0
130.0
131.0
167.0
135.0
135.0
133.0
145.0
147.0
391.0
166.0
172.0
143.0
162.0
140.0
144.0
137.0
130.0
161.0
140.0
152.0
147.0
174.0
135.0
144.0
125.0
161.0
144.0
364.0
175.0
174.0
152.0
429.0
167.0
154.0
147.0
150.0
163.0
144.0
169.0
144.0
162.0
131.0
134.0
147.0
163.0
390.0
133.0
159.0
445.0
166.0
368.0
152.0
423.0
140.0
130.0
164.0
155.0
165.0
160.0
131.0
163.0
130.0
158.0
131.0
133.0
155.0
153.0
138.0
143.0
448.0
176.0
147.0
146.0
157.0
158.0
432.0
146.0
140.0
151.0
172.0
422.0
160.0
166.0
173.0
155.0
137.0
130.0
160.0
170.0
453.0
173.0
376.0
442.0
474.0
173.0
451.0
461.0
467.0
435.0
441.0
481.0
475.0
477.0
471.0
425.0
415.0
385.0
476.0
406.0
157.0
139.0
135.0
156.0
172.0
174.0
138.0
140.0
154.0
157.0
163.0
369.0
381.0
377.0
383.0
445.0
452.0
170.0
153.0
149.0
190.0
196.0
144.0
156.0
367.0
148.0
146.0
162.0
164.0
153.0
142.0
160.0
172.0
149.0
176.0
142.0
161.0
131.0
134.0
159.0
137.0
131.0
142.0
483.0
167.0
136.0
142.0
152.0
170.0
139.0
150.0
410.0
376.0
423.0
443.0
399.0
404.0
397.0
445.0
385.0
438.0
399.0
380.0
155.0
160.0
157.0
144.0
140.0
151.0
159.0
161.0
426.0
171.0
159.0
176.0
148.0
173.0
133.0
142.0
169.0
152.0
141.0
172.0
172.0
176.0
177.0
167.0
124.0
153.0
147.0
494.0
172.0
152.0
152.0
491.0
168.0
173.0
170.0
167.0
158.0
158.0
154.0
159.0
146.0
171.0
168.0
156.0
163.0
391.0
141.0
153.0
411.0
131.0
491.0
154.0
415.0
176.0
137.0
143.0
142.0
161.0
165.0
136.0
163.0
136.0
146.0
133.0
174.0
132.0
136.0
135.0
144.0
493.0
175.0
140.0
161.0
157.0
144.0
406.0
157.0
144.0
151.0
149.0
374.0
133.0
141.0
162.0
153.0
139.0
138.0
141.0
142.0
482.0
169.0
458.0
425.0
367.0
166.0
388.0
384.0
394.0
388.0
370.0
491.0
468.0
461.0
462.0
371.0
382.0
401.0
488.0
408.0
150.0
134.0
138.0
145.0
172.0
169.0
144.0
141.0
164.0
174.0
145.0
381.0
486.0
444.0
369.0
397.0
379.0
139.0
137.0
164.0
