I_BRKGA_178_6_20_11_CESP
178 6 20 495.0
62253.5
55733.5
56575.5
60399.5
63003.5
59407.5
59078.5
62867.5
57940.5
61710.5
58719.5
61810.5
59511.5
60280.5
59183.5
62936.5
63928.5
58071.5
60310.5
57645.5
0.05254298051071036
0.04811038774989328
0.058770201234588156
0.04133387962514221
0.05221031292524322
0.04824613919751649
0.05226772595151905
0.04604910545181443
0.059433110692563094
0.049175492089788414
0.059444549394549955
0.04327099471489738
0.057718240852230186
0.041139211493152444
0.050332181183336044
0.04031187711546784
0.05574134144842821
0.041496962892894826
0.05416427741864537
0.048241028057619095
106.0
115.0
125.0
111.0
116.0
109.0
2557.0
22.0
1261.0
1300.0
67.0
529.0
506.0
1338.0
35.0
530.0
118.0
189.0
46.0
321.0
258.0
385.0
59.0
299.0
216.0
500.0
218.0
1068.0
163.0
331.0
442.0
1399.0
2708.0
1004.0
1013.0
13.0
214.0
530.0
270.0
74.0
237.0
78.0
296.0
14.0
10.0
10.0
12.0
13.0
12.0
13.0
90.0
13.0
12.0
12.0
28.0
340.0
163.0
801.0
1303.0
598.0
351.0
1113.0
287.0
159.0
873.0
5042.0
5531.0
119.0
173.0
314.0
49.0
27.0
189.0
225.0
183.0
529.0
28.0
73.0
64.0
25.0
124.0
27.0
32.0
19.0
114.0
171.0
897.0
49.0
124.0
65.0
43.0
161.0
217.0
315.0
145.0
173.0
70.0
820.0
152.0
139.0
768.0
37.0
66.0
204.0
92.0
14.0
340.0
118.0
20.0
24.0
32.0
8.0
70.0
270.0
106.0
67.0
88.0
58.0
40.0
85.0
152.0
45.0
27.0
53.0
150.0
102.0
81.0
129.0
47.0
63.0
7.0
1563.0
57.0
108.0
54.0
48.0
612.0
852.0
122.0
1320.0
1123.0
26.0
121.0
114.0
271.0
6222.0
205.0
97.0
160.0
282.0
33.0
271.0
30.0
119.0
246.0
81.0
129.0
814.0
120.0
159.0
460.0
310.0
221.0
71.0
1275.0
122.0
125.0
69.0
86.0
117.0
20.0
250.0
202.0
359.0
171.0
36.0
71.0
53.0
204.0
235.0
311.0
195.0
857.0
1228.0
471.0
1323.0
36.0
557.0
115.0
190.0
48.0
351.0
265.0
398.0
56.0
306.0
226.0
456.0
198.0
1113.0
170.0
331.0
426.0
1277.0
2635.0
1064.0
996.0
13.0
220.0
538.0
289.0
73.0
254.0
82.0
279.0
14.0
10.0
10.0
12.0
14.0
12.0
13.0
94.0
14.0
12.0
11.0
28.0
352.0
166.0
782.0
1255.0
571.0
351.0
1120.0
274.0
159.0
830.0
5314.0
5518.0
121.0
156.0
319.0
49.0
29.0
182.0
207.0
183.0
491.0
26.0
77.0
64.0
27.0
120.0
29.0
32.0
20.0
109.0
173.0
896.0
49.0
123.0
64.0
46.0
164.0
216.0
316.0
146.0
165.0
69.0
885.0
161.0
143.0
781.0
36.0
65.0
212.0
97.0
14.0
323.0
123.0
20.0
26.0
32.0
8.0
73.0
252.0
107.0
71.0
83.0
57.0
37.0
89.0
151.0
46.0
26.0
57.0
155.0
106.0
86.0
136.0
46.0
66.0
7.0
1555.0
57.0
118.0
58.0
45.0
599.0
794.0
121.0
1420.0
1050.0
25.0
118.0
115.0
267.0
6587.0
199.0
102.0
157.0
279.0
30.0
286.0
30.0
125.0
257.0
80.0
127.0
808.0
118.0
159.0
459.0
313.0
216.0
70.0
1203.0
122.0
120.0
70.0
91.0
122.0
20.0
257.0
207.0
351.0
163.0
39.0
71.0
49.0
194.0
231.0
317.0
195.0
863.0
1257.0
480.0
1306.0
35.0
531.0
115.0
175.0
44.0
337.0
248.0
379.0
60.0
298.0
234.0
483.0
214.0
1039.0
168.0
353.0
448.0
1265.0
2654.0
1069.0
1012.0
12.0
229.0
507.0
272.0
74.0
242.0
80.0
286.0
13.0
10.0
10.0
12.0
14.0
12.0
14.0
91.0
14.0
12.0
12.0
27.0
373.0
168.0
839.0
1264.0
599.0
339.0
1097.0
282.0
144.0
815.0
5166.0
5512.0
118.0
171.0
315.0
48.0
29.0
189.0
223.0
191.0
490.0
28.0
79.0
65.0
25.0
123.0
29.0
33.0
20.0
113.0
162.0
861.0
52.0
128.0
64.0
42.0
154.0
211.0
341.0
145.0
162.0
70.0
883.0
159.0
149.0
745.0
37.0
65.0
206.0
98.0
14.0
342.0
117.0
21.0
26.0
30.0
8.0
74.0
255.0
111.0
74.0
90.0
57.0
40.0
87.0
151.0
45.0
25.0
58.0
153.0
104.0
79.0
136.0
48.0
62.0
7.0
1511.0
57.0
116.0
58.0
47.0
626.0
826.0
115.0
1414.0
1089.0
24.0
114.0
117.0
270.0
6285.0
215.0
98.0
161.0
296.0
30.0
286.0
30.0
123.0
260.0
77.0
133.0
758.0
122.0
146.0
428.0
297.0
209.0
71.0
1267.0
134.0
127.0
71.0
91.0
118.0
20.0
249.0
194.0
351.0
174.0
36.0
69.0
52.0
204.0
223.0
315.0
186.0
868.0
1238.0
486.0
1260.0
36.0
505.0
114.0
186.0
47.0
319.0
262.0
373.0
58.0
310.0
234.0
493.0
216.0
1127.0
162.0
333.0
431.0
1315.0
2643.0
1058.0
960.0
12.0
225.0
514.0
268.0
72.0
234.0
76.0
277.0
13.0
10.0
9.0
12.0
13.0
12.0
14.0
97.0
13.0
12.0
12.0
28.0
361.0
173.0
829.0
1268.0
595.0
353.0
1176.0
297.0
151.0
825.0
5473.0
5663.0
121.0
159.0
331.0
51.0
28.0
181.0
212.0
179.0
500.0
28.0
74.0
67.0
26.0
120.0
27.0
30.0
19.0
111.0
173.0
886.0
49.0
121.0
65.0
43.0
163.0
218.0
317.0
142.0
167.0
75.0
869.0
152.0
146.0
776.0
36.0
60.0
202.0
90.0
13.0
331.0
117.0
21.0
26.0
31.0
8.0
76.0
276.0
107.0
68.0
91.0
59.0
39.0
88.0
150.0
45.0
26.0
56.0
164.0
110.0
81.0
127.0
45.0
66.0
7.0
1625.0
58.0
118.0
55.0
44.0
646.0
810.0
120.0
1420.0
1091.0
24.0
121.0
117.0
271.0
6625.0
197.0
94.0
158.0
278.0
31.0
285.0
29.0
124.0
258.0
82.0
130.0
780.0
121.0
159.0
463.0
326.0
205.0
66.0
1237.0
122.0
121.0
66.0
93.0
113.0
20.0
249.0
206.0
349.0
168.0
39.0
68.0
49.0
193.0
227.0
303.0
190.0
896.0
1223.0
510.0
1242.0
34.0
548.0
115.0
184.0
45.0
320.0
270.0
390.0
57.0
311.0
229.0
496.0
203.0
1121.0
170.0
341.0
432.0
1400.0
2708.0
1012.0
976.0
13.0
212.0
551.0
274.0
74.0
229.0
75.0
284.0
14.0
10.0
10.0
12.0
13.0
12.0
14.0
97.0
13.0
11.0
11.0
28.0
343.0
171.0
768.0
1291.0
588.0
360.0
1091.0
290.0
149.0
814.0
5437.0
5466.0
122.0
163.0
324.0
50.0
28.0
185.0
220.0
196.0
492.0
27.0
74.0
66.0
27.0
127.0
28.0
31.0
19.0
111.0
175.0
838.0
52.0
127.0
62.0
46.0
155.0
209.0
337.0
140.0
168.0
72.0
877.0
167.0
150.0
750.0
38.0
61.0
204.0
93.0
13.0
349.0
129.0
21.0
24.0
31.0
8.0
71.0
261.0
108.0
74.0
86.0
59.0
38.0
89.0
143.0
46.0
27.0
53.0
154.0
100.0
85.0
132.0
46.0
67.0
7.0
1537.0
57.0
119.0
57.0
47.0
653.0
804.0
120.0
1440.0
1137.0
26.0
117.0
114.0
254.0
6209.0
204.0
98.0
151.0
283.0
30.0
265.0
28.0
122.0
257.0
81.0
127.0
823.0
119.0
150.0
431.0
306.0
217.0
66.0
1263.0
132.0
117.0
71.0
88.0
117.0
19.0
264.0
193.0
344.0
168.0
37.0
66.0
49.0
189.0
224.0
311.0
193.0
886.0
1312.0
489.0
1260.0
36.0
519.0
117.0
191.0
47.0
351.0
247.0
390.0
59.0
298.0
216.0
476.0
218.0
1120.0
164.0
338.0
422.0
1360.0
2556.0
1099.0
1004.0
12.0
224.0
536.0
287.0
74.0
232.0
76.0
284.0
13.0
10.0
10.0
12.0
13.0
11.0
13.0
91.0
14.0
12.0
12.0
28.0
368.0
163.0
797.0
1352.0
586.0
345.0
1113.0
299.0
158.0
854.0
5434.0
5825.0
129.0
164.0
332.0
50.0
29.0
179.0
216.0
178.0
489.0
26.0
75.0
67.0
25.0
125.0
28.0
33.0
19.0
113.0
171.0
871.0
52.0
130.0
66.0
45.0
166.0
207.0
310.0
151.0
159.0
75.0
811.0
157.0
140.0
736.0
38.0
63.0
196.0
97.0
13.0
354.0
122.0
21.0
26.0
31.0
8.0
69.0
255.0
111.0
74.0
83.0
57.0
38.0
85.0
145.0
45.0
27.0
58.0
153.0
108.0
79.0
137.0
46.0
64.0
7.0
1518.0
59.0
110.0
59.0
45.0
626.0
795.0
118.0
1356.0
1091.0
26.0
117.0
118.0
263.0
6300.0
207.0
100.0
162.0
271.0
31.0
270.0
30.0
126.0
250.0
81.0
131.0
798.0
116.0
155.0
442.0
323.0
209.0
68.0
1168.0
122.0
127.0
70.0
92.0
119.0
20.0
262.0
206.0
360.0
169.0
36.0
71.0
50.0
188.0
226.0
312.0
195.0
888.0
1261.0
506.0
1260.0
36.0
522.0
111.0
193.0
45.0
323.0
248.0
373.0
60.0
307.0
225.0
475.0
206.0
1084.0
162.0
348.0
408.0
1308.0
2505.0
1079.0
1049.0
13.0
221.0
522.0
280.0
71.0
230.0
74.0
274.0
14.0
10.0
10.0
12.0
13.0
12.0
13.0
94.0
13.0
12.0
11.0
29.0
340.0
156.0
825.0
1381.0
564.0
344.0
1134.0
297.0
158.0
839.0
5166.0
5710.0
118.0
157.0
317.0
50.0
28.0
189.0
224.0
194.0
523.0
28.0
78.0
64.0
26.0
116.0
28.0
30.0
20.0
110.0
179.0
877.0
53.0
131.0
61.0
44.0
167.0
217.0
335.0
152.0
159.0
75.0
845.0
165.0
143.0
772.0
38.0
63.0
213.0
90.0
14.0
355.0
128.0
21.0
26.0
31.0
8.0
69.0
263.0
112.0
69.0
91.0
58.0
38.0
86.0
141.0
49.0
25.0
53.0
150.0
102.0
83.0
130.0
46.0
63.0
7.0
1628.0
55.0
111.0
56.0
45.0
662.0
874.0
116.0
1429.0
1057.0
24.0
123.0
108.0
277.0
6843.0
209.0
102.0
154.0
270.0
33.0
276.0
30.0
124.0
256.0
83.0
128.0
801.0
120.0
154.0
459.0
325.0
212.0
65.0
1180.0
124.0
125.0
69.0
91.0
114.0
20.0
267.0
191.0
365.0
169.0
37.0
67.0
49.0
191.0
222.0
305.0
194.0
899.0
1246.0
517.0
1236.0
34.0
548.0
119.0
182.0
48.0
336.0
257.0
391.0
60.0
318.0
215.0
483.0
210.0
1115.0
165.0
323.0
436.0
1302.0
2592.0
1020.0
1042.0
13.0
218.0
545.0
292.0
76.0
232.0
79.0
280.0
14.0
10.0
10.0
11.0
13.0
12.0
13.0
92.0
14.0
11.0
12.0
27.0
363.0
168.0
787.0
1385.0
567.0
345.0
1150.0
286.0
159.0
860.0
5147.0
5499.0
124.0
171.0
326.0
48.0
29.0
175.0
222.0
190.0
497.0
27.0
76.0
66.0
27.0
118.0
28.0
32.0
19.0
115.0
179.0
840.0
51.0
125.0
62.0
45.0
156.0
206.0
336.0
144.0
172.0
70.0
859.0
168.0
146.0
724.0
36.0
62.0
209.0
96.0
14.0
354.0
117.0
19.0
24.0
32.0
8.0
76.0
259.0
110.0
73.0
90.0
59.0
38.0
86.0
141.0
48.0
27.0
55.0
161.0
104.0
80.0
132.0
46.0
66.0
7.0
1598.0
54.0
114.0
57.0
45.0
641.0
807.0
119.0
1404.0
1043.0
26.0
121.0
110.0
271.0
6559.0
201.0
92.0
163.0
282.0
31.0
269.0
30.0
125.0
246.0
81.0
138.0
756.0
118.0
144.0
457.0
315.0
221.0
67.0
1282.0
131.0
119.0
67.0
86.0
119.0
20.0
262.0
192.0
341.0
163.0
36.0
65.0
52.0
202.0
238.0
324.0
197.0
892.0
1302.0
514.0
1311.0
33.0
551.0
117.0
188.0
45.0
322.0
268.0
397.0
60.0
293.0
227.0
495.0
204.0
1068.0
170.0
350.0
425.0
1390.0
2635.0
1104.0
997.0
13.0
222.0
539.0
290.0
71.0
229.0
82.0
290.0
14.0
10.0
10.0
12.0
13.0
11.0
13.0
91.0
13.0
11.0
12.0
29.0
362.0
165.0
783.0
1376.0
592.0
340.0
1085.0
286.0
158.0
802.0
5381.0
5699.0
124.0
165.0
309.0
48.0
29.0
193.0
207.0
186.0
532.0
27.0
79.0
64.0
27.0
126.0
27.0
32.0
19.0
110.0
162.0
820.0
48.0
129.0
66.0
45.0
164.0
212.0
312.0
149.0
165.0
70.0
856.0
163.0
140.0
776.0
36.0
66.0
202.0
93.0
13.0
323.0
122.0
20.0
26.0
31.0
8.0
71.0
251.0
108.0
72.0
86.0
56.0
40.0
82.0
144.0
47.0
26.0
53.0
161.0
107.0
84.0
128.0
44.0
66.0
7.0
1565.0
55.0
115.0
59.0
46.0
644.0
797.0
112.0
1445.0
1078.0
26.0
112.0
110.0
265.0
6329.0
209.0
100.0
153.0
273.0
31.0
283.0
30.0
122.0
259.0
81.0
135.0
815.0
120.0
152.0
448.0
325.0
208.0
67.0
1240.0
129.0
127.0
71.0
87.0
121.0
19.0
265.0
194.0
360.0
170.0
37.0
70.0
52.0
201.0
229.0
304.0
194.0
829.0
1217.0
482.0
1321.0
33.0
513.0
116.0
192.0
47.0
333.0
249.0
380.0
61.0
312.0
222.0
479.0
216.0
1134.0
170.0
343.0
440.0
1370.0
2629.0
1075.0
975.0
12.0
228.0
551.0
292.0
73.0
247.0
80.0
299.0
13.0
10.0
10.0
12.0
14.0
11.0
14.0
92.0
13.0
11.0
12.0
29.0
361.0
157.0
812.0
1381.0
563.0
349.0
1109.0
282.0
144.0
809.0
5136.0
5599.0
119.0
157.0
307.0
49.0
27.0
180.0
205.0
194.0
507.0
28.0
74.0
62.0
27.0
122.0
28.0
33.0
19.0
117.0
170.0
887.0
51.0
124.0
64.0
43.0
154.0
210.0
317.0
152.0
163.0
76.0
863.0
162.0
140.0
757.0
36.0
66.0
203.0
95.0
14.0
354.0
127.0
20.0
25.0
31.0
8.0
76.0
275.0
109.0
73.0
91.0
55.0
39.0
84.0
152.0
48.0
26.0
53.0
160.0
107.0
84.0
135.0
47.0
65.0
7.0
1641.0
58.0
110.0
57.0
46.0
650.0
842.0
120.0
1332.0
1053.0
24.0
111.0
108.0
277.0
6325.0
199.0
100.0
152.0
274.0
31.0
267.0
30.0
125.0
243.0
77.0
131.0
796.0
124.0
149.0
448.0
305.0
225.0
71.0
1245.0
130.0
127.0
70.0
94.0
111.0
20.0
252.0
192.0
339.0
171.0
37.0
71.0
52.0
201.0
227.0
303.0
191.0
885.0
1245.0
473.0
1317.0
35.0
521.0
120.0
191.0
48.0
334.0
255.0
380.0
59.0
306.0
228.0
482.0
201.0
1071.0
160.0
330.0
433.0
1301.0
2589.0
1049.0
1054.0
12.0
225.0
556.0
295.0
74.0
252.0
76.0
291.0
14.0
10.0
10.0
12.0
13.0
12.0
13.0
95.0
13.0
12.0
12.0
28.0
371.0
170.0
765.0
1265.0
579.0
338.0
1165.0
280.0
159.0
837.0
5107.0
5936.0
125.0
171.0
317.0
47.0
29.0
185.0
209.0
194.0
530.0
26.0
78.0
64.0
26.0
124.0
29.0
32.0
20.0
108.0
170.0
844.0
50.0
130.0
65.0
43.0
162.0
207.0
322.0
148.0
170.0
73.0
875.0
157.0
145.0
757.0
38.0
64.0
204.0
93.0
14.0
322.0
124.0
21.0
26.0
32.0
8.0
73.0
260.0
104.0
70.0
89.0
56.0
40.0
83.0
143.0
49.0
27.0
54.0
159.0
106.0
83.0
136.0
46.0
65.0
7.0
1517.0
58.0
117.0
56.0
44.0
618.0
799.0
117.0
1377.0
1145.0
25.0
119.0
108.0
255.0
6717.0
207.0
100.0
165.0
288.0
32.0
288.0
29.0
124.0
260.0
80.0
131.0
788.0
113.0
147.0
427.0
304.0
204.0
65.0
1187.0
126.0
118.0
73.0
89.0
121.0
20.0
249.0
206.0
372.0
168.0
38.0
65.0
52.0
187.0
230.0
296.0
188.0
838.0
1240.0
510.0
1342.0
36.0
520.0
119.0
190.0
44.0
346.0
252.0
369.0
60.0
291.0
230.0
484.0
202.0
1068.0
155.0
348.0
426.0
1325.0
2738.0
1065.0
977.0
12.0
233.0
541.0
268.0
74.0
237.0
77.0
292.0
13.0
10.0
10.0
12.0
14.0
12.0
14.0
100.0
14.0
11.0
11.0
29.0
374.0
157.0
766.0
1290.0
577.0
354.0
1157.0
299.0
156.0
819.0
5121.0
5937.0
122.0
171.0
319.0
51.0
28.0
178.0
219.0
196.0
527.0
26.0
72.0
63.0
27.0
124.0
28.0
30.0
20.0
114.0
169.0
828.0
51.0
131.0
66.0
43.0
165.0
205.0
311.0
146.0
176.0
71.0
803.0
155.0
140.0
776.0
38.0
65.0
203.0
93.0
13.0
354.0
121.0
20.0
25.0
31.0
8.0
76.0
264.0
111.0
70.0
83.0
55.0
41.0
87.0
141.0
47.0
27.0
57.0
151.0
110.0
86.0
139.0
44.0
65.0
7.0
1529.0
55.0
118.0
57.0
45.0
648.0
878.0
115.0
1412.0
1100.0
25.0
114.0
118.0
275.0
6202.0
209.0
96.0
164.0
273.0
32.0
287.0
30.0
127.0
241.0
82.0
129.0
831.0
120.0
145.0
442.0
303.0
223.0
71.0
1250.0
133.0
115.0
71.0
89.0
122.0
19.0
272.0
196.0
369.0
175.0
39.0
67.0
52.0
205.0
234.0
314.0
199.0
865.0
1297.0
503.0
1320.0
35.0
558.0
114.0
189.0
46.0
339.0
248.0
365.0
56.0
309.0
222.0
475.0
198.0
1055.0
160.0
356.0
425.0
1361.0
2746.0
1042.0
1002.0
13.0
217.0
534.0
287.0
75.0
242.0
78.0
285.0
14.0
10.0
10.0
12.0
14.0
11.0
14.0
95.0
14.0
11.0
12.0
28.0
357.0
169.0
787.0
1296.0
571.0
363.0
1193.0
280.0
146.0
843.0
5021.0
5773.0
130.0
165.0
307.0
50.0
28.0
186.0
222.0
187.0
499.0
26.0
78.0
63.0
27.0
116.0
27.0
32.0
19.0
119.0
174.0
876.0
49.0
127.0
64.0
46.0
160.0
209.0
322.0
148.0
163.0
75.0
858.0
159.0
147.0
783.0
37.0
62.0
202.0
97.0
13.0
325.0
125.0
21.0
25.0
32.0
8.0
71.0
255.0
113.0
71.0
89.0
54.0
41.0
84.0
146.0
48.0
27.0
55.0
148.0
106.0
85.0
127.0
44.0
64.0
7.0
1624.0
58.0
116.0
56.0
47.0
639.0
863.0
114.0
1369.0
1148.0
25.0
112.0
118.0
267.0
6447.0
212.0
98.0
165.0
273.0
33.0
281.0
28.0
126.0
251.0
79.0
131.0
753.0
115.0
154.0
448.0
310.0
205.0
66.0
1282.0
124.0
117.0
71.0
92.0
120.0
19.0
253.0
204.0
353.0
161.0
37.0
71.0
50.0
187.0
234.0
313.0
192.0
856.0
1310.0
495.0
1219.0
36.0
544.0
109.0
179.0
48.0
338.0
266.0
386.0
59.0
305.0
222.0
467.0
201.0
1135.0
158.0
346.0
445.0
1399.0
2704.0
1034.0
1038.0
13.0
223.0
518.0
280.0
74.0
252.0
76.0
276.0
13.0
10.0
10.0
12.0
13.0
11.0
14.0
92.0
13.0
12.0
12.0
29.0
375.0
168.0
788.0
1270.0
593.0
330.0
1084.0
279.0
150.0
803.0
5464.0
5676.0
126.0
171.0
327.0
49.0
27.0
176.0
224.0
183.0
529.0
28.0
72.0
67.0
27.0
123.0
27.0
33.0
20.0
114.0
163.0
841.0
51.0
131.0
65.0
46.0
151.0
216.0
321.0
147.0
167.0
71.0
875.0
156.0
140.0
744.0
38.0
61.0
199.0
97.0
13.0
334.0
128.0
20.0
26.0
30.0
8.0
69.0
274.0
111.0
67.0
87.0
58.0
39.0
86.0
150.0
45.0
26.0
56.0
155.0
107.0
85.0
137.0
46.0
67.0
7.0
1552.0
55.0
111.0
59.0
45.0
626.0
807.0
112.0
1344.0
1150.0
24.0
113.0
111.0
251.0
6773.0
202.0
97.0
162.0
293.0
33.0
262.0
29.0
127.0
251.0
80.0
130.0
795.0
119.0
148.0
440.0
317.0
214.0
65.0
1170.0
126.0
123.0
69.0
87.0
117.0
19.0
250.0
196.0
373.0
162.0
39.0
71.0
50.0
206.0
241.0
307.0
199.0
888.0
1249.0
508.0
1310.0
33.0
545.0
109.0
182.0
45.0
345.0
270.0
363.0
61.0
304.0
232.0
503.0
211.0
1066.0
167.0
327.0
411.0
1330.0
2763.0
1047.0
1007.0
13.0
222.0
517.0
295.0
76.0
232.0
75.0
286.0
14.0
9.0
10.0
11.0
13.0
12.0
14.0
95.0
14.0
11.0
12.0
28.0
350.0
160.0
831.0
1283.0
561.0
339.0
1098.0
289.0
157.0
818.0
5514.0
5836.0
121.0
162.0
318.0
50.0
29.0
183.0
209.0
194.0
507.0
27.0
74.0
67.0
27.0
120.0
27.0
31.0
20.0
115.0
172.0
898.0
49.0
127.0
65.0
46.0
157.0
214.0
333.0
149.0
171.0
75.0
819.0
160.0
139.0
738.0
37.0
62.0
194.0
95.0
13.0
348.0
126.0
20.0
26.0
29.0
8.0
75.0
253.0
105.0
69.0
86.0
58.0
37.0
86.0
153.0
45.0
26.0
53.0
150.0
102.0
86.0
137.0
44.0
63.0
7.0
1505.0
55.0
117.0
57.0
44.0
646.0
844.0
115.0
1387.0
1139.0
26.0
119.0
111.0
255.0
6429.0
214.0
95.0
166.0
282.0
31.0
272.0
28.0
122.0
259.0
83.0
138.0
794.0
112.0
155.0
432.0
326.0
222.0
69.0
1280.0
133.0
118.0
67.0
92.0
113.0
20.0
260.0
204.0
367.0
159.0
39.0
65.0
51.0
201.0
224.0
310.0
203.0
833.0
1256.0
477.0
1283.0
36.0
549.0
113.0
193.0
46.0
322.0
269.0
386.0
55.0
310.0
233.0
499.0
202.0
1057.0
157.0
338.0
431.0
1274.0
2581.0
1032.0
965.0
12.0
217.0
539.0
287.0
73.0
253.0
78.0
295.0
14.0
10.0
10.0
12.0
13.0
12.0
13.0
98.0
13.0
12.0
12.0
29.0
358.0
166.0
787.0
1257.0
548.0
342.0
1187.0
277.0
149.0
868.0
5083.0
5850.0
130.0
169.0
312.0
48.0
29.0
190.0
218.0
183.0
482.0
26.0
78.0
63.0
25.0
123.0
28.0
31.0
19.0
119.0
164.0
885.0
51.0
128.0
67.0
44.0
163.0
205.0
318.0
153.0
159.0
74.0
837.0
164.0
146.0
756.0
36.0
60.0
209.0
93.0
14.0
334.0
124.0
21.0
25.0
31.0
8.0
71.0
272.0
111.0
73.0
89.0
59.0
39.0
87.0
152.0
47.0
25.0
58.0
154.0
106.0
85.0
131.0
44.0
63.0
7.0
1588.0
55.0
116.0
54.0
46.0
629.0
808.0
111.0
1314.0
1103.0
25.0
121.0
111.0
276.0
6631.0
212.0
101.0
160.0
290.0
33.0
272.0
30.0
120.0
252.0
81.0
130.0
772.0
121.0
145.0
445.0
300.0
206.0
70.0
1271.0
129.0
118.0
69.0
93.0
121.0
18.0
251.0
207.0
369.0
163.0
37.0
67.0
52.0
199.0
222.0
319.0
205.0
884.0
1279.0
476.0
1334.0
36.0
518.0
109.0
183.0
47.0
320.0
249.0
379.0
56.0
297.0
213.0
501.0
217.0
1056.0
160.0
334.0
434.0
1392.0
2622.0
1040.0
991.0
13.0
218.0
508.0
286.0
73.0
248.0
75.0
283.0
14.0
10.0
10.0
12.0
13.0
11.0
14.0
95.0
14.0
12.0
12.0
28.0
373.0
171.0
822.0
1393.0
568.0
328.0
1084.0
291.0
157.0
803.0
5501.0
5737.0
123.0
171.0
330.0
49.0
27.0
177.0
226.0
187.0
490.0
28.0
78.0
66.0
27.0
124.0
28.0
33.0
19.0
108.0
163.0
843.0
52.0
121.0
66.0
44.0
167.0
216.0
329.0
141.0
168.0
74.0
854.0
156.0
153.0
773.0
36.0
66.0
206.0
90.0
13.0
348.0
129.0
19.0
26.0
32.0
8.0
69.0
267.0
111.0
73.0
89.0
58.0
38.0
83.0
146.0
47.0
25.0
53.0
157.0
102.0
81.0
126.0
44.0
67.0
7.0
1595.0
55.0
118.0
57.0
47.0
644.0
835.0
120.0
1429.0
1110.0
25.0
122.0
113.0
274.0
6796.0
205.0
93.0
159.0
290.0
30.0
264.0
28.0
118.0
236.0
78.0
137.0
754.0
120.0
148.0
456.0
304.0
225.0
70.0
1176.0
130.0
124.0
73.0
94.0
112.0
19.0
271.0
200.0
354.0
168.0
36.0
70.0
49.0
192.0
221.0
305.0
186.0
837.0
1283.0
485.0
1221.0
34.0
538.0
117.0
174.0
47.0
334.0
263.0
383.0
60.0
318.0
218.0
480.0
219.0
1093.0
156.0
340.0
410.0
1375.0
2522.0
1002.0
1023.0
12.0
213.0
540.0
268.0
75.0
234.0
81.0
283.0
13.0
10.0
10.0
12.0
14.0
12.0
14.0
92.0
14.0
12.0
12.0
28.0
362.0
157.0
780.0
1289.0
566.0
351.0
1101.0
273.0
148.0
796.0
5512.0
5800.0
123.0
173.0
319.0
50.0
27.0
179.0
211.0
177.0
501.0
26.0
78.0
63.0
27.0
118.0
29.0
31.0
18.0
115.0
178.0
878.0
49.0
127.0
61.0
43.0
167.0
208.0
332.0
150.0
168.0
73.0
865.0
168.0
144.0
774.0
36.0
63.0
207.0
90.0
13.0
321.0
122.0
20.0
26.0
32.0
8.0
73.0
276.0
104.0
72.0
88.0
55.0
40.0
88.0
145.0
49.0
27.0
56.0
160.0
107.0
81.0
135.0
44.0
64.0
7.0
1574.0
56.0
113.0
59.0
46.0
655.0
815.0
112.0
1342.0
1093.0
26.0
114.0
117.0
263.0
6658.0
212.0
98.0
163.0
298.0
30.0
263.0
30.0
128.0
256.0
80.0
129.0
766.0
124.0
145.0
447.0
326.0
223.0
68.0
1181.0
129.0
117.0
70.0
92.0
117.0
20.0
271.0
189.0
343.0
160.0
39.0
69.0
49.0
196.0
225.0
307.0
204.0
857.0
1292.0
501.0
1287.0
33.0
517.0
118.0
189.0
44.0
348.0
245.0
364.0
59.0
310.0
236.0
502.0
217.0
1048.0
155.0
355.0
427.0
1348.0
2570.0
1041.0
1033.0
13.0
224.0
522.0
275.0
69.0
237.0
80.0
281.0
13.0
10.0
10.0
12.0
14.0
12.0
13.0
99.0
13.0
11.0
12.0
29.0
345.0
160.0
814.0
1290.0
597.0
329.0
1144.0
281.0
148.0
830.0
5026.0
5805.0
121.0
161.0
314.0
49.0
27.0
183.0
210.0
189.0
499.0
27.0
76.0
64.0
27.0
119.0
28.0
32.0
20.0
111.0
169.0
845.0
49.0
119.0
63.0
43.0
159.0
204.0
310.0
153.0
161.0
74.0
882.0
165.0
141.0
737.0
35.0
66.0
206.0
91.0
13.0
350.0
120.0
21.0
26.0
30.0
8.0
73.0
269.0
113.0
68.0
90.0
55.0
38.0
82.0
154.0
48.0
26.0
55.0
157.0
101.0
81.0
137.0
46.0
66.0
7.0
1557.0
59.0
108.0
56.0
48.0
655.0
858.0
114.0
1308.0
1102.0
25.0
112.0
111.0
252.0
6291.0
212.0
93.0
163.0
285.0
31.0
287.0
30.0
119.0
250.0
78.0
128.0
818.0
124.0
144.0
441.0
318.0
209.0
65.0
1228.0
126.0
125.0
69.0
91.0
113.0
20.0
258.0
188.0
361.0
174.0
36.0
67.0
50.0
186.0
227.0
324.0
191.0
889.0
1288.0
478.0
1233.0
36.0
538.0
111.0
176.0
48.0
346.0
245.0
380.0
57.0
308.0
213.0
487.0
206.0
1096.0
159.0
330.0
444.0
1346.0
2534.0
1069.0
1019.0
13.0
223.0
558.0
284.0
74.0
246.0
75.0
280.0
14.0
10.0
10.0
12.0
14.0
11.0
13.0
92.0
13.0
12.0
12.0
28.0
362.0
165.0
819.0
1258.0
580.0
335.0
1191.0
291.0
147.0
800.0
5356.0
5914.0
130.0
167.0
328.0
48.0
27.0
193.0
217.0
181.0
501.0
27.0
79.0
63.0
26.0
122.0
28.0
33.0
20.0
116.0
178.0
830.0
49.0
119.0
61.0
45.0
166.0
212.0
311.0
147.0
163.0
75.0
876.0
158.0
148.0
785.0
37.0
60.0
204.0
96.0
14.0
352.0
118.0
21.0
24.0
32.0
8.0
70.0
257.0
103.0
69.0
88.0
57.0
38.0
82.0
148.0
47.0
27.0
58.0
164.0
104.0
87.0
138.0
45.0
63.0
7.0
1518.0
54.0
112.0
59.0
47.0
651.0
867.0
118.0
1329.0
1041.0
24.0
115.0
118.0
260.0
6498.0
196.0
98.0
154.0
272.0
33.0
263.0
30.0
120.0
248.0
77.0
129.0
760.0
114.0
150.0
455.0
329.0
216.0
66.0
1195.0
128.0
116.0
69.0
93.0
119.0
20.0
265.0
187.0
374.0
164.0
36.0
68.0
50.0
201.0
228.0
309.0
201.0
869.0
1251.0
185.0
182.0
149.0
166.0
477.0
137.0
155.0
176.0
136.0
168.0
167.0
138.0
145.0
144.0
157.0
175.0
168.0
140.0
166.0
174.0
158.0
158.0
151.0
435.0
164.0
172.0
153.0
132.0
166.0
138.0
148.0
363.0
488.0
417.0
419.0
495.0
466.0
429.0
386.0
410.0
440.0
485.0
423.0
140.0
143.0
152.0
160.0
130.0
131.0
153.0
174.0
413.0
132.0
153.0
171.0
137.0
137.0
176.0
136.0
165.0
152.0
169.0
154.0
173.0
164.0
132.0
163.0
128.0
156.0
176.0
494.0
139.0
158.0
170.0
416.0
164.0
131.0
135.0
152.0
143.0
145.0
163.0
174.0
151.0
172.0
164.0
132.0
141.0
410.0
153.0
133.0
384.0
136.0
416.0
153.0
476.0
170.0
135.0
164.0
148.0
174.0
160.0
147.0
163.0
176.0
158.0
156.0
175.0
177.0
163.0
136.0
150.0
453.0
141.0
145.0
140.0
141.0
172.0
416.0
144.0
140.0
154.0
171.0
397.0
167.0
153.0
164.0
177.0
131.0
171.0
169.0
134.0
411.0
143.0
366.0
447.0
403.0
148.0
481.0
487.0
463.0
458.0
446.0
372.0
364.0
413.0
492.0
410.0
475.0
456.0
397.0
402.0
156.0
159.0
167.0
152.0
161.0
130.0
144.0
146.0
169.0
166.0
143.0
375.0
369.0
382.0
384.0
368.0
380.0
148.0
164.0
175.0
169.0
160.0
149.0
153.0
388.0
174.0
147.0
165.0
152.0
159.0
177.0
143.0
139.0
160.0
172.0
148.0
153.0
164.0
138.0
147.0
176.0
138.0
154.0
368.0
140.0
156.0
159.0
170.0
135.0
139.0
162.0
400.0
378.0
391.0
399.0
402.0
395.0
485.0
443.0
386.0
470.0
422.0
389.0
177.0
138.0
140.0
141.0
149.0
156.0
131.0
143.0
459.0
147.0
173.0
138.0
143.0
138.0
157.0
132.0
157.0
140.0
164.0
132.0
171.0
144.0
135.0
135.0
115.0
154.0
141.0
458.0
130.0
171.0
137.0
474.0
157.0
171.0
156.0
132.0
149.0
171.0
154.0
166.0
170.0
145.0
132.0
148.0
156.0
440.0
160.0
131.0
479.0
167.0
443.0
165.0
485.0
171.0
154.0
155.0
131.0
169.0
141.0
164.0
167.0
175.0
146.0
150.0
139.0
140.0
132.0
144.0
146.0
415.0
162.0
132.0
159.0
163.0
152.0
473.0
161.0
153.0
141.0
141.0
411.0
168.0
134.0
160.0
160.0
164.0
148.0
133.0
159.0
446.0
153.0
462.0
485.0
480.0
132.0
378.0
464.0
458.0
475.0
427.0
368.0
378.0
431.0
369.0
368.0
371.0
438.0
490.0
370.0
155.0
157.0
160.0
136.0
174.0
154.0
157.0
166.0
176.0
152.0
145.0
404.0
379.0
411.0
406.0
414.0
391.0
144.0
175.0
154.0
196.0
190.0
161.0
161.0
395.0
142.0
144.0
172.0
169.0
171.0
136.0
157.0
137.0
140.0
160.0
152.0
168.0
132.0
160.0
148.0
130.0
134.0
132.0
378.0
153.0
165.0
150.0
143.0
143.0
170.0
174.0
448.0
466.0
409.0
447.0
434.0
411.0
494.0
378.0
408.0
419.0
462.0
455.0
133.0
161.0
163.0
137.0
152.0
133.0
148.0
139.0
420.0
159.0
166.0
151.0
144.0
174.0
159.0
161.0
157.0
148.0
166.0
143.0
136.0
138.0
155.0
163.0
140.0
157.0
143.0
465.0
163.0
152.0
177.0
403.0
130.0
151.0
145.0
172.0
167.0
157.0
143.0
139.0
153.0
142.0
168.0
137.0
133.0
365.0
166.0
149.0
457.0
133.0
380.0
150.0
383.0
165.0
143.0
140.0
160.0
162.0
170.0
161.0
175.0
172.0
156.0
173.0
140.0
136.0
160.0
129.0
138.0
433.0
145.0
137.0
144.0
135.0
131.0
432.0
138.0
159.0
151.0
131.0
400.0
133.0
162.0
147.0
176.0
163.0
169.0
163.0
168.0
404.0
144.0
412.0
432.0
378.0
136.0
369.0
425.0
455.0
389.0
414.0
388.0
459.0
427.0
428.0
438.0
401.0
419.0
463.0
439.0
139.0
131.0
175.0
163.0
160.0
151.0
160.0
149.0
172.0
136.0
137.0
427.0
375.0
450.0
490.0
476.0
389.0
172.0
171.0
140.0
190.0
164.0
157.0
172.0
439.0
173.0
155.0
153.0
176.0
165.0
131.0
136.0
175.0
157.0
174.0
168.0
159.0
152.0
159.0
159.0
171.0
160.0
135.0
399.0
167.0
135.0
131.0
135.0
177.0
132.0
149.0
382.0
399.0
387.0
384.0
422.0
410.0
423.0
464.0
424.0
441.0
397.0
449.0
141.0
175.0
161.0
132.0
157.0
161.0
148.0
158.0
453.0
137.0
167.0
166.0
168.0
154.0
158.0
173.0
169.0
145.0
159.0
162.0
174.0
157.0
156.0
170.0
143.0
145.0
148.0
488.0
167.0
174.0
144.0
397.0
151.0
144.0
170.0
132.0
166.0
143.0
136.0
175.0
144.0
144.0
169.0
140.0
149.0
469.0
156.0
168.0
433.0
134.0
490.0
171.0
469.0
159.0
149.0
130.0
142.0
171.0
133.0
142.0
141.0
146.0
130.0
174.0
139.0
142.0
154.0
124.0
156.0
380.0
156.0
145.0
151.0
134.0
148.0
436.0
165.0
169.0
153.0
176.0
421.0
152.0
156.0
150.0
144.0
161.0
132.0
168.0
145.0
457.0
155.0
432.0
467.0
476.0
174.0
412.0
418.0
423.0
411.0
382.0
389.0
370.0
381.0
457.0
488.0
455.0
379.0
371.0
426.0
156.0
161.0
170.0
135.0
135.0
155.0
144.0
168.0
140.0
165.0
150.0
390.0
369.0
396.0
397.0
390.0
413.0
166.0
132.0
139.0
153.0
162.0
174.0
163.0
406.0
157.0
165.0
144.0
170.0
150.0
146.0
174.0
171.0
167.0
140.0
134.0
137.0
152.0
131.0
147.0
146.0
146.0
138.0
428.0
160.0
163.0
174.0
166.0
169.0
169.0
147.0
415.0
460.0
417.0
391.0
423.0
463.0
425.0
457.0
380.0
487.0
370.0
427.0
165.0
164.0
159.0
148.0
154.0
155.0
172.0
175.0
384.0
161.0
171.0
161.0
170.0
133.0
132.0
132.0
172.0
142.0
176.0
166.0
150.0
139.0
172.0
172.0
149.0
171.0
131.0
470.0
131.0
141.0
165.0
392.0
154.0
146.0
159.0
144.0
172.0
132.0
132.0
147.0
144.0
158.0
145.0
173.0
160.0
471.0
169.0
147.0
464.0
135.0
366.0
131.0
465.0
175.0
151.0
146.0
142.0
132.0
160.0
142.0
134.0
177.0
176.0
134.0
151.0
147.0
162.0
141.0
161.0
438.0
157.0
156.0
150.0
154.0
139.0
443.0
159.0
152.0
156.0
176.0
370.0
140.0
155.0
141.0
164.0
164.0
158.0
163.0
176.0
450.0
157.0
419.0
445.0
448.0
153.0
437.0
372.0
488.0
456.0
419.0
474.0
382.0
363.0
384.0
413.0
484.0
387.0
386.0
435.0
170.0
150.0
155.0
155.0
136.0
151.0
134.0
176.0
150.0
138.0
169.0
450.0
406.0
451.0
372.0
464.0
487.0
133.0
142.0
168.0
153.0
169.0
143.0
166.0
389.0
158.0
137.0
169.0
154.0
171.0
175.0
172.0
137.0
174.0
148.0
163.0
137.0
162.0
173.0
148.0
154.0
177.0
158.0
431.0
174.0
172.0
150.0
139.0
135.0
136.0
130.0
455.0
402.0
420.0
423.0
452.0
449.0
482.0
377.0
489.0
418.0
409.0
408.0
150.0
139.0
156.0
164.0
155.0
155.0
172.0
130.0
429.0
176.0
152.0
132.0
135.0
171.0
133.0
148.0
164.0
131.0
147.0
137.0
131.0
159.0
132.0
157.0
127.0
136.0
151.0
398.0
136.0
146.0
171.0
366.0
174.0
150.0
150.0
163.0
132.0
161.0
132.0
159.0
145.0
155.0
149.0
152.0
130.0
390.0
157.0
161.0
367.0
145.0
420.0
154.0
490.0
174.0
168.0
168.0
174.0
131.0
146.0
166.0
154.0
164.0
154.0
131.0
171.0
139.0
173.0
139.0
131.0
380.0
134.0
138.0
171.0
170.0
150.0
441.0
149.0
166.0
173.0
172.0
394.0
157.0
161.0
163.0
143.0
157.0
160.0
138.0
144.0
468.0
130.0
462.0
464.0
473.0
171.0
486.0
493.0
481.0
411.0
401.0
439.0
364.0
448.0
423.0
485.0
451.0
479.0
468.0
468.0
146.0
147.0
172.0
159.0
154.0
156.0
141.0
173.0
147.0
153.0
154.0
491.0
492.0
470.0
440.0
449.0
367.0
160.0
131.0
175.0
156.0
192.0
163.0
174.0
483.0
159.0
165.0
160.0
172.0
145.0
138.0
161.0
170.0
164.0
165.0
140.0
133.0
160.0
161.0
164.0
164.0
172.0
167.0
449.0
150.0
162.0
174.0
165.0
169.0
146.0
152.0
381.0
445.0
382.0
447.0
490.0
387.0
482.0
489.0
386.0
477.0
391.0
466.0
133.0
152.0
173.0
173.0
156.0
159.0
174.0
163.0
374.0
175.0
165.0
137.0
173.0
152.0
167.0
175.0
132.0
135.0
174.0
149.0
136.0
173.0
166.0
160.0
150.0
133.0
176.0
468.0
150.0
149.0
159.0
455.0
148.0
168.0
158.0
155.0
142.0
133.0
167.0
153.0
155.0
144.0
169.0
138.0
169.0
492.0
142.0
152.0
451.0
141.0
431.0
137.0
423.0
177.0
141.0
139.0
136.0
169.0
159.0
174.0
158.0
132.0
169.0
142.0
172.0
132.0
173.0
129.0
163.0
379.0
146.0
161.0
153.0
135.0
155.0
485.0
162.0
162.0
163.0
136.0
428.0
143.0
173.0
147.0
142.0
162.0
151.0
171.0
152.0
489.0
155.0
386.0
480.0
383.0
131.0
385.0
423.0
381.0
375.0
410.0
448.0
403.0
415.0
427.0
471.0
364.0
434.0
389.0
433.0
136.0
177.0
154.0
167.0
133.0
148.0
139.0
172.0
167.0
139.0
153.0
393.0
400.0
492.0
437.0
390.0
377.0
173.0
162.0
138.0
201.0
158.0
136.0
176.0
389.0
171.0
136.0
158.0
134.0
149.0
159.0
176.0
133.0
171.0
144.0
173.0
149.0
143.0
148.0
160.0
139.0
165.0
143.0
450.0
136.0
154.0
158.0
164.0
151.0
150.0
167.0
371.0
383.0
404.0
464.0
400.0
441.0
445.0
456.0
454.0
492.0
402.0
473.0
165.0
147.0
159.0
154.0
174.0
144.0
163.0
155.0
404.0
136.0
159.0
131.0
161.0
156.0
156.0
147.0
160.0
177.0
145.0
141.0
162.0
131.0
138.0
161.0
134.0
158.0
175.0
425.0
150.0
135.0
157.0
446.0
147.0
145.0
161.0
156.0
144.0
175.0
134.0
137.0
176.0
138.0
138.0
142.0
148.0
408.0
134.0
160.0
454.0
133.0
479.0
171.0
466.0
175.0
171.0
166.0
167.0
172.0
150.0
176.0
141.0
166.0
153.0
136.0
167.0
169.0
144.0
128.0
155.0
372.0
176.0
171.0
155.0
155.0
141.0
412.0
130.0
146.0
144.0
137.0
494.0
158.0
157.0
161.0
131.0
171.0
173.0
162.0
164.0
459.0
146.0
396.0
414.0
407.0
170.0
482.0
376.0
417.0
403.0
475.0
466.0
483.0
438.0
438.0
420.0
386.0
473.0
467.0
397.0
153.0
143.0
162.0
156.0
144.0
163.0
173.0
155.0
151.0
171.0
170.0
419.0
398.0
438.0
484.0
433.0
413.0
161.0
139.0
139.0
179.0
188.0
154.0
159.0
430.0
152.0
156.0
143.0
173.0
168.0
135.0
137.0
132.0
157.0
138.0
177.0
169.0
176.0
150.0
162.0
136.0
130.0
164.0
492.0
157.0
134.0
147.0
151.0
171.0
165.0
130.0
405.0
428.0
368.0
376.0
440.0
471.0
401.0
458.0
435.0
448.0
420.0
407.0
159.0
163.0
130.0
175.0
138.0
174.0
146.0
157.0
444.0
148.0
175.0
174.0
136.0
173.0
162.0
173.0
160.0
142.0
153.0
144.0
170.0
131.0
164.0
155.0
147.0
170.0
143.0
452.0
139.0
153.0
138.0
479.0
138.0
164.0
136.0
173.0
170.0
158.0
152.0
159.0
130.0
168.0
143.0
148.0
176.0
468.0
158.0
175.0
364.0
163.0
412.0
134.0
482.0
131.0
130.0
134.0
131.0
169.0
131.0
174.0
144.0
173.0
141.0
172.0
155.0
141.0
133.0
134.0
148.0
395.0
154.0
161.0
161.0
143.0
142.0
422.0
155.0
138.0
139.0
135.0
436.0
141.0
166.0
164.0
175.0
172.0
132.0
157.0
156.0
409.0
136.0
370.0
467.0
485.0
142.0
403.0
410.0
384.0
372.0
398.0
409.0
470.0
458.0
492.0
385.0
389.0
423.0
383.0
429.0
159.0
159.0
151.0
176.0
169.0
152.0
172.0
156.0
162.0
146.0
153.0
438.0
439.0
474.0
465.0
370.0
386.0
132.0
131.0
168.0
184.0
162.0
149.0
137.0
363.0
134.0
134.0
160.0
154.0
150.0
143.0
171.0
152.0
148.0
153.0
146.0
160.0
151.0
173.0
174.0
142.0
157.0
138.0
430.0
146.0
161.0
140.0
158.0
139.0
134.0
133.0
398.0
464.0
483.0
423.0
467.0
411.0
373.0
485.0
394.0
490.0
410.0
433.0
157.0
174.0
137.0
156.0
165.0
136.0
150.0
166.0
461.0
149.0
135.0
174.0
164.0
146.0
133.0
176.0
161.0
153.0
144.0
165.0
176.0
149.0
173.0
141.0
128.0
153.0
138.0
493.0
174.0
140.0
162.0
461.0
136.0
147.0
145.0
166.0
176.0
139.0
159.0
146.0
157.0
132.0
165.0
141.0
140.0
393.0
137.0
148.0
490.0
163.0
456.0
170.0
451.0
162.0
156.0
131.0
132.0
137.0
159.0
154.0
135.0
131.0
166.0
175.0
145.0
142.0
159.0
123.0
137.0
418.0
143.0
158.0
165.0
146.0
145.0
481.0
138.0
172.0
144.0
155.0
403.0
166.0
177.0
163.0
143.0
155.0
164.0
163.0
138.0
426.0
131.0
443.0
393.0
413.0
160.0
451.0
481.0
433.0
482.0
421.0
419.0
375.0
428.0
445.0
482.0
486.0
417.0
378.0
462.0
151.0
164.0
154.0
141.0
137.0
142.0
148.0
157.0
164.0
144.0
172.0
430.0
373.0
372.0
421.0
433.0
448.0
154.0
171.0
135.0
189.0
191.0
172.0
157.0
426.0
163.0
173.0
161.0
175.0
174.0
167.0
160.0
157.0
146.0
158.0
161.0
170.0
161.0
175.0
165.0
131.0
177.0
138.0
430.0
141.0
136.0
147.0
159.0
166.0
155.0
145.0
424.0
468.0
481.0
467.0
452.0
484.0
422.0
420.0
399.0
409.0
479.0
432.0
168.0
155.0
140.0
144.0
159.0
163.0
130.0
152.0
390.0
147.0
169.0
142.0
136.0
131.0
173.0
134.0
136.0
147.0
150.0
160.0
148.0
174.0
149.0
173.0
144.0
130.0
177.0
472.0
145.0
172.0
172.0
483.0
131.0
146.0
146.0
159.0
168.0
149.0
152.0
139.0
134.0
132.0
174.0
130.0
153.0
430.0
138.0
168.0
427.0
175.0
372.0
151.0
467.0
134.0
170.0
171.0
161.0
164.0
176.0
156.0
145.0
152.0
174.0
158.0
161.0
131.0
142.0
116.0
144.0
471.0
140.0
169.0
132.0
168.0
138.0
458.0
150.0
171.0
145.0
151.0
415.0
132.0
145.0
158.0
169.0
150.0
135.0
139.0
138.0
444.0
134.0
367.0
416.0
375.0
131.0
427.0
397.0
449.0
453.0
386.0
389.0
493.0
375.0
439.0
466.0
368.0
458.0
399.0
397.0
158.0
133.0
162.0
160.0
147.0
152.0
141.0
153.0
151.0
136.0
155.0
399.0
490.0
457.0
473.0
492.0
388.0
167.0
171.0
140.0
184.0
164.0
133.0
144.0
413.0
142.0
145.0
167.0
173.0
168.0
140.0
149.0
155.0
136.0
139.0
160.0
172.0
132.0
133.0
143.0
135.0
152.0
169.0
423.0
172.0
157.0
168.0
147.0
163.0
138.0
159.0
421.0
434.0
491.0
380.0
463.0
364.0
475.0
469.0
494.0
436.0
409.0
490.0
130.0
140.0
171.0
169.0
139.0
138.0
151.0
148.0
476.0
132.0
177.0
148.0
152.0
157.0
150.0
141.0
152.0
139.0
135.0
144.0
176.0
171.0
141.0
176.0
138.0
159.0
159.0
464.0
147.0
140.0
157.0
491.0
161.0
171.0
173.0
161.0
132.0
147.0
154.0
145.0
164.0
159.0
153.0
138.0
174.0
406.0
162.0
131.0
420.0
136.0
376.0
146.0
461.0
158.0
135.0
155.0
168.0
166.0
158.0
135.0
161.0
148.0
164.0
171.0
176.0
160.0
171.0
123.0
160.0
418.0
142.0
130.0
170.0
138.0
151.0
472.0
134.0
171.0
132.0
169.0
404.0
173.0
177.0
139.0
133.0
160.0
140.0
147.0
142.0
378.0
167.0
369.0
488.0
489.0
163.0
444.0
403.0
463.0
488.0
472.0
453.0
398.0
434.0
446.0
408.0
384.0
430.0
484.0
410.0
147.0
141.0
138.0
162.0
133.0
155.0
156.0
152.0
176.0
143.0
160.0
373.0
421.0
464.0
397.0
418.0
421.0
161.0
160.0
149.0
187.0
184.0
141.0
170.0
485.0
161.0
163.0
134.0
142.0
146.0
131.0
131.0
160.0
158.0
163.0
145.0
151.0
131.0
146.0
139.0
164.0
170.0
153.0
485.0
172.0
148.0
132.0
173.0
132.0
167.0
133.0
365.0
374.0
384.0
404.0
419.0
455.0
370.0
386.0
425.0
442.0
384.0
493.0
175.0
147.0
165.0
143.0
173.0
148.0
135.0
134.0
493.0
148.0
172.0
175.0
165.0
133.0
147.0
155.0
162.0
172.0
169.0
167.0
159.0
151.0
161.0
177.0
152.0
145.0
174.0
438.0
172.0
170.0
149.0
488.0
136.0
135.0
143.0
136.0
159.0
166.0
141.0
171.0
161.0
176.0
155.0
145.0
149.0
396.0
133.0
164.0
483.0
135.0
473.0
160.0
365.0
164.0
141.0
149.0
131.0
134.0
175.0
137.0
159.0
149.0
150.0
158.0
150.0
159.0
146.0
113.0
166.0
397.0
152.0
161.0
169.0
136.0
160.0
383.0
148.0
155.0
177.0
165.0
433.0
132.0
167.0
158.0
177.0
168.0
177.0
132.0
160.0
369.0
170.0
379.0
392.0
439.0
136.0
403.0
392.0
483.0
417.0
418.0
439.0
425.0
373.0
407.0
420.0
404.0
427.0
434.0
413.0
175.0
158.0
130.0
166.0
150.0
142.0
173.0
132.0
155.0
155.0
131.0
379.0
381.0
381.0
456.0
420.0
454.0
158.0
141.0
130.0
175.0
197.0
160.0
162.0
374.0
139.0
173.0
157.0
177.0
151.0
138.0
177.0
161.0
168.0
142.0
170.0
150.0
131.0
142.0
174.0
175.0
162.0
132.0
457.0
147.0
164.0
147.0
162.0
142.0
169.0
159.0
378.0
381.0
424.0
491.0
484.0
494.0
425.0
455.0
365.0
461.0
449.0
434.0
149.0
134.0
168.0
171.0
158.0
175.0
168.0
172.0
416.0
149.0
135.0
166.0
138.0
173.0
156.0
174.0
168.0
137.0
145.0
163.0
146.0
171.0
154.0
174.0
147.0
154.0
166.0
414.0
175.0
149.0
157.0
378.0
177.0
134.0
156.0
174.0
139.0
162.0
170.0
168.0
170.0
162.0
130.0
167.0
152.0
407.0
145.0
166.0
445.0
166.0
457.0
137.0
442.0
144.0
131.0
144.0
159.0
152.0
167.0
145.0
157.0
144.0
165.0
151.0
130.0
135.0
158.0
126.0
163.0
408.0
161.0
171.0
175.0
139.0
164.0
479.0
153.0
164.0
136.0
172.0
457.0
137.0
155.0
131.0
158.0
136.0
155.0
146.0
146.0
420.0
162.0
430.0
467.0
404.0
151.0
410.0
392.0
408.0
435.0
385.0
478.0
459.0
434.0
368.0
400.0
384.0
423.0
387.0
437.0
169.0
131.0
141.0
176.0
137.0
165.0
177.0
152.0
146.0
170.0
176.0
490.0
469.0
472.0
488.0
474.0
375.0
143.0
134.0
158.0
200.0
203.0
154.0
161.0
489.0
147.0
152.0
133.0
165.0
170.0
142.0
142.0
141.0
168.0
161.0
147.0
160.0
153.0
154.0
150.0
141.0
156.0
172.0
479.0
130.0
147.0
159.0
130.0
140.0
169.0
151.0
486.0
471.0
450.0
480.0
487.0
441.0
388.0
453.0
459.0
385.0
457.0
410.0
175.0
155.0
160.0
140.0
149.0
156.0
165.0
176.0
422.0
161.0
167.0
163.0
155.0
159.0
171.0
166.0
138.0
144.0
151.0
177.0
154.0
156.0
170.0
147.0
120.0
168.0
172.0
457.0
161.0
174.0
160.0
424.0
155.0
150.0
158.0
140.0
134.0
139.0
170.0
168.0
174.0
136.0
170.0
138.0
135.0
441.0
137.0
176.0
445.0
139.0
459.0
137.0
468.0
168.0
147.0
157.0
138.0
155.0
169.0
142.0
167.0
174.0
162.0
156.0
130.0
174.0
153.0
133.0
141.0
396.0
146.0
164.0
144.0
133.0
171.0
396.0
139.0
145.0
161.0
146.0
436.0
136.0
144.0
150.0
131.0
167.0
154.0
131.0
149.0
444.0
155.0
482.0
396.0
444.0
175.0
452.0
389.0
435.0
419.0
436.0
417.0
368.0
426.0
467.0
458.0
465.0
419.0
411.0
418.0
170.0
148.0
162.0
168.0
171.0
148.0
154.0
173.0
150.0
163.0
138.0
371.0
491.0
405.0
383.0
373.0
385.0
150.0
138.0
148.0
171.0
178.0
155.0
150.0
446.0
177.0
160.0
164.0
168.0
142.0
152.0
135.0
131.0
146.0
160.0
155.0
171.0
157.0
149.0
144.0
153.0
135.0
160.0
426.0
166.0
130.0
164.0
169.0
160.0
147.0
166.0
363.0
387.0
404.0
441.0
366.0
363.0
451.0
444.0
480.0
493.0
476.0
399.0
177.0
161.0
145.0
170.0
167.0
150.0
146.0
162.0
469.0
163.0
144.0
142.0
170.0
154.0
153.0
157.0
142.0
135.0
141.0
166.0
139.0
171.0
174.0
177.0
136.0
140.0
131.0
482.0
151.0
158.0
140.0
407.0
166.0
160.0
154.0
133.0
143.0
171.0
169.0
156.0
151.0
177.0
173.0
146.0
173.0
406.0
150.0
137.0
490.0
170.0
381.0
141.0
436.0
141.0
142.0
141.0
168.0
155.0
176.0
164.0
177.0
156.0
147.0
143.0
168.0
136.0
139.0
127.0
173.0
448.0
148.0
135.0
148.0
155.0
145.0
470.0
154.0
176.0
176.0
156.0
369.0
153.0
159.0
133.0
167.0
150.0
167.0
139.0
136.0
445.0
154.0
423.0
380.0
435.0
138.0
479.0
478.0
464.0
401.0
410.0
439.0
434.0
407.0
408.0
426.0
364.0
399.0
405.0
415.0
134.0
144.0
158.0
166.0
135.0
141.0
141.0
145.0
172.0
143.0
147.0
462.0
454.0
404.0
473.0
375.0
388.0
170.0
145.0
161.0
190.0
161.0
137.0
161.0
469.0
156.0
151.0
130.0
162.0
156.0
151.0
165.0
145.0
147.0
131.0
139.0
154.0
142.0
173.0
176.0
165.0
149.0
171.0
493.0
160.0
150.0
132.0
151.0
140.0
163.0
141.0
429.0
468.0
384.0
458.0
471.0
407.0
385.0
477.0
405.0
443.0
444.0
467.0
172.0
153.0
153.0
162.0
172.0
142.0
144.0
158.0
445.0
162.0
148.0
167.0
133.0
139.0
173.0
175.0
163.0
156.0
167.0
176.0
134.0
173.0
146.0
174.0
135.0
167.0
138.0
433.0
151.0
166.0
145.0
393.0
175.0
164.0
134.0
162.0
154.0
173.0
131.0
146.0
171.0
147.0
163.0
139.0
168.0
379.0
154.0
139.0
366.0
157.0
429.0
161.0
494.0
170.0
135.0
165.0
130.0
167.0
136.0
176.0
169.0
141.0
151.0
177.0
156.0
160.0
142.0
131.0
155.0
381.0
164.0
168.0
160.0
149.0
161.0
407.0
136.0
146.0
144.0
147.0
474.0
140.0
145.0
148.0
152.0
163.0
169.0
148.0
147.0
366.0
169.0
423.0
482.0
402.0
155.0
471.0
408.0
432.0
426.0
381.0
473.0
481.0
365.0
429.0
486.0
447.0
378.0
472.0
484.0
134.0
147.0
138.0
154.0
134.0
150.0
150.0
176.0
168.0
155.0
150.0
460.0
425.0
473.0
390.0
468.0
453.0
147.0
138.0
168.0
174.0
167.0
147.0
150.0
440.0
155.0
174.0
149.0
139.0
136.0
166.0
152.0
134.0
148.0
158.0
177.0
163.0
143.0
144.0
175.0
137.0
159.0
132.0
463.0
153.0
145.0
154.0
176.0
160.0
163.0
147.0
466.0
397.0
466.0
468.0
368.0
386.0
433.0
461.0
366.0
460.0
438.0
482.0
145.0
161.0
149.0
132.0
154.0
158.0
150.0
176.0
414.0
143.0
146.0
136.0
140.0
131.0
158.0
170.0
172.0
138.0
176.0
161.0
142.0
141.0
156.0
132.0
146.0
150.0
155.0
470.0
167.0
154.0
170.0
470.0
167.0
176.0
147.0
154.0
137.0
153.0
131.0
132.0
154.0
160.0
162.0
150.0
162.0
462.0
168.0
138.0
452.0
133.0
480.0
155.0
481.0
161.0
134.0
173.0
133.0
176.0
132.0
155.0
145.0
159.0
154.0
130.0
163.0
134.0
170.0
140.0
158.0
417.0
159.0
168.0
151.0
160.0
169.0
453.0
141.0
138.0
156.0
173.0
460.0
141.0
133.0
165.0
167.0
146.0
156.0
156.0
160.0
429.0
138.0
473.0
438.0
372.0
174.0
384.0
490.0
391.0
461.0
390.0
461.0
485.0
450.0
431.0
477.0
467.0
486.0
478.0
376.0
172.0
158.0
139.0
152.0
162.0
164.0
156.0
132.0
159.0
150.0
158.0
480.0
490.0
398.0
426.0
415.0
369.0
174.0
139.0
146.0
194.0
197.0
163.0
147.0
394.0
143.0
153.0
161.0
176.0
165.0
143.0
141.0
162.0
155.0
132.0
171.0
168.0
148.0
168.0
153.0
158.0
134.0
144.0
385.0
160.0
159.0
134.0
145.0
175.0
151.0
153.0
365.0
441.0
416.0
373.0
459.0
410.0
477.0
397.0
438.0
423.0
398.0
451.0
136.0
159.0
147.0
153.0
140.0
153.0
150.0
137.0
404.0
141.0
160.0
166.0
155.0
148.0
133.0
149.0
136.0
160.0
142.0
177.0
143.0
136.0
136.0
154.0
125.0
142.0
166.0
459.0
170.0
137.0
147.0
429.0
142.0
145.0
140.0
164.0
164.0
140.0
170.0
139.0
163.0
156.0
147.0
131.0
146.0
453.0
164.0
145.0
432.0
154.0
431.0
150.0
386.0
155.0
154.0
167.0
154.0
132.0
175.0
147.0
175.0
165.0
153.0
130.0
175.0
135.0
176.0
121.0
139.0
407.0
168.0
159.0
155.0
166.0
155.0
394.0
132.0
173.0
156.0
140.0
468.0
166.0
154.0
148.0
138.0
170.0
156.0
144.0
133.0
374.0
160.0
401.0
379.0
468.0
145.0
412.0
484.0
366.0
490.0
369.0
451.0
378.0
414.0
410.0
492.0
421.0
490.0
470.0
448.0
150.0
133.0
173.0
153.0
151.0
141.0
156.0
168.0
135.0
156.0
144.0
494.0
386.0
487.0
431.0
380.0
363.0
148.0
175.0
173.0
161.0
185.0
167.0
134.0
491.0
139.0
165.0
141.0
162.0
166.0
158.0
155.0
166.0
176.0
131.0
131.0
161.0
138.0
169.0
147.0
159.0
159.0
130.0
372.0
164.0
156.0
131.0
171.0
142.0
165.0
144.0
422.0
457.0
489.0
479.0
494.0
437.0
368.0
456.0
378.0
390.0
479.0
370.0
132.0
164.0
172.0
173.0
148.0
164.0
166.0
151.0
425.0
176.0
149.0
168.0
156.0
171.0
149.0
130.0
131.0
169.0
160.0
153.0
149.0
137.0
159.0
164.0
114.0
130.0
156.0
475.0
164.0
159.0
171.0
407.0
138.0
159.0
171.0
132.0
166.0
145.0
142.0
141.0
170.0
145.0
163.0
148.0
169.0
452.0
144.0
173.0
466.0
159.0
388.0
135.0
456.0
148.0
135.0
167.0
173.0
176.0
173.0
163.0
136.0
151.0
152.0
155.0
136.0
147.0
139.0
112.0
140.0
447.0
141.0
160.0
172.0
150.0
138.0
475.0
133.0
140.0
158.0
163.0
413.0
135.0
176.0
155.0
175.0
175.0
164.0
170.0
160.0
483.0
149.0
468.0
494.0
414.0
144.0
461.0
378.0
451.0
483.0
457.0
410.0
438.0
403.0
493.0
405.0
485.0
490.0
488.0
475.0
168.0
169.0
176.0
170.0
164.0
163.0
130.0
136.0
135.0
135.0
132.0
435.0
381.0
387.0
476.0
398.0
421.0
153.0
145.0
174.0
