I_BRKGA_178_6_20_7_CESP
178 6 20 495.0
54506.5
58959.5
57862.5
62809.5
54668.5
57753.5
62768.5
55901.5
62934.5
62201.5
60673.5
54235.5
62135.5
58892.5
57577.5
54310.5
59684.5
59326.5
62176.5
58856.5
0.05438576577010912
0.048496052978396424
0.05072977977554743
0.04284927467566314
0.050754033475981196
0.04127584420981798
0.0504161227636706
0.045572292517382915
0.05565407914463659
0.04186481427667316
0.05090980282377122
0.04036270412370021
0.05198535965711744
0.04835169608495902
0.051742889154419124
0.04026750675942347
0.059245865199468284
0.04688091967417258
0.05383807356698168
0.07441712336810824
116.0
106.0
120.0
126.0
116.0
117.0
2557.0
22.0
1261.0
1300.0
67.0
529.0
485.0
1246.0
34.0
527.0
117.0
189.0
48.0
349.0
248.0
401.0
59.0
295.0
227.0
497.0
203.0
1106.0
162.0
357.0
447.0
1343.0
2514.0
1009.0
979.0
13.0
223.0
536.0
292.0
70.0
229.0
80.0
280.0
14.0
10.0
10.0
12.0
14.0
11.0
14.0
96.0
14.0
12.0
12.0
29.0
366.0
164.0
801.0
1324.0
553.0
362.0
1183.0
300.0
146.0
866.0
5028.0
5718.0
121.0
159.0
325.0
48.0
29.0
176.0
214.0
185.0
527.0
27.0
75.0
67.0
25.0
123.0
29.0
32.0
20.0
118.0
179.0
851.0
49.0
119.0
66.0
42.0
158.0
217.0
315.0
148.0
160.0
73.0
824.0
159.0
147.0
787.0
36.0
64.0
215.0
90.0
13.0
355.0
118.0
21.0
25.0
31.0
8.0
75.0
267.0
109.0
72.0
84.0
55.0
38.0
88.0
144.0
45.0
27.0
57.0
149.0
110.0
86.0
138.0
46.0
67.0
7.0
1520.0
56.0
114.0
54.0
45.0
599.0
800.0
112.0
1311.0
1120.0
26.0
117.0
114.0
258.0
6176.0
204.0
95.0
152.0
281.0
31.0
266.0
28.0
125.0
251.0
79.0
129.0
751.0
116.0
155.0
460.0
322.0
222.0
65.0
1171.0
133.0
115.0
66.0
91.0
114.0
19.0
257.0
202.0
372.0
159.0
37.0
69.0
49.0
191.0
237.0
324.0
205.0
885.0
1281.0
483.0
1245.0
36.0
522.0
109.0
179.0
44.0
343.0
270.0
365.0
57.0
315.0
232.0
474.0
209.0
1124.0
165.0
339.0
413.0
1391.0
2651.0
1017.0
1021.0
13.0
212.0
509.0
275.0
76.0
253.0
82.0
281.0
14.0
10.0
9.0
12.0
14.0
12.0
13.0
97.0
14.0
12.0
12.0
29.0
354.0
162.0
778.0
1272.0
566.0
363.0
1127.0
289.0
156.0
868.0
5071.0
5702.0
131.0
167.0
313.0
50.0
28.0
192.0
211.0
180.0
527.0
27.0
75.0
65.0
27.0
121.0
29.0
32.0
19.0
112.0
175.0
877.0
53.0
121.0
66.0
46.0
167.0
216.0
330.0
144.0
163.0
69.0
822.0
157.0
146.0
764.0
38.0
66.0
199.0
92.0
14.0
350.0
125.0
20.0
25.0
32.0
8.0
69.0
262.0
109.0
68.0
83.0
59.0
40.0
89.0
146.0
48.0
25.0
58.0
151.0
107.0
85.0
135.0
48.0
65.0
7.0
1515.0
59.0
111.0
57.0
48.0
635.0
805.0
118.0
1333.0
1132.0
26.0
120.0
112.0
273.0
6343.0
214.0
97.0
151.0
280.0
32.0
261.0
30.0
123.0
238.0
75.0
128.0
783.0
118.0
152.0
427.0
318.0
204.0
71.0
1284.0
124.0
122.0
68.0
86.0
117.0
19.0
259.0
204.0
356.0
174.0
36.0
65.0
51.0
191.0
226.0
295.0
204.0
852.0
1211.0
491.0
1287.0
34.0
550.0
113.0
189.0
47.0
319.0
258.0
394.0
58.0
295.0
223.0
480.0
200.0
1086.0
157.0
322.0
407.0
1277.0
2555.0
1062.0
974.0
13.0
227.0
534.0
283.0
76.0
230.0
80.0
284.0
14.0
10.0
10.0
12.0
13.0
12.0
14.0
100.0
13.0
11.0
12.0
27.0
375.0
171.0
771.0
1379.0
586.0
357.0
1198.0
295.0
153.0
864.0
5298.0
5780.0
127.0
169.0
304.0
48.0
29.0
179.0
216.0
194.0
520.0
27.0
75.0
67.0
27.0
119.0
27.0
33.0
19.0
116.0
178.0
881.0
53.0
123.0
61.0
46.0
158.0
217.0
321.0
146.0
172.0
73.0
806.0
165.0
142.0
763.0
37.0
61.0
196.0
93.0
14.0
334.0
117.0
20.0
26.0
30.0
8.0
74.0
262.0
108.0
73.0
88.0
59.0
41.0
87.0
147.0
46.0
27.0
56.0
160.0
104.0
87.0
130.0
45.0
65.0
7.0
1545.0
55.0
117.0
58.0
44.0
604.0
800.0
121.0
1392.0
1063.0
26.0
117.0
112.0
271.0
6291.0
203.0
97.0
158.0
274.0
33.0
266.0
29.0
124.0
242.0
82.0
131.0
788.0
112.0
145.0
446.0
322.0
216.0
71.0
1227.0
122.0
123.0
71.0
93.0
118.0
20.0
261.0
192.0
367.0
159.0
37.0
69.0
50.0
197.0
226.0
321.0
200.0
823.0
1200.0
490.0
1233.0
33.0
537.0
109.0
181.0
44.0
334.0
247.0
393.0
61.0
304.0
223.0
484.0
213.0
1089.0
168.0
341.0
436.0
1293.0
2544.0
1085.0
994.0
12.0
217.0
520.0
279.0
70.0
236.0
74.0
293.0
14.0
9.0
10.0
11.0
14.0
12.0
14.0
92.0
14.0
11.0
12.0
27.0
345.0
157.0
764.0
1288.0
601.0
354.0
1120.0
281.0
153.0
834.0
5484.0
5700.0
119.0
160.0
306.0
49.0
29.0
192.0
208.0
187.0
490.0
28.0
75.0
62.0
26.0
125.0
29.0
33.0
19.0
111.0
164.0
815.0
49.0
121.0
67.0
45.0
162.0
203.0
330.0
154.0
171.0
73.0
871.0
160.0
150.0
764.0
38.0
60.0
201.0
93.0
13.0
335.0
118.0
21.0
26.0
31.0
8.0
74.0
272.0
109.0
73.0
83.0
56.0
41.0
85.0
143.0
45.0
27.0
57.0
151.0
103.0
87.0
126.0
48.0
66.0
7.0
1661.0
58.0
112.0
56.0
48.0
628.0
861.0
118.0
1349.0
1077.0
26.0
118.0
119.0
265.0
6570.0
200.0
100.0
154.0
274.0
33.0
288.0
28.0
129.0
256.0
81.0
139.0
832.0
114.0
159.0
435.0
307.0
223.0
64.0
1242.0
121.0
122.0
71.0
93.0
110.0
20.0
250.0
207.0
364.0
163.0
36.0
66.0
49.0
204.0
223.0
313.0
194.0
847.0
1222.0
479.0
1287.0
36.0
509.0
109.0
188.0
44.0
317.0
253.0
390.0
58.0
309.0
227.0
493.0
203.0
1089.0
170.0
339.0
422.0
1293.0
2496.0
1091.0
1031.0
13.0
211.0
507.0
281.0
74.0
249.0
78.0
289.0
13.0
10.0
10.0
11.0
14.0
12.0
13.0
91.0
14.0
11.0
11.0
27.0
352.0
172.0
769.0
1343.0
558.0
331.0
1128.0
293.0
152.0
817.0
5380.0
5527.0
129.0
160.0
314.0
49.0
27.0
194.0
220.0
194.0
487.0
26.0
78.0
67.0
26.0
116.0
28.0
31.0
20.0
117.0
168.0
859.0
52.0
119.0
66.0
44.0
154.0
207.0
311.0
149.0
163.0
71.0
841.0
166.0
150.0
769.0
37.0
64.0
215.0
95.0
14.0
344.0
120.0
21.0
26.0
30.0
8.0
74.0
251.0
111.0
74.0
91.0
59.0
39.0
88.0
145.0
45.0
25.0
55.0
156.0
101.0
86.0
137.0
44.0
65.0
7.0
1577.0
58.0
110.0
54.0
45.0
618.0
811.0
112.0
1407.0
1116.0
26.0
121.0
118.0
262.0
6550.0
211.0
95.0
152.0
285.0
31.0
283.0
28.0
130.0
254.0
77.0
132.0
752.0
117.0
152.0
446.0
322.0
208.0
67.0
1202.0
127.0
123.0
72.0
86.0
114.0
19.0
268.0
202.0
360.0
162.0
37.0
70.0
49.0
187.0
219.0
308.0
200.0
851.0
1199.0
519.0
1233.0
33.0
546.0
119.0
189.0
44.0
343.0
263.0
364.0
61.0
292.0
214.0
470.0
213.0
1121.0
158.0
332.0
419.0
1279.0
2761.0
1096.0
969.0
13.0
219.0
521.0
269.0
76.0
242.0
82.0
284.0
14.0
10.0
10.0
11.0
14.0
12.0
14.0
96.0
14.0
11.0
12.0
29.0
350.0
161.0
834.0
1271.0
576.0
329.0
1091.0
297.0
159.0
805.0
5371.0
5597.0
118.0
157.0
336.0
48.0
29.0
176.0
211.0
196.0
530.0
27.0
73.0
62.0
26.0
128.0
28.0
32.0
19.0
116.0
162.0
880.0
52.0
119.0
62.0
45.0
167.0
201.0
314.0
146.0
176.0
75.0
842.0
159.0
146.0
781.0
36.0
64.0
212.0
97.0
14.0
338.0
127.0
21.0
25.0
31.0
8.0
75.0
254.0
110.0
68.0
85.0
58.0
40.0
83.0
142.0
45.0
27.0
53.0
162.0
106.0
86.0
127.0
48.0
61.0
7.0
1586.0
54.0
113.0
58.0
46.0
608.0
815.0
118.0
1325.0
1110.0
25.0
112.0
115.0
277.0
6577.0
195.0
98.0
161.0
281.0
32.0
272.0
30.0
118.0
257.0
75.0
136.0
800.0
119.0
151.0
459.0
314.0
208.0
69.0
1163.0
130.0
124.0
68.0
91.0
121.0
19.0
251.0
199.0
351.0
168.0
37.0
66.0
49.0
198.0
218.0
301.0
195.0
841.0
1292.0
500.0
1301.0
33.0
533.0
116.0
178.0
48.0
334.0
266.0
377.0
61.0
312.0
232.0
459.0
200.0
1093.0
162.0
341.0
411.0
1391.0
2710.0
1045.0
1023.0
13.0
232.0
540.0
294.0
74.0
244.0
76.0
274.0
13.0
10.0
10.0
12.0
13.0
12.0
13.0
97.0
14.0
12.0
11.0
28.0
363.0
167.0
816.0
1344.0
588.0
354.0
1167.0
295.0
153.0
819.0
5393.0
6006.0
119.0
169.0
310.0
51.0
29.0
184.0
205.0
178.0
498.0
28.0
77.0
65.0
25.0
117.0
29.0
31.0
20.0
115.0
170.0
867.0
50.0
120.0
61.0
45.0
166.0
206.0
339.0
142.0
175.0
72.0
827.0
156.0
146.0
763.0
36.0
63.0
200.0
92.0
14.0
351.0
124.0
19.0
24.0
31.0
8.0
76.0
256.0
102.0
71.0
87.0
59.0
39.0
85.0
148.0
49.0
25.0
58.0
159.0
107.0
79.0
136.0
45.0
67.0
7.0
1622.0
59.0
116.0
58.0
45.0
601.0
838.0
112.0
1364.0
1084.0
26.0
115.0
111.0
267.0
6525.0
206.0
99.0
153.0
273.0
33.0
281.0
29.0
126.0
246.0
77.0
135.0
794.0
116.0
148.0
457.0
320.0
210.0
68.0
1285.0
134.0
125.0
72.0
94.0
113.0
19.0
266.0
191.0
355.0
173.0
37.0
68.0
51.0
198.0
232.0
296.0
188.0
878.0
1269.0
502.0
1235.0
35.0
549.0
115.0
176.0
45.0
335.0
269.0
394.0
57.0
320.0
219.0
490.0
215.0
1048.0
162.0
335.0
416.0
1374.0
2727.0
1065.0
1024.0
12.0
233.0
521.0
294.0
74.0
249.0
75.0
273.0
14.0
10.0
10.0
11.0
14.0
12.0
14.0
91.0
14.0
11.0
12.0
29.0
352.0
162.0
812.0
1326.0
601.0
329.0
1191.0
272.0
154.0
812.0
5044.0
5494.0
126.0
167.0
334.0
50.0
28.0
180.0
211.0
184.0
514.0
27.0
78.0
64.0
26.0
127.0
29.0
33.0
20.0
111.0
173.0
828.0
49.0
124.0
67.0
44.0
154.0
214.0
334.0
152.0
171.0
70.0
829.0
159.0
152.0
790.0
37.0
64.0
211.0
92.0
13.0
352.0
120.0
20.0
25.0
30.0
8.0
70.0
259.0
102.0
73.0
83.0
55.0
39.0
81.0
145.0
49.0
27.0
57.0
162.0
108.0
79.0
139.0
47.0
67.0
7.0
1667.0
56.0
114.0
56.0
44.0
617.0
857.0
118.0
1440.0
1061.0
25.0
115.0
109.0
275.0
6444.0
204.0
100.0
159.0
283.0
33.0
272.0
29.0
119.0
252.0
82.0
129.0
773.0
114.0
155.0
458.0
319.0
213.0
71.0
1200.0
132.0
119.0
73.0
85.0
111.0
20.0
246.0
203.0
365.0
166.0
38.0
71.0
50.0
197.0
220.0
318.0
198.0
887.0
1328.0
485.0
1322.0
36.0
513.0
119.0
191.0
47.0
337.0
259.0
384.0
60.0
304.0
215.0
476.0
217.0
1096.0
165.0
322.0
405.0
1288.0
2740.0
1010.0
994.0
13.0
217.0
556.0
294.0
70.0
238.0
75.0
302.0
14.0
10.0
10.0
12.0
14.0
11.0
13.0
95.0
13.0
12.0
12.0
29.0
343.0
159.0
827.0
1312.0
601.0
344.0
1171.0
286.0
144.0
858.0
5227.0
5776.0
131.0
161.0
309.0
48.0
27.0
191.0
204.0
188.0
486.0
26.0
73.0
65.0
26.0
119.0
29.0
33.0
19.0
118.0
171.0
863.0
53.0
121.0
63.0
43.0
157.0
205.0
321.0
149.0
165.0
71.0
858.0
153.0
146.0
750.0
36.0
66.0
214.0
97.0
14.0
336.0
120.0
19.0
24.0
32.0
8.0
73.0
262.0
113.0
71.0
90.0
55.0
41.0
84.0
152.0
47.0
27.0
54.0
160.0
111.0
82.0
133.0
48.0
66.0
7.0
1591.0
54.0
113.0
55.0
46.0
650.0
814.0
117.0
1377.0
1149.0
25.0
112.0
119.0
267.0
6282.0
205.0
100.0
153.0
275.0
31.0
279.0
29.0
124.0
236.0
79.0
136.0
783.0
119.0
158.0
419.0
324.0
221.0
65.0
1269.0
132.0
121.0
68.0
87.0
118.0
19.0
256.0
195.0
370.0
173.0
36.0
64.0
50.0
197.0
221.0
303.0
196.0
817.0
1219.0
479.0
1333.0
35.0
551.0
113.0
183.0
45.0
332.0
264.0
393.0
61.0
301.0
217.0
467.0
202.0
1140.0
158.0
339.0
439.0
1376.0
2684.0
1048.0
964.0
12.0
232.0
522.0
281.0
75.0
230.0
82.0
277.0
13.0
10.0
10.0
11.0
14.0
12.0
14.0
97.0
14.0
11.0
12.0
27.0
354.0
159.0
812.0
1369.0
552.0
340.0
1100.0
296.0
157.0
864.0
5151.0
5794.0
125.0
165.0
325.0
48.0
28.0
185.0
214.0
180.0
534.0
26.0
75.0
62.0
25.0
120.0
27.0
32.0
20.0
113.0
167.0
876.0
49.0
128.0
62.0
42.0
158.0
203.0
320.0
152.0
174.0
73.0
856.0
162.0
138.0
796.0
38.0
65.0
198.0
96.0
14.0
344.0
128.0
21.0
24.0
29.0
8.0
71.0
275.0
110.0
68.0
89.0
57.0
41.0
82.0
143.0
45.0
25.0
57.0
153.0
110.0
86.0
126.0
45.0
67.0
7.0
1529.0
55.0
109.0
59.0
46.0
602.0
840.0
112.0
1419.0
1091.0
25.0
116.0
113.0
274.0
6638.0
216.0
96.0
153.0
299.0
31.0
274.0
30.0
128.0
246.0
78.0
141.0
820.0
114.0
157.0
437.0
308.0
214.0
65.0
1229.0
129.0
123.0
70.0
90.0
121.0
20.0
253.0
194.0
372.0
173.0
39.0
69.0
50.0
187.0
234.0
307.0
200.0
889.0
1309.0
499.0
1226.0
35.0
524.0
115.0
182.0
46.0
326.0
254.0
385.0
59.0
300.0
223.0
495.0
201.0
1141.0
161.0
347.0
444.0
1376.0
2578.0
1096.0
1003.0
13.0
229.0
508.0
287.0
76.0
237.0
77.0
279.0
14.0
10.0
10.0
12.0
14.0
12.0
14.0
91.0
14.0
12.0
12.0
29.0
364.0
162.0
772.0
1377.0
565.0
332.0
1098.0
284.0
148.0
833.0
5241.0
5526.0
126.0
166.0
308.0
48.0
28.0
191.0
220.0
180.0
507.0
26.0
79.0
62.0
27.0
127.0
28.0
32.0
20.0
114.0
168.0
847.0
48.0
121.0
62.0
44.0
164.0
212.0
313.0
155.0
168.0
70.0
833.0
164.0
149.0
753.0
35.0
60.0
199.0
95.0
14.0
333.0
128.0
21.0
25.0
32.0
8.0
69.0
265.0
107.0
70.0
83.0
58.0
41.0
88.0
146.0
46.0
27.0
56.0
156.0
105.0
85.0
131.0
45.0
66.0
7.0
1636.0
58.0
116.0
56.0
45.0
657.0
848.0
123.0
1338.0
1104.0
26.0
123.0
117.0
267.0
6483.0
196.0
93.0
167.0
291.0
33.0
287.0
30.0
127.0
252.0
79.0
137.0
784.0
124.0
153.0
458.0
302.0
209.0
71.0
1183.0
127.0
125.0
72.0
86.0
115.0
20.0
261.0
193.0
342.0
164.0
36.0
71.0
49.0
186.0
219.0
318.0
186.0
866.0
1306.0
483.0
1230.0
36.0
535.0
119.0
180.0
45.0
346.0
264.0
378.0
61.0
294.0
236.0
494.0
212.0
1100.0
168.0
355.0
428.0
1331.0
2740.0
1007.0
1043.0
12.0
214.0
506.0
273.0
72.0
232.0
75.0
299.0
13.0
10.0
9.0
12.0
14.0
12.0
14.0
95.0
13.0
12.0
12.0
28.0
368.0
161.0
772.0
1380.0
557.0
356.0
1093.0
299.0
157.0
876.0
5093.0
5938.0
128.0
173.0
305.0
49.0
27.0
178.0
219.0
188.0
495.0
28.0
74.0
61.0
27.0
127.0
28.0
30.0
20.0
113.0
171.0
816.0
53.0
130.0
63.0
45.0
153.0
221.0
320.0
146.0
174.0
75.0
823.0
167.0
144.0
766.0
37.0
63.0
204.0
96.0
14.0
341.0
117.0
21.0
25.0
31.0
8.0
74.0
251.0
109.0
72.0
88.0
58.0
39.0
84.0
142.0
49.0
25.0
58.0
151.0
109.0
84.0
136.0
45.0
62.0
7.0
1580.0
57.0
117.0
59.0
46.0
614.0
801.0
113.0
1418.0
1140.0
24.0
119.0
112.0
260.0
6315.0
202.0
101.0
164.0
274.0
30.0
286.0
28.0
122.0
242.0
79.0
128.0
823.0
114.0
145.0
450.0
313.0
225.0
70.0
1160.0
127.0
126.0
70.0
91.0
113.0
19.0
270.0
195.0
341.0
168.0
38.0
68.0
51.0
194.0
229.0
323.0
198.0
837.0
1285.0
512.0
1313.0
35.0
560.0
120.0
191.0
47.0
320.0
261.0
364.0
60.0
320.0
215.0
505.0
208.0
1074.0
171.0
356.0
435.0
1302.0
2516.0
1045.0
1015.0
12.0
221.0
505.0
276.0
76.0
239.0
81.0
276.0
14.0
9.0
10.0
12.0
14.0
11.0
14.0
96.0
13.0
11.0
11.0
29.0
366.0
160.0
761.0
1279.0
549.0
354.0
1129.0
282.0
145.0
819.0
5088.0
5694.0
121.0
162.0
311.0
48.0
28.0
187.0
225.0
190.0
519.0
27.0
74.0
67.0
27.0
128.0
29.0
33.0
19.0
112.0
174.0
823.0
51.0
129.0
66.0
46.0
162.0
214.0
314.0
153.0
171.0
69.0
836.0
166.0
140.0
780.0
38.0
66.0
201.0
98.0
14.0
354.0
128.0
20.0
26.0
30.0
8.0
75.0
257.0
109.0
72.0
88.0
56.0
40.0
86.0
142.0
47.0
25.0
55.0
154.0
108.0
86.0
133.0
47.0
67.0
7.0
1519.0
54.0
115.0
59.0
46.0
651.0
863.0
120.0
1411.0
1043.0
25.0
115.0
116.0
259.0
6178.0
211.0
94.0
151.0
283.0
32.0
286.0
30.0
129.0
235.0
77.0
135.0
814.0
115.0
147.0
456.0
309.0
207.0
67.0
1272.0
125.0
122.0
69.0
88.0
115.0
20.0
260.0
205.0
347.0
173.0
39.0
65.0
52.0
191.0
239.0
321.0
189.0
873.0
1323.0
487.0
1249.0
36.0
528.0
118.0
175.0
47.0
349.0
256.0
362.0
60.0
313.0
224.0
485.0
199.0
1046.0
161.0
337.0
442.0
1277.0
2639.0
1046.0
1008.0
13.0
219.0
524.0
269.0
69.0
233.0
77.0
289.0
14.0
10.0
10.0
12.0
14.0
12.0
13.0
96.0
13.0
12.0
12.0
27.0
364.0
156.0
829.0
1350.0
594.0
342.0
1081.0
271.0
155.0
825.0
5502.0
5669.0
121.0
160.0
334.0
50.0
28.0
185.0
226.0
177.0
486.0
27.0
74.0
64.0
25.0
124.0
28.0
31.0
19.0
118.0
170.0
901.0
48.0
122.0
64.0
45.0
163.0
211.0
316.0
145.0
162.0
74.0
854.0
161.0
141.0
791.0
37.0
64.0
213.0
91.0
13.0
334.0
119.0
21.0
25.0
29.0
8.0
76.0
255.0
110.0
73.0
90.0
55.0
40.0
83.0
147.0
47.0
25.0
57.0
152.0
102.0
81.0
130.0
48.0
62.0
7.0
1528.0
55.0
110.0
56.0
46.0
622.0
855.0
114.0
1392.0
1098.0
26.0
113.0
110.0
267.0
6672.0
198.0
94.0
165.0
273.0
31.0
262.0
30.0
128.0
235.0
76.0
133.0
813.0
119.0
151.0
441.0
301.0
225.0
70.0
1225.0
132.0
122.0
67.0
86.0
122.0
19.0
253.0
200.0
358.0
175.0
36.0
65.0
51.0
196.0
222.0
311.0
186.0
817.0
1273.0
473.0
1336.0
36.0
538.0
109.0
191.0
44.0
342.0
263.0
391.0
59.0
289.0
216.0
493.0
212.0
1139.0
157.0
336.0
405.0
1274.0
2510.0
1079.0
993.0
13.0
223.0
509.0
294.0
73.0
243.0
77.0
294.0
14.0
10.0
10.0
12.0
14.0
12.0
14.0
100.0
14.0
12.0
12.0
27.0
371.0
164.0
767.0
1380.0
592.0
338.0
1172.0
297.0
156.0
838.0
5362.0
5866.0
120.0
172.0
318.0
51.0
29.0
191.0
208.0
189.0
531.0
28.0
78.0
66.0
27.0
116.0
27.0
33.0
20.0
116.0
176.0
871.0
50.0
123.0
65.0
43.0
159.0
216.0
313.0
154.0
160.0
76.0
808.0
163.0
139.0
768.0
37.0
60.0
213.0
98.0
14.0
334.0
119.0
21.0
26.0
32.0
8.0
69.0
268.0
112.0
68.0
87.0
56.0
41.0
83.0
139.0
49.0
25.0
53.0
158.0
102.0
79.0
128.0
44.0
67.0
7.0
1604.0
58.0
112.0
54.0
47.0
597.0
823.0
120.0
1409.0
1118.0
25.0
118.0
110.0
269.0
6833.0
205.0
99.0
166.0
275.0
33.0
270.0
28.0
127.0
259.0
79.0
141.0
755.0
119.0
147.0
436.0
326.0
209.0
68.0
1279.0
129.0
122.0
67.0
87.0
115.0
19.0
251.0
203.0
357.0
169.0
37.0
71.0
49.0
204.0
220.0
322.0
188.0
882.0
1289.0
508.0
1266.0
36.0
516.0
118.0
181.0
48.0
334.0
253.0
373.0
59.0
316.0
214.0
500.0
198.0
1125.0
156.0
327.0
423.0
1301.0
2643.0
1074.0
1015.0
12.0
219.0
559.0
268.0
70.0
237.0
75.0
280.0
13.0
10.0
10.0
12.0
14.0
12.0
14.0
95.0
13.0
12.0
12.0
27.0
372.0
157.0
787.0
1378.0
588.0
335.0
1166.0
291.0
158.0
820.0
5120.0
5498.0
124.0
164.0
333.0
48.0
27.0
185.0
217.0
178.0
507.0
27.0
75.0
64.0
27.0
126.0
27.0
33.0
19.0
115.0
174.0
814.0
49.0
125.0
67.0
42.0
164.0
207.0
318.0
154.0
174.0
71.0
823.0
162.0
140.0
794.0
38.0
64.0
194.0
95.0
14.0
326.0
118.0
19.0
26.0
31.0
8.0
72.0
260.0
104.0
71.0
87.0
54.0
41.0
83.0
147.0
46.0
25.0
53.0
149.0
107.0
85.0
139.0
47.0
65.0
7.0
1662.0
59.0
112.0
58.0
46.0
622.0
858.0
117.0
1324.0
1076.0
26.0
120.0
115.0
262.0
6665.0
207.0
98.0
165.0
277.0
32.0
277.0
30.0
128.0
248.0
82.0
139.0
787.0
113.0
155.0
461.0
314.0
221.0
69.0
1269.0
123.0
119.0
72.0
92.0
113.0
19.0
246.0
192.0
368.0
168.0
38.0
69.0
53.0
206.0
223.0
305.0
206.0
822.0
1257.0
477.0
1339.0
34.0
509.0
118.0
175.0
46.0
334.0
247.0
375.0
57.0
309.0
229.0
472.0
211.0
1050.0
159.0
341.0
440.0
1269.0
2611.0
1038.0
1037.0
13.0
225.0
531.0
281.0
69.0
252.0
79.0
294.0
13.0
9.0
10.0
12.0
14.0
12.0
14.0
99.0
13.0
11.0
12.0
27.0
339.0
159.0
767.0
1283.0
580.0
339.0
1132.0
275.0
156.0
869.0
5164.0
5623.0
124.0
168.0
330.0
48.0
29.0
181.0
213.0
182.0
488.0
28.0
79.0
65.0
25.0
119.0
29.0
33.0
19.0
115.0
178.0
820.0
51.0
121.0
66.0
44.0
157.0
221.0
339.0
146.0
167.0
72.0
809.0
159.0
145.0
761.0
38.0
63.0
211.0
93.0
14.0
354.0
118.0
20.0
26.0
30.0
8.0
70.0
258.0
113.0
68.0
88.0
59.0
38.0
84.0
151.0
48.0
27.0
53.0
164.0
104.0
82.0
131.0
48.0
66.0
7.0
1557.0
58.0
110.0
58.0
45.0
611.0
878.0
114.0
1428.0
1150.0
26.0
120.0
115.0
267.0
6503.0
216.0
100.0
166.0
270.0
33.0
263.0
29.0
129.0
256.0
77.0
130.0
801.0
119.0
151.0
464.0
312.0
207.0
65.0
1285.0
128.0
122.0
71.0
86.0
121.0
18.0
264.0
191.0
355.0
164.0
38.0
66.0
53.0
187.0
223.0
307.0
200.0
842.0
1268.0
507.0
1271.0
35.0
514.0
112.0
188.0
47.0
330.0
247.0
376.0
55.0
294.0
230.0
505.0
203.0
1059.0
165.0
333.0
449.0
1273.0
2635.0
1074.0
975.0
13.0
227.0
537.0
267.0
70.0
248.0
80.0
287.0
14.0
10.0
10.0
12.0
14.0
12.0
14.0
96.0
13.0
11.0
12.0
27.0
355.0
160.0
770.0
1316.0
582.0
341.0
1127.0
274.0
158.0
870.0
5065.0
5457.0
128.0
172.0
307.0
50.0
27.0
178.0
214.0
191.0
487.0
27.0
77.0
64.0
27.0
124.0
29.0
32.0
20.0
119.0
164.0
854.0
49.0
123.0
63.0
43.0
165.0
200.0
340.0
141.0
159.0
70.0
807.0
156.0
152.0
772.0
37.0
60.0
200.0
94.0
14.0
337.0
126.0
20.0
25.0
30.0
8.0
75.0
252.0
106.0
72.0
85.0
59.0
41.0
84.0
146.0
46.0
26.0
57.0
156.0
106.0
83.0
130.0
46.0
63.0
7.0
1618.0
57.0
111.0
55.0
46.0
616.0
848.0
111.0
1387.0
1130.0
25.0
114.0
116.0
266.0
6515.0
214.0
99.0
162.0
276.0
32.0
277.0
29.0
124.0
238.0
82.0
139.0
767.0
122.0
155.0
440.0
305.0
212.0
67.0
1183.0
130.0
118.0
70.0
89.0
110.0
19.0
270.0
189.0
355.0
169.0
37.0
67.0
52.0
199.0
237.0
313.0
195.0
884.0
1215.0
507.0
1263.0
35.0
514.0
116.0
192.0
48.0
348.0
253.0
391.0
59.0
315.0
233.0
474.0
199.0
1039.0
172.0
348.0
438.0
1285.0
2641.0
1086.0
986.0
13.0
217.0
506.0
290.0
76.0
235.0
82.0
275.0
13.0
10.0
10.0
12.0
13.0
12.0
14.0
95.0
13.0
12.0
12.0
29.0
368.0
163.0
777.0
1308.0
598.0
344.0
1164.0
287.0
158.0
803.0
5260.0
5963.0
122.0
164.0
316.0
47.0
27.0
177.0
219.0
181.0
528.0
27.0
72.0
65.0
27.0
126.0
29.0
31.0
20.0
108.0
166.0
843.0
52.0
122.0
65.0
44.0
151.0
209.0
343.0
141.0
174.0
70.0
849.0
166.0
153.0
735.0
35.0
63.0
208.0
92.0
13.0
345.0
128.0
21.0
24.0
32.0
8.0
73.0
265.0
112.0
68.0
90.0
56.0
39.0
86.0
143.0
46.0
26.0
58.0
157.0
102.0
81.0
133.0
46.0
67.0
7.0
1502.0
58.0
109.0
56.0
48.0
636.0
861.0
119.0
1368.0
1147.0
26.0
120.0
118.0
252.0
6418.0
210.0
98.0
158.0
272.0
33.0
288.0
29.0
124.0
247.0
78.0
132.0
798.0
124.0
151.0
430.0
300.0
209.0
66.0
1195.0
126.0
127.0
69.0
90.0
111.0
20.0
261.0
194.0
365.0
172.0
39.0
68.0
49.0
200.0
227.0
296.0
206.0
868.0
1326.0
496.0
1346.0
36.0
530.0
112.0
178.0
46.0
344.0
267.0
396.0
59.0
300.0
214.0
504.0
215.0
1078.0
161.0
357.0
420.0
1320.0
2613.0
1008.0
1035.0
13.0
211.0
517.0
286.0
71.0
234.0
81.0
277.0
14.0
10.0
10.0
11.0
13.0
12.0
14.0
100.0
14.0
12.0
11.0
29.0
346.0
170.0
789.0
1266.0
556.0
362.0
1186.0
278.0
154.0
832.0
5283.0
5479.0
124.0
173.0
335.0
49.0
27.0
185.0
220.0
183.0
522.0
26.0
73.0
63.0
27.0
117.0
27.0
32.0
18.0
111.0
179.0
847.0
50.0
119.0
65.0
43.0
155.0
215.0
314.0
147.0
160.0
72.0
815.0
157.0
152.0
753.0
35.0
66.0
197.0
95.0
13.0
340.0
127.0
20.0
24.0
31.0
8.0
71.0
272.0
107.0
70.0
83.0
55.0
40.0
83.0
151.0
47.0
27.0
55.0
157.0
105.0
82.0
135.0
47.0
65.0
7.0
1571.0
58.0
118.0
56.0
44.0
639.0
817.0
111.0
1376.0
1076.0
26.0
117.0
119.0
256.0
6319.0
198.0
102.0
162.0
295.0
33.0
288.0
29.0
122.0
257.0
82.0
133.0
757.0
118.0
150.0
437.0
318.0
208.0
66.0
1239.0
122.0
120.0
72.0
94.0
120.0
19.0
259.0
203.0
371.0
163.0
36.0
65.0
49.0
192.0
226.0
317.0
196.0
827.0
1246.0
198.0
157.0
174.0
138.0
383.0
138.0
171.0
166.0
141.0
150.0
140.0
134.0
156.0
147.0
174.0
150.0
144.0
138.0
176.0
160.0
144.0
147.0
148.0
365.0
171.0
149.0
169.0
170.0
177.0
152.0
132.0
463.0
383.0
409.0
409.0
377.0
437.0
420.0
484.0
410.0
459.0
366.0
462.0
131.0
160.0
156.0
168.0
154.0
172.0
148.0
176.0
396.0
161.0
148.0
144.0
160.0
141.0
142.0
144.0
168.0
152.0
155.0
163.0
146.0
161.0
160.0
141.0
124.0
151.0
137.0
416.0
138.0
157.0
170.0
364.0
168.0
139.0
149.0
140.0
135.0
153.0
137.0
142.0
154.0
173.0
159.0
132.0
137.0
459.0
131.0
149.0
379.0
130.0
442.0
157.0
478.0
165.0
132.0
141.0
175.0
160.0
155.0
144.0
131.0
151.0
149.0
133.0
166.0
151.0
173.0
134.0
177.0
492.0
131.0
138.0
149.0
139.0
138.0
483.0
150.0
165.0
143.0
170.0
382.0
160.0
151.0
156.0
160.0
168.0
143.0
162.0
164.0
379.0
168.0
366.0
388.0
427.0
176.0
425.0
375.0
458.0
473.0
490.0
410.0
405.0
433.0
401.0
384.0
479.0
444.0
388.0
447.0
143.0
162.0
144.0
170.0
158.0
172.0
167.0
137.0
150.0
146.0
164.0
403.0
392.0
483.0
437.0
384.0
440.0
142.0
148.0
153.0
194.0
167.0
151.0
153.0
456.0
166.0
159.0
173.0
164.0
152.0
147.0
176.0
135.0
159.0
162.0
156.0
157.0
155.0
174.0
170.0
150.0
135.0
151.0
388.0
161.0
140.0
161.0
141.0
152.0
132.0
163.0
472.0
459.0
415.0
375.0
414.0
461.0
374.0
453.0
409.0
366.0
368.0
398.0
143.0
176.0
175.0
140.0
156.0
170.0
143.0
142.0
466.0
140.0
133.0
137.0
142.0
169.0
133.0
130.0
140.0
172.0
171.0
145.0
165.0
155.0
132.0
136.0
132.0
157.0
165.0
465.0
151.0
166.0
175.0
386.0
163.0
162.0
158.0
162.0
168.0
150.0
134.0
167.0
138.0
164.0
173.0
149.0
149.0
479.0
156.0
144.0
364.0
165.0
453.0
137.0
417.0
168.0
152.0
138.0
143.0
131.0
157.0
131.0
131.0
167.0
170.0
131.0
146.0
141.0
137.0
131.0
157.0
386.0
158.0
154.0
135.0
165.0
142.0
387.0
145.0
171.0
134.0
152.0
410.0
142.0
151.0
148.0
133.0
141.0
172.0
145.0
173.0
474.0
160.0
443.0
424.0
486.0
135.0
439.0
491.0
381.0
449.0
475.0
365.0
370.0
470.0
423.0
401.0
492.0
398.0
380.0
493.0
176.0
134.0
172.0
150.0
137.0
172.0
158.0
166.0
156.0
139.0
149.0
487.0
461.0
470.0
478.0
404.0
393.0
147.0
154.0
158.0
173.0
160.0
176.0
176.0
387.0
163.0
175.0
156.0
140.0
143.0
159.0
151.0
157.0
160.0
147.0
154.0
168.0
134.0
173.0
131.0
170.0
159.0
177.0
488.0
160.0
158.0
154.0
130.0
177.0
144.0
160.0
388.0
455.0
413.0
393.0
436.0
373.0
481.0
451.0
440.0
430.0
428.0
488.0
150.0
153.0
137.0
152.0
161.0
145.0
135.0
138.0
417.0
157.0
148.0
162.0
138.0
166.0
158.0
164.0
153.0
132.0
140.0
130.0
144.0
162.0
152.0
140.0
141.0
165.0
146.0
480.0
159.0
146.0
161.0
428.0
177.0
133.0
176.0
157.0
145.0
168.0
165.0
133.0
143.0
168.0
144.0
139.0
139.0
476.0
144.0
147.0
474.0
169.0
455.0
137.0
456.0
175.0
154.0
176.0
134.0
171.0
175.0
157.0
130.0
164.0
163.0
171.0
139.0
148.0
136.0
115.0
133.0
422.0
134.0
145.0
147.0
149.0
155.0
432.0
158.0
143.0
164.0
134.0
364.0
156.0
145.0
135.0
136.0
146.0
143.0
141.0
153.0
491.0
142.0
437.0
489.0
418.0
144.0
372.0
460.0
409.0
480.0
434.0
386.0
458.0
399.0
472.0
427.0
377.0
382.0
382.0
443.0
140.0
176.0
154.0
148.0
150.0
143.0
164.0
170.0
176.0
172.0
147.0
444.0
435.0
369.0
458.0
379.0
371.0
164.0
160.0
160.0
205.0
180.0
168.0
144.0
429.0
132.0
170.0
139.0
162.0
170.0
135.0
165.0
168.0
132.0
148.0
153.0
162.0
177.0
162.0
146.0
154.0
149.0
165.0
463.0
141.0
134.0
134.0
144.0
145.0
144.0
168.0
478.0
402.0
467.0
392.0
383.0
393.0
421.0
373.0
415.0
386.0
443.0
394.0
152.0
142.0
146.0
165.0
162.0
172.0
171.0
165.0
489.0
141.0
155.0
164.0
148.0
176.0
163.0
132.0
134.0
132.0
140.0
163.0
131.0
171.0
169.0
165.0
118.0
134.0
154.0
482.0
132.0
175.0
143.0
398.0
173.0
135.0
149.0
132.0
164.0
177.0
169.0
171.0
158.0
141.0
144.0
176.0
169.0
380.0
152.0
153.0
431.0
151.0
369.0
150.0
363.0
161.0
160.0
135.0
135.0
137.0
172.0
153.0
166.0
176.0
145.0
130.0
151.0
144.0
157.0
126.0
154.0
429.0
134.0
147.0
145.0
160.0
158.0
427.0
175.0
165.0
172.0
174.0
456.0
141.0
155.0
141.0
158.0
141.0
165.0
131.0
166.0
432.0
152.0
492.0
437.0
472.0
150.0
427.0
412.0
410.0
448.0
423.0
453.0
450.0
461.0
372.0
371.0
437.0
365.0
469.0
468.0
155.0
177.0
163.0
156.0
167.0
138.0
167.0
138.0
131.0
175.0
141.0
441.0
431.0
379.0
443.0
417.0
490.0
137.0
136.0
156.0
181.0
178.0
133.0
144.0
442.0
150.0
153.0
140.0
155.0
146.0
138.0
139.0
140.0
131.0
134.0
146.0
144.0
170.0
136.0
149.0
150.0
175.0
167.0
415.0
167.0
142.0
172.0
175.0
170.0
158.0
173.0
382.0
488.0
449.0
488.0
427.0
426.0
363.0
494.0
414.0
417.0
402.0
451.0
155.0
155.0
137.0
155.0
151.0
172.0
157.0
131.0
473.0
173.0
173.0
136.0
174.0
155.0
157.0
168.0
138.0
133.0
134.0
152.0
137.0
170.0
141.0
134.0
116.0
161.0
138.0
478.0
174.0
163.0
138.0
414.0
142.0
154.0
177.0
164.0
176.0
171.0
132.0
176.0
156.0
142.0
140.0
142.0
159.0
437.0
159.0
169.0
363.0
157.0
470.0
145.0
385.0
159.0
143.0
169.0
150.0
171.0
138.0
159.0
164.0
161.0
153.0
158.0
162.0
153.0
150.0
143.0
149.0
471.0
149.0
152.0
171.0
161.0
136.0
479.0
136.0
157.0
155.0
142.0
493.0
166.0
150.0
177.0
176.0
132.0
160.0
134.0
164.0
406.0
151.0
492.0
455.0
414.0
161.0
475.0
437.0
422.0
377.0
413.0
393.0
460.0
470.0
375.0
489.0
483.0
416.0
443.0
387.0
140.0
160.0
143.0
176.0
159.0
167.0
138.0
140.0
150.0
152.0
148.0
493.0
481.0
387.0
388.0
448.0
377.0
159.0
140.0
165.0
152.0
165.0
130.0
161.0
395.0
136.0
162.0
155.0
154.0
174.0
134.0
177.0
141.0
138.0
133.0
166.0
175.0
156.0
170.0
134.0
164.0
176.0
139.0
436.0
144.0
137.0
133.0
165.0
141.0
153.0
146.0
477.0
450.0
381.0
365.0
400.0
456.0
439.0
431.0
428.0
483.0
421.0
378.0
135.0
166.0
170.0
134.0
164.0
154.0
173.0
156.0
487.0
164.0
133.0
171.0
167.0
140.0
141.0
141.0
143.0
155.0
143.0
165.0
175.0
173.0
175.0
168.0
137.0
148.0
149.0
420.0
157.0
157.0
136.0
478.0
176.0
144.0
158.0
135.0
153.0
135.0
137.0
147.0
175.0
140.0
130.0
130.0
163.0
421.0
135.0
140.0
400.0
145.0
428.0
166.0
387.0
152.0
144.0
131.0
175.0
160.0
155.0
177.0
176.0
138.0
145.0
131.0
160.0
175.0
136.0
130.0
160.0
473.0
146.0
140.0
168.0
138.0
131.0
426.0
160.0
134.0
173.0
158.0
387.0
157.0
167.0
176.0
148.0
145.0
173.0
159.0
167.0
364.0
140.0
453.0
375.0
467.0
137.0
484.0
406.0
450.0
460.0
379.0
394.0
384.0
369.0
491.0
408.0
465.0
370.0
444.0
485.0
164.0
172.0
140.0
153.0
138.0
160.0
134.0
170.0
176.0
143.0
137.0
449.0
423.0
449.0
494.0
377.0
494.0
137.0
162.0
140.0
164.0
196.0
173.0
160.0
381.0
172.0
157.0
139.0
165.0
143.0
148.0
154.0
152.0
133.0
146.0
150.0
172.0
130.0
145.0
171.0
156.0
147.0
167.0
456.0
151.0
165.0
160.0
161.0
132.0
176.0
149.0
494.0
427.0
425.0
451.0
368.0
433.0
399.0
399.0
419.0
411.0
484.0
433.0
161.0
141.0
172.0
163.0
156.0
165.0
130.0
148.0
425.0
130.0
139.0
158.0
149.0
138.0
160.0
162.0
154.0
131.0
133.0
147.0
156.0
159.0
152.0
146.0
119.0
176.0
132.0
455.0
142.0
164.0
166.0
460.0
156.0
171.0
173.0
168.0
155.0
131.0
154.0
165.0
132.0
140.0
156.0
157.0
135.0
443.0
153.0
164.0
392.0
131.0
390.0
132.0
452.0
134.0
155.0
138.0
131.0
137.0
133.0
132.0
163.0
169.0
174.0
166.0
130.0
140.0
148.0
113.0
160.0
422.0
170.0
167.0
176.0
137.0
159.0
484.0
169.0
168.0
130.0
176.0
462.0
144.0
144.0
151.0
158.0
174.0
141.0
173.0
146.0
483.0
131.0
399.0
378.0
458.0
151.0
447.0
373.0
420.0
493.0
455.0
433.0
419.0
426.0
478.0
409.0
378.0
445.0
379.0
469.0
174.0
139.0
156.0
138.0
147.0
175.0
134.0
167.0
174.0
155.0
173.0
413.0
422.0
482.0
389.0
366.0
463.0
174.0
166.0
165.0
208.0
176.0
147.0
170.0
375.0
157.0
157.0
156.0
166.0
156.0
136.0
138.0
153.0
176.0
153.0
143.0
140.0
137.0
145.0
153.0
162.0
154.0
141.0
444.0
153.0
166.0
162.0
160.0
160.0
143.0
137.0
437.0
489.0
381.0
481.0
484.0
435.0
461.0
473.0
364.0
409.0
459.0
428.0
162.0
150.0
170.0
176.0
145.0
153.0
174.0
145.0
425.0
166.0
130.0
175.0
144.0
147.0
148.0
167.0
159.0
159.0
143.0
153.0
144.0
131.0
173.0
160.0
125.0
175.0
161.0
373.0
164.0
172.0
153.0
440.0
143.0
147.0
157.0
154.0
154.0
156.0
130.0
148.0
159.0
175.0
138.0
137.0
137.0
395.0
171.0
174.0
447.0
161.0
397.0
146.0
448.0
169.0
156.0
159.0
162.0
164.0
165.0
149.0
132.0
142.0
173.0
161.0
167.0
162.0
165.0
114.0
171.0
461.0
151.0
131.0
159.0
148.0
145.0
395.0
131.0
143.0
148.0
132.0
374.0
159.0
168.0
144.0
168.0
173.0
156.0
158.0
138.0
455.0
167.0
458.0
399.0
413.0
147.0
375.0
440.0
454.0
436.0
380.0
460.0
424.0
406.0
378.0
445.0
446.0
418.0
487.0
438.0
165.0
162.0
164.0
164.0
146.0
148.0
138.0
138.0
133.0
164.0
145.0
399.0
397.0
443.0
485.0
402.0
415.0
141.0
153.0
141.0
197.0
174.0
133.0
153.0
408.0
147.0
132.0
171.0
172.0
168.0
157.0
171.0
137.0
173.0
146.0
145.0
170.0
174.0
134.0
130.0
147.0
172.0
162.0
420.0
153.0
165.0
131.0
143.0
168.0
155.0
170.0
382.0
459.0
425.0
373.0
386.0
422.0
447.0
488.0
410.0
390.0
476.0
383.0
133.0
154.0
138.0
146.0
148.0
154.0
160.0
160.0
375.0
145.0
154.0
168.0
161.0
147.0
132.0
146.0
146.0
158.0
160.0
164.0
141.0
154.0
157.0
153.0
120.0
147.0
136.0
461.0
155.0
154.0
159.0
437.0
137.0
148.0
140.0
140.0
161.0
137.0
154.0
137.0
147.0
138.0
144.0
140.0
139.0
478.0
151.0
159.0
381.0
152.0
471.0
150.0
444.0
169.0
159.0
170.0
177.0
149.0
155.0
148.0
172.0
172.0
152.0
163.0
149.0
134.0
134.0
143.0
175.0
401.0
133.0
162.0
158.0
171.0
131.0
373.0
141.0
139.0
151.0
139.0
442.0
173.0
132.0
134.0
138.0
132.0
147.0
133.0
155.0
463.0
167.0
494.0
456.0
452.0
169.0
451.0
398.0
480.0
464.0
405.0
455.0
389.0
491.0
403.0
364.0
406.0
494.0
394.0
429.0
171.0
175.0
139.0
154.0
151.0
154.0
170.0
143.0
149.0
133.0
159.0
393.0
444.0
459.0
491.0
439.0
441.0
161.0
171.0
170.0
154.0
199.0
162.0
160.0
382.0
163.0
139.0
177.0
157.0
167.0
152.0
174.0
171.0
169.0
159.0
142.0
163.0
146.0
135.0
151.0
140.0
134.0
162.0
411.0
146.0
171.0
140.0
139.0
176.0
147.0
139.0
449.0
371.0
387.0
430.0
425.0
426.0
390.0
470.0
456.0
479.0
489.0
437.0
147.0
171.0
154.0
155.0
148.0
157.0
144.0
155.0
494.0
174.0
159.0
144.0
172.0
162.0
175.0
142.0
174.0
171.0
139.0
140.0
140.0
170.0
156.0
146.0
132.0
170.0
157.0
368.0
166.0
175.0
158.0
435.0
137.0
148.0
168.0
143.0
145.0
152.0
146.0
144.0
160.0
148.0
144.0
154.0
130.0
472.0
158.0
147.0
434.0
139.0
376.0
143.0
464.0
169.0
145.0
166.0
145.0
143.0
161.0
148.0
173.0
132.0
132.0
168.0
168.0
168.0
150.0
134.0
131.0
414.0
148.0
141.0
141.0
172.0
171.0
431.0
170.0
160.0
132.0
168.0
463.0
175.0
141.0
163.0
171.0
134.0
132.0
161.0
151.0
421.0
165.0
370.0
444.0
381.0
157.0
391.0
459.0
455.0
456.0
434.0
439.0
372.0
474.0
365.0
415.0
426.0
477.0
478.0
387.0
166.0
163.0
173.0
131.0
146.0
165.0
173.0
136.0
158.0
139.0
141.0
493.0
455.0
396.0
391.0
463.0
378.0
174.0
146.0
167.0
203.0
163.0
139.0
175.0
390.0
148.0
140.0
135.0
173.0
139.0
158.0
176.0
170.0
172.0
142.0
133.0
170.0
145.0
159.0
165.0
142.0
168.0
142.0
397.0
145.0
144.0
132.0
146.0
172.0
138.0
158.0
368.0
459.0
419.0
397.0
441.0
435.0
435.0
437.0
426.0
495.0
478.0
412.0
133.0
159.0
153.0
170.0
160.0
155.0
173.0
174.0
403.0
141.0
134.0
139.0
154.0
160.0
151.0
175.0
131.0
156.0
136.0
147.0
144.0
176.0
151.0
155.0
114.0
134.0
148.0
371.0
144.0
159.0
161.0
445.0
175.0
133.0
154.0
141.0
134.0
136.0
148.0
157.0
144.0
173.0
134.0
147.0
156.0
388.0
145.0
166.0
488.0
156.0
387.0
137.0
483.0
144.0
155.0
174.0
165.0
140.0
136.0
136.0
166.0
177.0
163.0
166.0
141.0
161.0
171.0
140.0
135.0
384.0
135.0
176.0
172.0
138.0
149.0
376.0
146.0
170.0
140.0
165.0
389.0
172.0
173.0
167.0
144.0
138.0
173.0
165.0
153.0
473.0
172.0
467.0
375.0
459.0
138.0
407.0
426.0
419.0
488.0
416.0
405.0
381.0
461.0
431.0
429.0
433.0
468.0
480.0
467.0
131.0
172.0
174.0
159.0
138.0
164.0
156.0
161.0
138.0
142.0
161.0
391.0
442.0
393.0
469.0
391.0
371.0
176.0
134.0
163.0
159.0
169.0
155.0
174.0
458.0
165.0
157.0
155.0
144.0
169.0
156.0
142.0
169.0
132.0
138.0
147.0
170.0
152.0
146.0
162.0
133.0
153.0
132.0
449.0
177.0
172.0
169.0
149.0
177.0
147.0
141.0
378.0
417.0
406.0
425.0
422.0
476.0
379.0
464.0
485.0
451.0
436.0
413.0
146.0
137.0
136.0
143.0
162.0
146.0
140.0
168.0
374.0
131.0
148.0
134.0
174.0
155.0
149.0
158.0
174.0
148.0
159.0
156.0
169.0
131.0
170.0
174.0
123.0
174.0
133.0
372.0
173.0
176.0
138.0
404.0
149.0
174.0
172.0
142.0
147.0
140.0
166.0
155.0
148.0
165.0
140.0
169.0
144.0
477.0
167.0
130.0
462.0
140.0
447.0
155.0
411.0
172.0
170.0
137.0
150.0
176.0
159.0
176.0
160.0
168.0
161.0
132.0
148.0
139.0
137.0
129.0
160.0
403.0
149.0
138.0
152.0
155.0
150.0
424.0
163.0
131.0
138.0
148.0
376.0
162.0
165.0
156.0
152.0
144.0
135.0
131.0
135.0
458.0
142.0
447.0
468.0
381.0
153.0
399.0
400.0
401.0
402.0
437.0
447.0
483.0
437.0
447.0
402.0
448.0
399.0
423.0
425.0
153.0
153.0
155.0
141.0
145.0
137.0
135.0
160.0
135.0
169.0
140.0
419.0
476.0
454.0
375.0
402.0
429.0
138.0
165.0
175.0
155.0
157.0
132.0
138.0
485.0
148.0
139.0
156.0
141.0
153.0
161.0
131.0
149.0
132.0
176.0
131.0
141.0
167.0
168.0
172.0
167.0
144.0
150.0
369.0
136.0
147.0
145.0
174.0
137.0
131.0
154.0
459.0
479.0
396.0
370.0
407.0
494.0
430.0
456.0
402.0
455.0
488.0
428.0
152.0
161.0
144.0
132.0
158.0
140.0
169.0
160.0
400.0
161.0
158.0
151.0
169.0
156.0
141.0
152.0
132.0
140.0
166.0
177.0
130.0
176.0
135.0
163.0
117.0
162.0
157.0
454.0
158.0
161.0
145.0
378.0
143.0
138.0
150.0
134.0
134.0
172.0
150.0
136.0
165.0
134.0
138.0
146.0
154.0
424.0
146.0
176.0
385.0
172.0
390.0
140.0
491.0
152.0
144.0
138.0
142.0
160.0
132.0
157.0
141.0
142.0
163.0
155.0
173.0
174.0
130.0
135.0
138.0
484.0
146.0
151.0
155.0
156.0
157.0
445.0
144.0
168.0
154.0
166.0
448.0
153.0
172.0
174.0
142.0
155.0
147.0
175.0
156.0
455.0
163.0
462.0
405.0
392.0
144.0
475.0
438.0
384.0
452.0
405.0
469.0
373.0
444.0
443.0
377.0
470.0
373.0
420.0
444.0
137.0
130.0
145.0
147.0
165.0
163.0
167.0
157.0
159.0
152.0
171.0
477.0
379.0
421.0
474.0
490.0
374.0
135.0
144.0
164.0
183.0
197.0
157.0
171.0
427.0
138.0
159.0
157.0
136.0
144.0
159.0
162.0
130.0
137.0
176.0
145.0
169.0
160.0
150.0
146.0
156.0
131.0
146.0
440.0
163.0
169.0
166.0
173.0
144.0
152.0
153.0
475.0
412.0
382.0
389.0
469.0
460.0
437.0
437.0
431.0
409.0
487.0
488.0
140.0
170.0
133.0
174.0
149.0
158.0
147.0
164.0
421.0
164.0
145.0
153.0
145.0
171.0
167.0
173.0
143.0
149.0
171.0
156.0
134.0
158.0
150.0
170.0
122.0
132.0
155.0
482.0
154.0
135.0
146.0
399.0
133.0
144.0
140.0
152.0
173.0
163.0
171.0
172.0
165.0
140.0
142.0
146.0
158.0
365.0
145.0
148.0
374.0
139.0
428.0
142.0
475.0
134.0
134.0
136.0
168.0
149.0
165.0
153.0
172.0
177.0
142.0
160.0
173.0
146.0
137.0
118.0
143.0
467.0
139.0
163.0
171.0
177.0
174.0
482.0
150.0
151.0
131.0
176.0
363.0
171.0
172.0
140.0
154.0
168.0
174.0
162.0
153.0
463.0
148.0
472.0
405.0
444.0
147.0
428.0
469.0
421.0
378.0
484.0
460.0
445.0
371.0
428.0
469.0
364.0
402.0
418.0
376.0
161.0
172.0
155.0
176.0
138.0
161.0
175.0
133.0
171.0
166.0
150.0
444.0
383.0
477.0
381.0
435.0
481.0
134.0
168.0
177.0
190.0
193.0
142.0
176.0
394.0
153.0
155.0
154.0
150.0
171.0
150.0
162.0
152.0
171.0
174.0
173.0
156.0
135.0
140.0
167.0
165.0
175.0
163.0
403.0
171.0
152.0
158.0
175.0
135.0
135.0
140.0
421.0
485.0
449.0
410.0
458.0
376.0
423.0
495.0
454.0
455.0
406.0
494.0
167.0
139.0
157.0
150.0
142.0
147.0
173.0
176.0
474.0
151.0
144.0
146.0
139.0
160.0
175.0
150.0
143.0
134.0
135.0
141.0
155.0
131.0
139.0
144.0
133.0
143.0
160.0
392.0
146.0
168.0
140.0
472.0
140.0
165.0
173.0
156.0
166.0
176.0
163.0
161.0
130.0
161.0
153.0
174.0
133.0
455.0
143.0
136.0
397.0
150.0
412.0
147.0
464.0
173.0
131.0
137.0
144.0
159.0
176.0
169.0
152.0
148.0
157.0
151.0
155.0
170.0
166.0
134.0
132.0
486.0
169.0
144.0
142.0
171.0
171.0
490.0
157.0
133.0
141.0
155.0
398.0
153.0
154.0
143.0
145.0
166.0
168.0
139.0
131.0
469.0
146.0
481.0
455.0
470.0
158.0
411.0
474.0
384.0
437.0
406.0
404.0
376.0
486.0
454.0
432.0
439.0
366.0
478.0
465.0
158.0
134.0
133.0
130.0
167.0
132.0
174.0
168.0
140.0
170.0
131.0
420.0
448.0
394.0
375.0
365.0
425.0
144.0
137.0
146.0
178.0
157.0
163.0
175.0
480.0
160.0
154.0
141.0
149.0
154.0
146.0
172.0
139.0
142.0
170.0
135.0
171.0
134.0
168.0
170.0
152.0
165.0
163.0
443.0
137.0
150.0
170.0
144.0
170.0
136.0
165.0
371.0
464.0
366.0
432.0
399.0
403.0
388.0
435.0
368.0
399.0
426.0
409.0
176.0
175.0
174.0
168.0
171.0
166.0
133.0
174.0
469.0
149.0
133.0
130.0
162.0
163.0
156.0
154.0
135.0
162.0
164.0
150.0
151.0
154.0
158.0
172.0
115.0
140.0
138.0
466.0
151.0
156.0
144.0
416.0
150.0
146.0
168.0
174.0
168.0
172.0
142.0
140.0
147.0
170.0
130.0
150.0
151.0
388.0
173.0
153.0
393.0
137.0
420.0
137.0
368.0
163.0
146.0
140.0
147.0
149.0
132.0
157.0
154.0
142.0
141.0
160.0
170.0
143.0
158.0
127.0
151.0
409.0
154.0
149.0
142.0
161.0
132.0
428.0
134.0
141.0
175.0
152.0
412.0
131.0
135.0
156.0
138.0
132.0
159.0
151.0
177.0
473.0
173.0
475.0
416.0
377.0
137.0
494.0
433.0
415.0
481.0
443.0
473.0
370.0
484.0
419.0
476.0
477.0
437.0
468.0
463.0
143.0
133.0
151.0
171.0
168.0
161.0
140.0
157.0
140.0
148.0
141.0
400.0
453.0
383.0
390.0
387.0
468.0
135.0
148.0
139.0
158.0
188.0
158.0
143.0
476.0
151.0
149.0
171.0
172.0
156.0
141.0
143.0
166.0
138.0
131.0
142.0
170.0
165.0
166.0
133.0
169.0
168.0
130.0
461.0
158.0
131.0
134.0
147.0
133.0
132.0
170.0
450.0
468.0
477.0
483.0
366.0
462.0
444.0
482.0
365.0
445.0
391.0
375.0
168.0
143.0
146.0
151.0
130.0
160.0
151.0
132.0
388.0
164.0
171.0
140.0
162.0
168.0
147.0
175.0
160.0
172.0
149.0
162.0
150.0
130.0
147.0
175.0
145.0
177.0
134.0
366.0
159.0
161.0
163.0
400.0
150.0
165.0
158.0
171.0
135.0
167.0
173.0
144.0
170.0
136.0
137.0
150.0
171.0
400.0
141.0
150.0
421.0
161.0
473.0
158.0
414.0
156.0
143.0
133.0
161.0
142.0
151.0
159.0
144.0
149.0
162.0
150.0
172.0
154.0
148.0
128.0
167.0
408.0
177.0
142.0
132.0
165.0
145.0
432.0
141.0
172.0
159.0
150.0
456.0
144.0
169.0
175.0
154.0
162.0
170.0
163.0
149.0
473.0
163.0
415.0
448.0
397.0
131.0
371.0
393.0
446.0
411.0
411.0
377.0
469.0
484.0
407.0
415.0
485.0
488.0
475.0
417.0
158.0
176.0
148.0
152.0
150.0
146.0
168.0
149.0
140.0
176.0
156.0
423.0
458.0
372.0
375.0
476.0
459.0
155.0
166.0
148.0
200.0
153.0
147.0
162.0
416.0
175.0
169.0
175.0
172.0
133.0
147.0
156.0
155.0
130.0
145.0
155.0
155.0
156.0
135.0
133.0
168.0
174.0
165.0
408.0
169.0
158.0
161.0
148.0
160.0
151.0
146.0
485.0
486.0
403.0
430.0
401.0
383.0
371.0
366.0
458.0
467.0
475.0
462.0
170.0
140.0
142.0
134.0
136.0
135.0
147.0
173.0
429.0
174.0
131.0
130.0
153.0
136.0
165.0
147.0
158.0
141.0
142.0
173.0
161.0
161.0
145.0
155.0
134.0
135.0
155.0
406.0
150.0
174.0
143.0
451.0
142.0
163.0
167.0
151.0
156.0
170.0
140.0
150.0
146.0
138.0
141.0
166.0
168.0
469.0
138.0
177.0
424.0
149.0
397.0
139.0
403.0
135.0
174.0
175.0
156.0
149.0
162.0
152.0
132.0
173.0
168.0
169.0
137.0
164.0
167.0
123.0
171.0
457.0
159.0
143.0
156.0
146.0
169.0
409.0
146.0
148.0
144.0
177.0
384.0
166.0
141.0
154.0
137.0
165.0
154.0
142.0
157.0
435.0
151.0
453.0
446.0
464.0
176.0
386.0
490.0
473.0
405.0
453.0
431.0
391.0
482.0
440.0
378.0
444.0
376.0
379.0
486.0
174.0
176.0
159.0
166.0
172.0
137.0
133.0
164.0
158.0
152.0
131.0
450.0
421.0
377.0
465.0
465.0
379.0
135.0
133.0
168.0
186.0
201.0
140.0
176.0
424.0
167.0
137.0
157.0
163.0
176.0
161.0
174.0
140.0
136.0
133.0
173.0
148.0
164.0
131.0
147.0
151.0
132.0
134.0
406.0
160.0
172.0
147.0
150.0
148.0
176.0
149.0
393.0
467.0
378.0
493.0
420.0
415.0
380.0
448.0
472.0
367.0
451.0
482.0
166.0
168.0
154.0
165.0
149.0
135.0
139.0
165.0
366.0
172.0
170.0
162.0
140.0
152.0
163.0
176.0
150.0
170.0
148.0
166.0
166.0
147.0
152.0
169.0
130.0
171.0
153.0
455.0
162.0
169.0
147.0
400.0
160.0
143.0
139.0
141.0
174.0
145.0
171.0
168.0
168.0
159.0
157.0
161.0
164.0
379.0
160.0
142.0
401.0
172.0
483.0
159.0
445.0
171.0
169.0
151.0
159.0
172.0
171.0
135.0
155.0
147.0
169.0
173.0
140.0
146.0
150.0
138.0
162.0
462.0
170.0
145.0
161.0
151.0
162.0
435.0
162.0
175.0
168.0
133.0
459.0
136.0
155.0
151.0
149.0
148.0
138.0
157.0
137.0
452.0
145.0
492.0
369.0
372.0
137.0
459.0
397.0
367.0
373.0
448.0
370.0
486.0
453.0
493.0
370.0
439.0
489.0
467.0
364.0
154.0
171.0
164.0
150.0
156.0
143.0
173.0
162.0
168.0
141.0
139.0
452.0
484.0
440.0
477.0
473.0
449.0
142.0
161.0
140.0
199.0
177.0
160.0
140.0
386.0
176.0
143.0
158.0
163.0
143.0
171.0
148.0
165.0
168.0
133.0
157.0
163.0
170.0
175.0
162.0
175.0
138.0
156.0
459.0
171.0
167.0
175.0
131.0
146.0
164.0
166.0
363.0
479.0
477.0
489.0
474.0
474.0
377.0
441.0
458.0
385.0
392.0
425.0
170.0
136.0
149.0
160.0
161.0
165.0
147.0
134.0
487.0
166.0
142.0
153.0
155.0
153.0
135.0
139.0
130.0
175.0
146.0
148.0
155.0
131.0
146.0
130.0
143.0
151.0
169.0
418.0
146.0
136.0
163.0
443.0
154.0
174.0
134.0
171.0
130.0
168.0
173.0
149.0
176.0
147.0
149.0
150.0
158.0
449.0
148.0
153.0
367.0
135.0
465.0
147.0
429.0
132.0
143.0
148.0
158.0
169.0
174.0
152.0
152.0
164.0
159.0
169.0
139.0
138.0
153.0
122.0
154.0
489.0
143.0
169.0
172.0
146.0
175.0
450.0
148.0
144.0
168.0
168.0
481.0
148.0
142.0
132.0
172.0
172.0
130.0
135.0
148.0
403.0
177.0
477.0
486.0
386.0
159.0
405.0
373.0
488.0
373.0
419.0
398.0
419.0
444.0
387.0
379.0
470.0
404.0
421.0
491.0
156.0
156.0
148.0
158.0
150.0
141.0
162.0
167.0
161.0
157.0
162.0
404.0
474.0
478.0
401.0
493.0
368.0
159.0
136.0
148.0
