I_BRKGA_178_6_15_5_CESP
178 6 15 495.0
63224.5
63299.5
60708.5
54513.5
61756.5
59952.5
55993.5
63303.5
56640.5
61642.5
55178.5
55759.5
57358.5
58904.5
57586.5
0.07533767410271802
0.06634704245424512
0.0691767711599823
0.06619598118804744
0.07751520703522506
0.05554641384713484
0.07605610250949359
0.059503630541416455
0.07756601613294739
0.06370804882987989
0.07174370953663187
0.05389621105911967
0.07763438128642347
0.058865978770793255
0.050906831545941555
110.0
129.0
106.0
109.0
119.0
124.0
2557.0
22.0
1261.0
1300.0
67.0
529.0
519.0
1350.0
36.0
540.0
112.0
189.0
47.0
348.0
245.0
399.0
56.0
308.0
230.0
476.0
215.0
1070.0
170.0
322.0
442.0
1276.0
2649.0
1020.0
985.0
12.0
217.0
525.0
295.0
73.0
253.0
78.0
282.0
13.0
10.0
10.0
12.0
13.0
11.0
14.0
95.0
13.0
11.0
11.0
28.0
352.0
160.0
799.0
1356.0
580.0
327.0
1179.0
286.0
157.0
807.0
5482.0
5832.0
127.0
171.0
334.0
51.0
27.0
194.0
208.0
177.0
497.0
28.0
79.0
66.0
27.0
120.0
28.0
33.0
20.0
108.0
163.0
899.0
49.0
131.0
66.0
44.0
165.0
203.0
312.0
154.0
173.0
72.0
877.0
162.0
153.0
728.0
36.0
61.0
195.0
96.0
13.0
326.0
119.0
19.0
25.0
29.0
8.0
71.0
275.0
103.0
73.0
87.0
55.0
37.0
86.0
149.0
46.0
26.0
56.0
162.0
111.0
79.0
131.0
46.0
66.0
7.0
1529.0
54.0
113.0
57.0
44.0
640.0
818.0
117.0
1358.0
1106.0
26.0
111.0
111.0
263.0
6504.0
196.0
102.0
157.0
276.0
31.0
274.0
30.0
127.0
249.0
76.0
141.0
821.0
115.0
155.0
433.0
302.0
224.0
67.0
1183.0
124.0
123.0
73.0
86.0
117.0
19.0
258.0
206.0
370.0
163.0
39.0
67.0
52.0
197.0
224.0
300.0
194.0
892.0
1329.0
499.0
1319.0
36.0
546.0
110.0
177.0
48.0
328.0
266.0
396.0
58.0
302.0
231.0
464.0
219.0
1038.0
157.0
343.0
419.0
1353.0
2720.0
1026.0
972.0
12.0
219.0
509.0
270.0
73.0
243.0
81.0
277.0
13.0
10.0
10.0
11.0
13.0
11.0
13.0
98.0
14.0
12.0
12.0
29.0
362.0
159.0
823.0
1303.0
554.0
347.0
1139.0
297.0
157.0
812.0
5419.0
5529.0
131.0
168.0
306.0
50.0
28.0
186.0
213.0
193.0
533.0
26.0
75.0
64.0
27.0
119.0
27.0
30.0
20.0
114.0
165.0
834.0
48.0
128.0
65.0
42.0
164.0
213.0
320.0
149.0
167.0
69.0
875.0
168.0
147.0
799.0
38.0
60.0
211.0
98.0
13.0
356.0
123.0
21.0
25.0
32.0
8.0
76.0
258.0
108.0
72.0
89.0
57.0
40.0
81.0
147.0
46.0
26.0
54.0
154.0
102.0
80.0
130.0
48.0
66.0
7.0
1518.0
58.0
115.0
59.0
44.0
597.0
793.0
117.0
1354.0
1043.0
25.0
113.0
111.0
271.0
6810.0
200.0
101.0
155.0
282.0
33.0
276.0
29.0
125.0
236.0
79.0
139.0
821.0
119.0
155.0
451.0
303.0
225.0
70.0
1262.0
130.0
123.0
72.0
89.0
121.0
19.0
246.0
191.0
340.0
159.0
38.0
65.0
50.0
190.0
220.0
322.0
188.0
865.0
1280.0
508.0
1286.0
35.0
519.0
117.0
179.0
45.0
319.0
262.0
389.0
60.0
299.0
226.0
465.0
210.0
1049.0
163.0
326.0
447.0
1329.0
2684.0
1050.0
962.0
12.0
227.0
528.0
290.0
75.0
239.0
80.0
288.0
14.0
10.0
10.0
12.0
14.0
12.0
14.0
98.0
14.0
12.0
12.0
29.0
339.0
166.0
811.0
1309.0
551.0
329.0
1104.0
292.0
147.0
790.0
5139.0
5782.0
120.0
169.0
305.0
48.0
28.0
187.0
212.0
182.0
507.0
27.0
75.0
61.0
25.0
122.0
27.0
30.0
19.0
114.0
176.0
817.0
50.0
127.0
66.0
45.0
165.0
218.0
332.0
143.0
161.0
71.0
827.0
167.0
153.0
754.0
37.0
61.0
202.0
89.0
14.0
354.0
117.0
21.0
24.0
31.0
8.0
70.0
266.0
113.0
68.0
90.0
59.0
41.0
87.0
151.0
48.0
27.0
55.0
151.0
101.0
79.0
132.0
45.0
62.0
7.0
1567.0
55.0
119.0
55.0
48.0
633.0
851.0
118.0
1366.0
1048.0
24.0
113.0
119.0
266.0
6479.0
205.0
99.0
156.0
271.0
32.0
288.0
30.0
128.0
240.0
81.0
136.0
808.0
119.0
154.0
459.0
304.0
203.0
65.0
1250.0
128.0
119.0
71.0
86.0
122.0
19.0
265.0
189.0
340.0
170.0
37.0
65.0
49.0
190.0
242.0
299.0
192.0
819.0
1315.0
469.0
1234.0
33.0
528.0
111.0
190.0
44.0
323.0
269.0
397.0
61.0
302.0
222.0
462.0
198.0
1057.0
170.0
334.0
435.0
1350.0
2536.0
1040.0
1044.0
13.0
220.0
531.0
292.0
69.0
242.0
79.0
293.0
14.0
10.0
10.0
11.0
14.0
11.0
13.0
95.0
14.0
12.0
11.0
29.0
359.0
166.0
787.0
1289.0
578.0
363.0
1178.0
276.0
154.0
839.0
5086.0
5641.0
129.0
162.0
327.0
50.0
28.0
192.0
206.0
193.0
526.0
28.0
74.0
64.0
25.0
118.0
28.0
31.0
20.0
119.0
169.0
893.0
49.0
124.0
65.0
44.0
152.0
214.0
335.0
149.0
170.0
71.0
800.0
163.0
153.0
768.0
37.0
63.0
204.0
90.0
13.0
354.0
125.0
21.0
24.0
30.0
8.0
73.0
269.0
108.0
73.0
91.0
58.0
41.0
81.0
151.0
45.0
26.0
55.0
163.0
108.0
83.0
139.0
45.0
61.0
7.0
1578.0
59.0
109.0
58.0
46.0
601.0
849.0
121.0
1343.0
1067.0
26.0
111.0
118.0
277.0
6818.0
207.0
99.0
155.0
293.0
31.0
288.0
30.0
128.0
243.0
78.0
133.0
774.0
120.0
150.0
462.0
315.0
225.0
66.0
1181.0
125.0
117.0
68.0
86.0
111.0
20.0
254.0
202.0
349.0
168.0
36.0
69.0
49.0
193.0
229.0
297.0
188.0
830.0
1261.0
514.0
1333.0
34.0
509.0
117.0
180.0
47.0
347.0
259.0
381.0
56.0
289.0
227.0
487.0
219.0
1028.0
160.0
332.0
447.0
1300.0
2748.0
1053.0
997.0
13.0
211.0
511.0
287.0
71.0
232.0
80.0
292.0
14.0
10.0
10.0
12.0
14.0
12.0
14.0
92.0
14.0
12.0
12.0
27.0
363.0
161.0
839.0
1338.0
593.0
345.0
1183.0
272.0
156.0
854.0
5053.0
5518.0
120.0
172.0
303.0
51.0
27.0
180.0
218.0
187.0
532.0
27.0
72.0
63.0
25.0
116.0
29.0
31.0
19.0
113.0
172.0
846.0
53.0
131.0
65.0
44.0
151.0
220.0
318.0
143.0
163.0
69.0
854.0
159.0
147.0
791.0
38.0
60.0
213.0
94.0
13.0
335.0
127.0
21.0
26.0
32.0
8.0
72.0
261.0
108.0
71.0
84.0
58.0
41.0
83.0
151.0
49.0
25.0
57.0
155.0
108.0
87.0
139.0
44.0
63.0
7.0
1566.0
58.0
117.0
56.0
45.0
644.0
871.0
123.0
1443.0
1047.0
26.0
114.0
110.0
254.0
6535.0
196.0
94.0
157.0
297.0
31.0
261.0
28.0
129.0
237.0
82.0
138.0
815.0
119.0
158.0
460.0
326.0
217.0
70.0
1210.0
129.0
123.0
73.0
86.0
112.0
19.0
247.0
204.0
345.0
167.0
38.0
67.0
53.0
192.0
241.0
317.0
198.0
892.0
1255.0
482.0
1248.0
36.0
518.0
114.0
193.0
45.0
341.0
256.0
395.0
61.0
309.0
219.0
503.0
216.0
1081.0
160.0
336.0
444.0
1314.0
2704.0
1038.0
1050.0
13.0
232.0
523.0
285.0
72.0
234.0
77.0
289.0
14.0
10.0
10.0
12.0
14.0
12.0
14.0
91.0
14.0
12.0
12.0
27.0
354.0
166.0
774.0
1280.0
584.0
353.0
1183.0
275.0
159.0
845.0
5440.0
5609.0
127.0
173.0
311.0
47.0
28.0
179.0
223.0
188.0
524.0
27.0
76.0
64.0
25.0
125.0
29.0
33.0
20.0
117.0
178.0
818.0
49.0
123.0
62.0
45.0
155.0
215.0
323.0
148.0
163.0
75.0
807.0
168.0
142.0
730.0
35.0
64.0
210.0
92.0
14.0
322.0
118.0
21.0
25.0
32.0
8.0
70.0
277.0
110.0
70.0
84.0
56.0
41.0
85.0
153.0
45.0
27.0
56.0
150.0
104.0
86.0
127.0
46.0
61.0
7.0
1597.0
56.0
119.0
58.0
44.0
659.0
808.0
122.0
1344.0
1070.0
24.0
121.0
117.0
258.0
6733.0
213.0
99.0
159.0
272.0
31.0
264.0
29.0
118.0
253.0
83.0
137.0
767.0
114.0
158.0
430.0
314.0
218.0
70.0
1284.0
128.0
118.0
73.0
94.0
113.0
19.0
270.0
205.0
360.0
174.0
38.0
70.0
53.0
197.0
234.0
317.0
187.0
821.0
1234.0
512.0
1313.0
33.0
559.0
114.0
175.0
46.0
318.0
252.0
383.0
59.0
296.0
219.0
488.0
216.0
1097.0
166.0
329.0
444.0
1398.0
2534.0
1005.0
1032.0
12.0
221.0
547.0
282.0
75.0
243.0
75.0
279.0
13.0
9.0
10.0
12.0
13.0
11.0
14.0
100.0
13.0
11.0
12.0
27.0
347.0
167.0
775.0
1294.0
583.0
334.0
1085.0
278.0
145.0
842.0
5260.0
6027.0
121.0
163.0
329.0
50.0
28.0
182.0
213.0
181.0
487.0
27.0
75.0
67.0
25.0
123.0
29.0
32.0
20.0
111.0
179.0
867.0
53.0
123.0
66.0
44.0
164.0
217.0
317.0
145.0
163.0
76.0
858.0
160.0
147.0
756.0
35.0
63.0
205.0
91.0
13.0
333.0
123.0
20.0
24.0
31.0
8.0
69.0
262.0
104.0
74.0
90.0
56.0
40.0
86.0
150.0
48.0
27.0
56.0
151.0
107.0
86.0
134.0
47.0
64.0
7.0
1579.0
56.0
114.0
57.0
44.0
653.0
795.0
122.0
1391.0
1108.0
26.0
114.0
111.0
273.0
6473.0
200.0
99.0
151.0
282.0
33.0
282.0
29.0
128.0
255.0
76.0
128.0
789.0
124.0
153.0
440.0
307.0
219.0
65.0
1275.0
129.0
121.0
73.0
88.0
117.0
20.0
256.0
202.0
348.0
165.0
37.0
67.0
53.0
206.0
231.0
310.0
190.0
848.0
1201.0
505.0
1319.0
34.0
554.0
113.0
181.0
46.0
348.0
252.0
395.0
60.0
294.0
219.0
466.0
199.0
1035.0
158.0
333.0
440.0
1341.0
2731.0
1050.0
1030.0
13.0
233.0
518.0
294.0
71.0
243.0
75.0
286.0
13.0
10.0
10.0
12.0
14.0
12.0
14.0
97.0
14.0
12.0
12.0
29.0
351.0
161.0
818.0
1294.0
552.0
329.0
1177.0
272.0
151.0
814.0
5343.0
5450.0
122.0
158.0
332.0
48.0
28.0
187.0
208.0
182.0
525.0
28.0
72.0
67.0
26.0
124.0
27.0
33.0
19.0
116.0
165.0
870.0
51.0
125.0
65.0
44.0
157.0
201.0
321.0
145.0
175.0
74.0
880.0
154.0
140.0
775.0
36.0
64.0
200.0
91.0
14.0
339.0
123.0
20.0
24.0
31.0
8.0
69.0
267.0
111.0
70.0
89.0
58.0
41.0
83.0
148.0
45.0
25.0
53.0
150.0
110.0
86.0
128.0
46.0
64.0
7.0
1579.0
56.0
110.0
57.0
48.0
628.0
821.0
116.0
1351.0
1109.0
25.0
121.0
108.0
267.0
6257.0
208.0
93.0
160.0
277.0
32.0
269.0
30.0
128.0
240.0
81.0
133.0
755.0
124.0
155.0
422.0
305.0
221.0
66.0
1265.0
130.0
127.0
67.0
94.0
111.0
18.0
258.0
204.0
368.0
167.0
38.0
65.0
49.0
186.0
222.0
293.0
190.0
893.0
1304.0
490.0
1341.0
34.0
519.0
116.0
192.0
45.0
334.0
268.0
362.0
57.0
290.0
228.0
481.0
214.0
1126.0
163.0
330.0
445.0
1276.0
2704.0
1079.0
1038.0
13.0
212.0
550.0
271.0
75.0
252.0
81.0
290.0
14.0
9.0
10.0
12.0
13.0
12.0
13.0
97.0
14.0
11.0
11.0
28.0
364.0
158.0
821.0
1356.0
546.0
350.0
1182.0
280.0
152.0
801.0
5413.0
5521.0
122.0
165.0
303.0
50.0
29.0
180.0
205.0
185.0
526.0
26.0
72.0
63.0
26.0
116.0
28.0
33.0
19.0
108.0
170.0
831.0
52.0
130.0
62.0
46.0
165.0
217.0
317.0
150.0
172.0
72.0
844.0
156.0
150.0
776.0
35.0
62.0
198.0
89.0
13.0
326.0
129.0
20.0
25.0
31.0
8.0
75.0
274.0
109.0
69.0
84.0
56.0
38.0
86.0
150.0
49.0
26.0
53.0
163.0
110.0
87.0
135.0
45.0
67.0
7.0
1587.0
59.0
115.0
55.0
44.0
616.0
849.0
120.0
1362.0
1091.0
25.0
123.0
110.0
264.0
6748.0
204.0
102.0
151.0
274.0
31.0
272.0
29.0
127.0
256.0
81.0
136.0
780.0
115.0
158.0
442.0
314.0
206.0
64.0
1195.0
134.0
118.0
69.0
91.0
122.0
20.0
248.0
191.0
345.0
175.0
39.0
66.0
51.0
200.0
220.0
318.0
193.0
815.0
1224.0
485.0
1235.0
36.0
510.0
117.0
181.0
48.0
339.0
250.0
388.0
58.0
300.0
216.0
467.0
214.0
1055.0
168.0
328.0
446.0
1348.0
2502.0
1090.0
978.0
13.0
217.0
526.0
271.0
74.0
246.0
79.0
288.0
14.0
9.0
10.0
12.0
14.0
12.0
14.0
92.0
14.0
12.0
12.0
29.0
350.0
163.0
762.0
1324.0
566.0
350.0
1175.0
279.0
147.0
825.0
5425.0
6028.0
130.0
164.0
312.0
49.0
28.0
178.0
226.0
195.0
522.0
27.0
74.0
64.0
27.0
119.0
29.0
32.0
20.0
113.0
178.0
864.0
49.0
126.0
66.0
44.0
155.0
202.0
320.0
151.0
169.0
69.0
812.0
154.0
144.0
753.0
35.0
64.0
196.0
96.0
13.0
327.0
122.0
21.0
25.0
32.0
8.0
70.0
268.0
110.0
71.0
90.0
54.0
40.0
87.0
141.0
45.0
25.0
53.0
152.0
102.0
84.0
137.0
44.0
66.0
7.0
1651.0
54.0
115.0
58.0
48.0
604.0
824.0
117.0
1374.0
1103.0
24.0
111.0
110.0
257.0
6708.0
216.0
99.0
157.0
280.0
33.0
284.0
30.0
121.0
246.0
82.0
137.0
791.0
120.0
150.0
426.0
297.0
225.0
65.0
1165.0
131.0
121.0
72.0
90.0
120.0
19.0
254.0
195.0
361.0
169.0
36.0
68.0
51.0
201.0
242.0
303.0
189.0
842.0
1331.0
509.0
1267.0
34.0
556.0
110.0
183.0
48.0
350.0
267.0
395.0
61.0
315.0
220.0
465.0
214.0
1035.0
161.0
322.0
449.0
1352.0
2616.0
1024.0
1048.0
12.0
226.0
524.0
273.0
70.0
245.0
80.0
286.0
14.0
10.0
10.0
12.0
14.0
12.0
14.0
100.0
14.0
12.0
12.0
28.0
371.0
157.0
837.0
1281.0
595.0
339.0
1180.0
271.0
156.0
825.0
5098.0
5631.0
124.0
163.0
323.0
47.0
27.0
188.0
224.0
179.0
487.0
27.0
74.0
61.0
25.0
117.0
28.0
33.0
19.0
110.0
169.0
883.0
53.0
127.0
62.0
46.0
160.0
204.0
310.0
147.0
166.0
69.0
806.0
167.0
141.0
802.0
37.0
62.0
199.0
90.0
14.0
329.0
117.0
21.0
25.0
29.0
8.0
75.0
268.0
107.0
72.0
85.0
57.0
39.0
85.0
149.0
48.0
25.0
54.0
162.0
103.0
82.0
131.0
46.0
61.0
7.0
1547.0
56.0
115.0
56.0
44.0
611.0
825.0
123.0
1417.0
1131.0
26.0
117.0
116.0
265.0
6317.0
216.0
93.0
165.0
273.0
31.0
283.0
29.0
127.0
236.0
82.0
140.0
758.0
117.0
159.0
461.0
309.0
209.0
68.0
1286.0
129.0
124.0
70.0
85.0
111.0
19.0
257.0
199.0
374.0
163.0
39.0
65.0
52.0
204.0
236.0
323.0
199.0
847.0
1286.0
489.0
1253.0
35.0
513.0
120.0
191.0
45.0
325.0
257.0
397.0
60.0
294.0
231.0
503.0
218.0
1074.0
172.0
331.0
425.0
1365.0
2657.0
1094.0
980.0
13.0
229.0
536.0
270.0
75.0
246.0
78.0
277.0
14.0
10.0
10.0
12.0
14.0
12.0
14.0
92.0
14.0
11.0
11.0
29.0
357.0
171.0
769.0
1377.0
578.0
343.0
1170.0
272.0
146.0
862.0
5100.0
5559.0
120.0
172.0
325.0
50.0
29.0
180.0
223.0
178.0
526.0
27.0
75.0
63.0
25.0
128.0
28.0
33.0
20.0
109.0
167.0
839.0
48.0
129.0
63.0
46.0
161.0
216.0
334.0
150.0
169.0
72.0
806.0
160.0
145.0
793.0
37.0
64.0
215.0
95.0
14.0
353.0
118.0
21.0
25.0
32.0
8.0
70.0
253.0
109.0
68.0
88.0
59.0
39.0
88.0
141.0
48.0
27.0
54.0
163.0
106.0
83.0
129.0
44.0
62.0
7.0
1502.0
58.0
111.0
59.0
46.0
602.0
878.0
116.0
1372.0
1082.0
26.0
113.0
114.0
254.0
6489.0
198.0
94.0
155.0
298.0
30.0
263.0
29.0
127.0
244.0
78.0
139.0
792.0
117.0
157.0
438.0
306.0
214.0
67.0
1270.0
134.0
122.0
69.0
85.0
117.0
19.0
260.0
188.0
367.0
172.0
37.0
71.0
50.0
193.0
222.0
309.0
198.0
835.0
1272.0
506.0
1281.0
35.0
508.0
108.0
177.0
45.0
321.0
249.0
392.0
57.0
301.0
232.0
498.0
204.0
1057.0
156.0
333.0
445.0
1377.0
2504.0
1104.0
966.0
13.0
215.0
539.0
279.0
76.0
251.0
76.0
299.0
14.0
10.0
10.0
12.0
14.0
12.0
14.0
99.0
13.0
11.0
12.0
27.0
369.0
161.0
827.0
1345.0
559.0
361.0
1095.0
296.0
157.0
807.0
5223.0
5982.0
128.0
168.0
311.0
49.0
28.0
188.0
212.0
180.0
526.0
26.0
75.0
67.0
25.0
124.0
28.0
33.0
20.0
115.0
172.0
854.0
51.0
120.0
62.0
44.0
159.0
206.0
329.0
152.0
176.0
76.0
870.0
160.0
148.0
736.0
35.0
61.0
214.0
98.0
14.0
340.0
119.0
20.0
25.0
32.0
8.0
72.0
259.0
103.0
71.0
84.0
57.0
41.0
86.0
153.0
48.0
27.0
57.0
161.0
110.0
82.0
131.0
45.0
64.0
7.0
1535.0
56.0
113.0
55.0
47.0
630.0
875.0
122.0
1377.0
1125.0
26.0
117.0
115.0
273.0
6595.0
209.0
100.0
152.0
277.0
31.0
281.0
29.0
128.0
258.0
82.0
137.0
829.0
119.0
159.0
459.0
304.0
224.0
66.0
1179.0
128.0
116.0
72.0
90.0
122.0
20.0
250.0
189.0
369.0
158.0
39.0
66.0
50.0
198.0
235.0
313.0
188.0
839.0
1230.0
515.0
1312.0
35.0
514.0
110.0
176.0
47.0
319.0
256.0
386.0
60.0
300.0
231.0
458.0
199.0
1077.0
156.0
336.0
423.0
1293.0
2732.0
1057.0
987.0
13.0
227.0
518.0
284.0
72.0
235.0
75.0
295.0
14.0
10.0
9.0
12.0
14.0
12.0
13.0
96.0
14.0
11.0
11.0
28.0
365.0
167.0
842.0
1364.0
575.0
360.0
1176.0
282.0
148.0
864.0
5487.0
5458.0
122.0
172.0
332.0
49.0
29.0
181.0
207.0
185.0
519.0
28.0
75.0
66.0
26.0
123.0
29.0
33.0
20.0
113.0
165.0
892.0
48.0
122.0
67.0
42.0
152.0
216.0
316.0
146.0
167.0
76.0
884.0
165.0
142.0
789.0
36.0
63.0
209.0
96.0
13.0
333.0
122.0
21.0
25.0
31.0
8.0
71.0
277.0
106.0
72.0
88.0
58.0
39.0
83.0
143.0
49.0
26.0
56.0
150.0
101.0
86.0
128.0
45.0
61.0
7.0
1537.0
57.0
119.0
56.0
48.0
642.0
821.0
121.0
1440.0
1049.0
24.0
119.0
116.0
274.0
6601.0
199.0
98.0
154.0
286.0
32.0
262.0
28.0
122.0
238.0
81.0
140.0
765.0
124.0
150.0
450.0
305.0
216.0
65.0
1249.0
133.0
115.0
66.0
88.0
122.0
18.0
271.0
198.0
339.0
161.0
36.0
66.0
50.0
189.0
234.0
303.0
199.0
842.0
1323.0
472.0
1334.0
35.0
508.0
115.0
186.0
44.0
351.0
258.0
366.0
57.0
318.0
228.0
478.0
218.0
1049.0
171.0
337.0
422.0
1349.0
2512.0
1072.0
1031.0
13.0
233.0
525.0
295.0
75.0
238.0
79.0
294.0
14.0
10.0
10.0
12.0
13.0
11.0
14.0
95.0
13.0
12.0
12.0
28.0
358.0
159.0
827.0
1302.0
566.0
352.0
1179.0
297.0
154.0
869.0
5220.0
5545.0
129.0
157.0
304.0
51.0
27.0
194.0
212.0
188.0
490.0
26.0
76.0
62.0
25.0
123.0
28.0
32.0
20.0
109.0
176.0
876.0
52.0
125.0
66.0
45.0
163.0
211.0
331.0
147.0
160.0
70.0
853.0
154.0
151.0
794.0
35.0
66.0
215.0
96.0
13.0
352.0
118.0
20.0
25.0
31.0
8.0
72.0
252.0
103.0
71.0
89.0
55.0
41.0
84.0
141.0
45.0
26.0
54.0
155.0
108.0
84.0
128.0
48.0
65.0
7.0
1556.0
56.0
115.0
58.0
44.0
636.0
799.0
115.0
1340.0
1070.0
25.0
115.0
110.0
264.0
6802.0
214.0
101.0
154.0
284.0
31.0
273.0
27.0
128.0
246.0
79.0
136.0
783.0
122.0
150.0
459.0
311.0
223.0
70.0
1262.0
125.0
117.0
71.0
85.0
118.0
19.0
271.0
207.0
356.0
159.0
36.0
65.0
52.0
189.0
226.0
311.0
206.0
826.0
1207.0
175.0
165.0
150.0
136.0
392.0
156.0
166.0
165.0
164.0
155.0
152.0
130.0
156.0
176.0
131.0
153.0
174.0
140.0
141.0
141.0
153.0
169.0
160.0
460.0
169.0
175.0
132.0
139.0
175.0
162.0
151.0
401.0
472.0
470.0
424.0
413.0
420.0
384.0
406.0
461.0
402.0
390.0
489.0
154.0
148.0
156.0
148.0
145.0
161.0
165.0
138.0
464.0
167.0
143.0
170.0
142.0
171.0
130.0
137.0
170.0
137.0
171.0
140.0
138.0
168.0
140.0
133.0
129.0
168.0
166.0
385.0
135.0
175.0
174.0
473.0
139.0
165.0
156.0
162.0
153.0
175.0
154.0
149.0
156.0
155.0
144.0
171.0
164.0
447.0
160.0
170.0
452.0
170.0
371.0
138.0
468.0
165.0
162.0
134.0
142.0
143.0
151.0
135.0
155.0
135.0
137.0
153.0
171.0
149.0
161.0
127.0
164.0
461.0
164.0
131.0
155.0
150.0
145.0
460.0
173.0
138.0
160.0
151.0
414.0
130.0
172.0
177.0
144.0
164.0
162.0
166.0
146.0
424.0
168.0
472.0
364.0
379.0
143.0
368.0
459.0
436.0
400.0
471.0
445.0
365.0
411.0
404.0
385.0
393.0
473.0
395.0
374.0
168.0
148.0
167.0
143.0
139.0
146.0
132.0
165.0
144.0
130.0
144.0
449.0
417.0
366.0
447.0
494.0
486.0
172.0
130.0
162.0
174.0
195.0
169.0
168.0
433.0
146.0
144.0
156.0
148.0
154.0
157.0
176.0
165.0
175.0
175.0
146.0
148.0
173.0
131.0
146.0
135.0
175.0
154.0
488.0
137.0
133.0
132.0
157.0
164.0
170.0
175.0
405.0
471.0
433.0
406.0
366.0
420.0
450.0
436.0
445.0
454.0
416.0
495.0
131.0
166.0
142.0
175.0
148.0
158.0
164.0
155.0
425.0
153.0
153.0
157.0
170.0
149.0
169.0
150.0
160.0
155.0
152.0
139.0
141.0
134.0
138.0
134.0
127.0
173.0
155.0
457.0
141.0
175.0
132.0
421.0
159.0
173.0
143.0
143.0
141.0
153.0
161.0
171.0
176.0
136.0
148.0
157.0
131.0
396.0
143.0
164.0
365.0
176.0
452.0
147.0
375.0
152.0
163.0
143.0
153.0
172.0
158.0
141.0
150.0
163.0
160.0
141.0
132.0
131.0
138.0
138.0
175.0
372.0
159.0
156.0
140.0
169.0
151.0
392.0
147.0
165.0
162.0
133.0
442.0
172.0
136.0
137.0
166.0
171.0
161.0
141.0
154.0
446.0
131.0
363.0
424.0
453.0
142.0
456.0
479.0
433.0
423.0
447.0
469.0
406.0
438.0
372.0
400.0
368.0
431.0
429.0
379.0
159.0
160.0
149.0
157.0
173.0
152.0
174.0
155.0
154.0
142.0
130.0
429.0
422.0
457.0
364.0
374.0
459.0
171.0
172.0
175.0
154.0
158.0
146.0
159.0
481.0
166.0
154.0
137.0
156.0
168.0
144.0
131.0
171.0
146.0
141.0
154.0
142.0
146.0
149.0
142.0
158.0
156.0
135.0
414.0
145.0
149.0
177.0
158.0
142.0
160.0
136.0
442.0
489.0
467.0
492.0
470.0
459.0
481.0
387.0
471.0
391.0
482.0
380.0
155.0
154.0
162.0
140.0
156.0
143.0
161.0
144.0
430.0
130.0
160.0
133.0
141.0
158.0
172.0
134.0
135.0
176.0
130.0
167.0
169.0
143.0
175.0
160.0
136.0
163.0
139.0
404.0
151.0
153.0
132.0
455.0
171.0
137.0
150.0
167.0
158.0
138.0
166.0
174.0
162.0
168.0
164.0
140.0
148.0
435.0
136.0
155.0
436.0
157.0
475.0
170.0
418.0
133.0
131.0
171.0
138.0
147.0
161.0
163.0
156.0
139.0
140.0
159.0
143.0
163.0
148.0
147.0
146.0
445.0
151.0
177.0
141.0
135.0
147.0
396.0
157.0
138.0
147.0
141.0
494.0
145.0
161.0
159.0
135.0
142.0
157.0
146.0
167.0
422.0
137.0
407.0
380.0
380.0
144.0
372.0
383.0
492.0
429.0
441.0
445.0
420.0
401.0
375.0
469.0
435.0
435.0
480.0
375.0
163.0
150.0
155.0
162.0
166.0
162.0
145.0
166.0
141.0
150.0
156.0
488.0
455.0
447.0
378.0
477.0
453.0
141.0
149.0
138.0
174.0
158.0
166.0
148.0
392.0
162.0
152.0
146.0
132.0
174.0
157.0
131.0
149.0
163.0
165.0
142.0
147.0
134.0
171.0
155.0
154.0
169.0
150.0
444.0
149.0
141.0
150.0
140.0
157.0
140.0
172.0
420.0
442.0
364.0
453.0
489.0
371.0
368.0
449.0
401.0
421.0
486.0
375.0
143.0
135.0
151.0
173.0
171.0
137.0
135.0
148.0
485.0
147.0
160.0
176.0
144.0
133.0
150.0
173.0
159.0
152.0
167.0
141.0
163.0
139.0
161.0
166.0
118.0
136.0
175.0
375.0
166.0
135.0
173.0
399.0
169.0
175.0
168.0
150.0
148.0
148.0
140.0
174.0
135.0
155.0
153.0
130.0
140.0
384.0
142.0
175.0
444.0
158.0
372.0
148.0
426.0
143.0
144.0
139.0
153.0
148.0
146.0
169.0
162.0
163.0
145.0
158.0
171.0
176.0
136.0
139.0
153.0
391.0
141.0
140.0
175.0
170.0
171.0
457.0
153.0
159.0
148.0
155.0
370.0
153.0
170.0
135.0
138.0
140.0
138.0
153.0
140.0
388.0
157.0
382.0
481.0
456.0
172.0
475.0
482.0
470.0
486.0
453.0
480.0
409.0
438.0
372.0
392.0
480.0
407.0
414.0
400.0
161.0
147.0
163.0
140.0
157.0
165.0
160.0
145.0
140.0
160.0
146.0
449.0
493.0
458.0
395.0
415.0
382.0
163.0
170.0
177.0
172.0
166.0
169.0
150.0
453.0
144.0
146.0
165.0
160.0
163.0
131.0
175.0
144.0
160.0
149.0
173.0
170.0
150.0
147.0
159.0
177.0
143.0
134.0
387.0
175.0
157.0
170.0
150.0
142.0
151.0
130.0
475.0
414.0
450.0
419.0
395.0
491.0
413.0
409.0
431.0
379.0
377.0
369.0
138.0
136.0
173.0
130.0
167.0
156.0
162.0
152.0
392.0
154.0
138.0
153.0
153.0
162.0
174.0
174.0
163.0
135.0
156.0
133.0
177.0
141.0
152.0
151.0
112.0
152.0
165.0
451.0
175.0
136.0
142.0
476.0
139.0
172.0
135.0
176.0
145.0
167.0
161.0
158.0
167.0
155.0
174.0
145.0
164.0
466.0
162.0
146.0
424.0
143.0
397.0
163.0
486.0
152.0
173.0
136.0
175.0
159.0
154.0
164.0
175.0
168.0
153.0
159.0
171.0
137.0
159.0
137.0
134.0
388.0
174.0
154.0
164.0
145.0
175.0
370.0
158.0
157.0
176.0
148.0
461.0
155.0
172.0
139.0
146.0
153.0
142.0
162.0
136.0
453.0
136.0
424.0
377.0
403.0
133.0
467.0
481.0
365.0
423.0
447.0
476.0
446.0
462.0
460.0
392.0
399.0
432.0
435.0
437.0
166.0
147.0
160.0
151.0
149.0
176.0
134.0
136.0
141.0
176.0
169.0
428.0
415.0
429.0
364.0
471.0
429.0
138.0
172.0
174.0
189.0
175.0
169.0
167.0
469.0
136.0
140.0
157.0
160.0
176.0
159.0
132.0
132.0
130.0
152.0
157.0
175.0
144.0
171.0
164.0
169.0
174.0
160.0
380.0
160.0
138.0
145.0
154.0
159.0
138.0
134.0
470.0
378.0
386.0
464.0
432.0
483.0
367.0
492.0
385.0
377.0
475.0
464.0
154.0
168.0
167.0
164.0
142.0
144.0
143.0
158.0
375.0
141.0
152.0
132.0
147.0
134.0
154.0
171.0
163.0
169.0
166.0
172.0
158.0
170.0
155.0
148.0
130.0
145.0
154.0
467.0
167.0
153.0
134.0
470.0
158.0
164.0
151.0
152.0
132.0
150.0
170.0
155.0
130.0
173.0
160.0
157.0
172.0
475.0
166.0
140.0
398.0
130.0
373.0
164.0
474.0
151.0
154.0
164.0
167.0
141.0
172.0
168.0
160.0
147.0
135.0
156.0
148.0
153.0
168.0
131.0
132.0
457.0
172.0
171.0
137.0
152.0
145.0
483.0
131.0
138.0
146.0
168.0
429.0
146.0
171.0
163.0
162.0
143.0
153.0
153.0
162.0
408.0
172.0
397.0
446.0
467.0
132.0
419.0
426.0
424.0
482.0
377.0
493.0
447.0
383.0
401.0
396.0
399.0
414.0
454.0
461.0
131.0
173.0
153.0
145.0
177.0
163.0
141.0
130.0
135.0
152.0
170.0
428.0
419.0
469.0
369.0
418.0
477.0
172.0
136.0
136.0
166.0
157.0
164.0
151.0
424.0
157.0
165.0
145.0
140.0
170.0
132.0
175.0
169.0
155.0
140.0
149.0
164.0
132.0
162.0
160.0
169.0
134.0
172.0
480.0
133.0
161.0
151.0
159.0
151.0
157.0
145.0
430.0
420.0
392.0
433.0
494.0
472.0
408.0
363.0
455.0
403.0
363.0
404.0
156.0
133.0
169.0
167.0
149.0
157.0
153.0
175.0
423.0
130.0
171.0
152.0
176.0
146.0
147.0
165.0
177.0
169.0
140.0
142.0
164.0
140.0
172.0
137.0
127.0
152.0
135.0
409.0
144.0
142.0
161.0
449.0
161.0
176.0
137.0
145.0
175.0
155.0
169.0
144.0
156.0
162.0
147.0
165.0
154.0
413.0
170.0
174.0
430.0
145.0
390.0
152.0
370.0
132.0
151.0
144.0
158.0
168.0
134.0
142.0
166.0
144.0
138.0
166.0
162.0
136.0
168.0
117.0
132.0
393.0
144.0
168.0
150.0
172.0
144.0
480.0
177.0
134.0
142.0
144.0
444.0
176.0
151.0
147.0
137.0
145.0
143.0
150.0
138.0
453.0
144.0
365.0
430.0
454.0
165.0
424.0
439.0
385.0
369.0
393.0
491.0
425.0
456.0
390.0
378.0
415.0
454.0
460.0
478.0
166.0
132.0
136.0
144.0
139.0
151.0
175.0
133.0
177.0
170.0
148.0
386.0
489.0
442.0
415.0
368.0
424.0
150.0
150.0
175.0
178.0
173.0
176.0
159.0
365.0
155.0
149.0
146.0
145.0
134.0
149.0
163.0
168.0
140.0
147.0
144.0
150.0
151.0
151.0
155.0
142.0
176.0
135.0
431.0
138.0
176.0
144.0
177.0
131.0
149.0
165.0
389.0
458.0
444.0
476.0
439.0
384.0
381.0
393.0
449.0
469.0
453.0
366.0
142.0
145.0
150.0
141.0
141.0
168.0
162.0
176.0
366.0
139.0
173.0
139.0
177.0
142.0
158.0
152.0
145.0
170.0
135.0
163.0
163.0
160.0
137.0
131.0
123.0
151.0
175.0
366.0
161.0
162.0
149.0
402.0
165.0
169.0
135.0
173.0
167.0
167.0
149.0
137.0
177.0
151.0
153.0
161.0
154.0
373.0
130.0
131.0
430.0
136.0
407.0
146.0
492.0
159.0
176.0
131.0
140.0
143.0
156.0
146.0
135.0
134.0
141.0
141.0
172.0
171.0
165.0
121.0
169.0
474.0
138.0
169.0
176.0
171.0
146.0
431.0
138.0
141.0
144.0
142.0
443.0
150.0
150.0
135.0
168.0
146.0
174.0
148.0
131.0
440.0
171.0
444.0
370.0
388.0
138.0
468.0
385.0
450.0
480.0
393.0
438.0
375.0
484.0
452.0
465.0
379.0
492.0
426.0
436.0
157.0
143.0
138.0
154.0
145.0
153.0
157.0
148.0
154.0
170.0
148.0
450.0
429.0
408.0
460.0
368.0
463.0
155.0
154.0
172.0
196.0
174.0
173.0
167.0
490.0
136.0
173.0
157.0
151.0
131.0
158.0
164.0
130.0
155.0
143.0
131.0
132.0
151.0
135.0
156.0
153.0
162.0
156.0
443.0
176.0
132.0
168.0
142.0
172.0
132.0
137.0
422.0
476.0
437.0
474.0
482.0
475.0
366.0
478.0
379.0
394.0
406.0
482.0
153.0
176.0
164.0
132.0
135.0
141.0
141.0
149.0
479.0
170.0
161.0
151.0
175.0
154.0
171.0
164.0
160.0
160.0
131.0
149.0
147.0
136.0
144.0
169.0
117.0
166.0
161.0
460.0
174.0
163.0
135.0
374.0
154.0
143.0
158.0
167.0
175.0
151.0
130.0
143.0
169.0
139.0
153.0
144.0
160.0
458.0
162.0
171.0
380.0
161.0
433.0
156.0
431.0
139.0
143.0
158.0
166.0
130.0
137.0
138.0
147.0
155.0
138.0
137.0
153.0
158.0
142.0
116.0
137.0
487.0
141.0
142.0
174.0
162.0
152.0
441.0
153.0
132.0
151.0
167.0
457.0
171.0
152.0
132.0
144.0
157.0
132.0
148.0
135.0
467.0
165.0
486.0
473.0
439.0
175.0
370.0
401.0
401.0
404.0
462.0
481.0
395.0
478.0
391.0
485.0
464.0
445.0
471.0
430.0
148.0
151.0
166.0
162.0
137.0
171.0
140.0
164.0
154.0
141.0
161.0
481.0
488.0
376.0
443.0
483.0
427.0
169.0
148.0
135.0
202.0
203.0
134.0
134.0
479.0
154.0
135.0
176.0
168.0
175.0
132.0
174.0
167.0
147.0
158.0
163.0
175.0
171.0
175.0
161.0
152.0
164.0
164.0
389.0
155.0
144.0
140.0
155.0
147.0
135.0
177.0
452.0
482.0
370.0
483.0
437.0
489.0
440.0
438.0
454.0
460.0
426.0
448.0
151.0
133.0
153.0
136.0
131.0
174.0
133.0
145.0
478.0
170.0
166.0
150.0
167.0
155.0
135.0
170.0
138.0
148.0
145.0
162.0
144.0
147.0
161.0
175.0
117.0
172.0
150.0
435.0
151.0
164.0
153.0
481.0
144.0
152.0
172.0
130.0
160.0
161.0
155.0
140.0
145.0
164.0
135.0
167.0
135.0
421.0
135.0
149.0
484.0
155.0
408.0
169.0
382.0
155.0
164.0
163.0
171.0
176.0
156.0
131.0
151.0
168.0
159.0
161.0
152.0
148.0
151.0
122.0
149.0
402.0
176.0
131.0
138.0
147.0
141.0
450.0
160.0
131.0
169.0
137.0
453.0
141.0
152.0
131.0
146.0
157.0
155.0
171.0
137.0
385.0
163.0
445.0
475.0
443.0
134.0
372.0
476.0
477.0
392.0
495.0
392.0
383.0
364.0
404.0
375.0
491.0
425.0
411.0
475.0
173.0
173.0
150.0
147.0
173.0
161.0
170.0
134.0
138.0
165.0
143.0
479.0
442.0
368.0
402.0
365.0
482.0
167.0
136.0
149.0
177.0
174.0
134.0
138.0
421.0
137.0
151.0
144.0
145.0
137.0
148.0
152.0
140.0
143.0
147.0
177.0
168.0
162.0
146.0
172.0
139.0
158.0
143.0
450.0
146.0
146.0
176.0
158.0
147.0
150.0
148.0
396.0
456.0
437.0
463.0
460.0
478.0
383.0
398.0
461.0
420.0
462.0
491.0
160.0
143.0
143.0
147.0
171.0
154.0
142.0
169.0
455.0
147.0
132.0
157.0
171.0
177.0
135.0
138.0
163.0
136.0
168.0
159.0
172.0
173.0
170.0
143.0
145.0
146.0
176.0
459.0
145.0
138.0
134.0
480.0
177.0
143.0
172.0
175.0
165.0
162.0
139.0
151.0
131.0
174.0
174.0
168.0
173.0
415.0
165.0
166.0
379.0
156.0
471.0
152.0
413.0
166.0
133.0
160.0
134.0
158.0
135.0
157.0
175.0
177.0
150.0
175.0
174.0
170.0
166.0
125.0
175.0
449.0
157.0
173.0
135.0
143.0
136.0
390.0
144.0
141.0
164.0
153.0
410.0
168.0
164.0
135.0
149.0
174.0
170.0
136.0
175.0
472.0
158.0
491.0
468.0
427.0
164.0
470.0
451.0
474.0
431.0
368.0
441.0
382.0
482.0
376.0
382.0
444.0
453.0
405.0
475.0
164.0
161.0
164.0
172.0
154.0
141.0
170.0
153.0
169.0
170.0
135.0
475.0
418.0
398.0
388.0
409.0
382.0
159.0
152.0
152.0
201.0
195.0
159.0
162.0
480.0
142.0
163.0
144.0
159.0
130.0
157.0
168.0
141.0
158.0
134.0
142.0
151.0
164.0
172.0
138.0
138.0
170.0
158.0
403.0
155.0
172.0
142.0
162.0
175.0
168.0
132.0
458.0
368.0
415.0
398.0
404.0
399.0
419.0
490.0
368.0
377.0
493.0
489.0
132.0
133.0
135.0
135.0
144.0
138.0
144.0
172.0
378.0
162.0
176.0
173.0
138.0
167.0
145.0
157.0
153.0
132.0
176.0
149.0
139.0
156.0
159.0
155.0
142.0
132.0
136.0
391.0
136.0
162.0
139.0
461.0
139.0
172.0
149.0
171.0
141.0
166.0
135.0
161.0
143.0
166.0
168.0
146.0
163.0
486.0
159.0
160.0
409.0
149.0
387.0
168.0
379.0
148.0
139.0
174.0
162.0
173.0
135.0
160.0
171.0
148.0
130.0
132.0
167.0
158.0
155.0
141.0
169.0
401.0
144.0
169.0
135.0
136.0
155.0
473.0
169.0
151.0
141.0
161.0
474.0
152.0
168.0
154.0
147.0
130.0
155.0
158.0
146.0
391.0
144.0
474.0
401.0
407.0
166.0
439.0
425.0
479.0
436.0
470.0
442.0
451.0
412.0
421.0
444.0
423.0
379.0
447.0
381.0
144.0
139.0
139.0
161.0
169.0
168.0
156.0
157.0
173.0
174.0
174.0
441.0
446.0
364.0
442.0
387.0
421.0
175.0
138.0
133.0
201.0
189.0
172.0
172.0
390.0
138.0
164.0
159.0
131.0
153.0
174.0
140.0
153.0
141.0
170.0
170.0
170.0
174.0
144.0
149.0
147.0
160.0
146.0
391.0
166.0
132.0
150.0
148.0
131.0
145.0
159.0
473.0
473.0
409.0
480.0
382.0
401.0
385.0
442.0
475.0
417.0
451.0
428.0
163.0
167.0
174.0
173.0
172.0
146.0
164.0
135.0
436.0
131.0
134.0
167.0
175.0
168.0
172.0
144.0
171.0
150.0
133.0
137.0
155.0
168.0
157.0
156.0
149.0
131.0
154.0
428.0
136.0
137.0
171.0
413.0
149.0
145.0
171.0
132.0
171.0
142.0
169.0
133.0
132.0
161.0
176.0
153.0
164.0
401.0
171.0
142.0
482.0
165.0
491.0
138.0
449.0
142.0
173.0
137.0
138.0
174.0
142.0
172.0
154.0
147.0
167.0
156.0
158.0
144.0
169.0
146.0
163.0
392.0
132.0
155.0
142.0
161.0
154.0
440.0
165.0
157.0
141.0
134.0
391.0
152.0
158.0
176.0
155.0
165.0
164.0
135.0
146.0
437.0
155.0
491.0
417.0
413.0
159.0
433.0
366.0
447.0
485.0
443.0
389.0
410.0
435.0
484.0
392.0
479.0
425.0
468.0
459.0
162.0
152.0
177.0
137.0
135.0
147.0
143.0
153.0
155.0
142.0
161.0
428.0
381.0
443.0
413.0
477.0
430.0
143.0
135.0
138.0
187.0
192.0
175.0
142.0
471.0
176.0
140.0
160.0
137.0
151.0
132.0
130.0
168.0
143.0
140.0
171.0
171.0
169.0
175.0
133.0
146.0
170.0
155.0
436.0
143.0
136.0
167.0
156.0
157.0
159.0
173.0
408.0
433.0
425.0
418.0
371.0
430.0
456.0
464.0
383.0
494.0
491.0
385.0
163.0
134.0
169.0
164.0
147.0
144.0
162.0
162.0
376.0
174.0
137.0
157.0
148.0
158.0
144.0
156.0
133.0
159.0
150.0
137.0
172.0
146.0
139.0
140.0
117.0
163.0
170.0
472.0
149.0
143.0
159.0
429.0
170.0
137.0
172.0
171.0
169.0
175.0
134.0
157.0
172.0
165.0
134.0
148.0
130.0
413.0
172.0
151.0
490.0
157.0
463.0
140.0
398.0
147.0
171.0
168.0
159.0
162.0
155.0
143.0
143.0
172.0
140.0
158.0
159.0
173.0
132.0
152.0
159.0
367.0
160.0
171.0
148.0
160.0
142.0
369.0
161.0
141.0
157.0
140.0
366.0
174.0
175.0
146.0
145.0
172.0
158.0
158.0
146.0
428.0
131.0
403.0
364.0
404.0
131.0
478.0
419.0
368.0
462.0
381.0
432.0
376.0
457.0
437.0
410.0
419.0
479.0
456.0
375.0
165.0
176.0
144.0
146.0
144.0
172.0
145.0
144.0
171.0
165.0
157.0
492.0
428.0
477.0
491.0
405.0
416.0
169.0
140.0
133.0
197.0
182.0
163.0
171.0
448.0
152.0
133.0
153.0
162.0
134.0
143.0
158.0
137.0
170.0
154.0
153.0
139.0
134.0
131.0
138.0
154.0
135.0
130.0
400.0
132.0
131.0
174.0
160.0
175.0
138.0
163.0
490.0
443.0
386.0
370.0
456.0
469.0
374.0
480.0
438.0
394.0
365.0
378.0
142.0
177.0
141.0
158.0
163.0
160.0
169.0
140.0
443.0
132.0
131.0
132.0
137.0
138.0
134.0
134.0
139.0
147.0
149.0
139.0
139.0
163.0
170.0
141.0
150.0
130.0
173.0
394.0
162.0
177.0
176.0
438.0
177.0
163.0
162.0
176.0
177.0
164.0
151.0
137.0
143.0
142.0
159.0
149.0
171.0
398.0
149.0
142.0
392.0
145.0
485.0
135.0
461.0
169.0
142.0
156.0
154.0
160.0
159.0
165.0
143.0
151.0
159.0
166.0
171.0
148.0
140.0
126.0
147.0
424.0
146.0
137.0
174.0
142.0
172.0
363.0
136.0
160.0
140.0
165.0
376.0
152.0
146.0
172.0
160.0
169.0
168.0
146.0
155.0
445.0
143.0
370.0
422.0
420.0
134.0
387.0
380.0
412.0
462.0
425.0
483.0
400.0
392.0
414.0
439.0
367.0
478.0
450.0
414.0
142.0
169.0
135.0
152.0
132.0
157.0
171.0
134.0
147.0
165.0
154.0
421.0
390.0
456.0
435.0
489.0
457.0
138.0
146.0
148.0
