I_BRKGA_178_6_25_10_CESP
178 6 25 495.0
61431.5
57052.5
59796.5
62768.5
59470.5
58113.5
59758.5
58028.5
55020.5
62372.5
61632.5
63337.5
59716.5
60607.5
53764.5
61903.5
56125.5
54056.5
56758.5
60606.5
57384.5
54667.5
58347.5
55433.5
62170.5
0.045315649676137514
0.03352826311845369
0.04422816799984279
0.03322770376051163
0.04427631276175174
0.0344827366729731
0.04657964953619112
0.03348657535573068
0.046589057817673814
0.03445825234997862
0.041806574516815964
0.033650993337034384
0.043452269415744156
0.03876879004104989
0.04103154752132597
0.03899633222101933
0.04605110257465843
0.03812464996460013
0.045417297709288686
0.03825612844691059
0.0445535897534806
0.03650893343583015
0.04684529930152362
0.035598243077250055
0.03476587963422351
109.0
114.0
114.0
110.0
122.0
127.0
2557.0
22.0
1261.0
1300.0
67.0
529.0
499.0
1350.0
36.0
533.0
119.0
192.0
48.0
320.0
248.0
373.0
61.0
302.0
222.0
464.0
216.0
1104.0
166.0
353.0
427.0
1265.0
2661.0
1028.0
1036.0
12.0
232.0
556.0
291.0
73.0
248.0
79.0
272.0
14.0
9.0
10.0
12.0
13.0
12.0
14.0
98.0
14.0
12.0
11.0
28.0
353.0
163.0
827.0
1376.0
548.0
352.0
1156.0
290.0
150.0
866.0
5163.0
5744.0
128.0
164.0
326.0
50.0
28.0
178.0
222.0
181.0
515.0
27.0
73.0
64.0
27.0
122.0
28.0
31.0
20.0
109.0
170.0
888.0
53.0
124.0
66.0
45.0
158.0
218.0
311.0
154.0
170.0
74.0
832.0
152.0
147.0
750.0
38.0
65.0
206.0
93.0
13.0
355.0
127.0
21.0
26.0
30.0
8.0
76.0
271.0
110.0
72.0
91.0
55.0
40.0
81.0
150.0
47.0
25.0
54.0
152.0
100.0
84.0
137.0
48.0
67.0
7.0
1598.0
55.0
111.0
54.0
44.0
606.0
844.0
120.0
1333.0
1063.0
25.0
119.0
111.0
255.0
6540.0
204.0
99.0
156.0
281.0
32.0
261.0
29.0
129.0
253.0
76.0
132.0
778.0
114.0
144.0
434.0
315.0
206.0
67.0
1203.0
127.0
115.0
70.0
89.0
112.0
19.0
254.0
191.0
354.0
167.0
39.0
70.0
50.0
191.0
223.0
302.0
192.0
815.0
1308.0
473.0
1263.0
34.0
529.0
116.0
175.0
45.0
337.0
246.0
389.0
61.0
312.0
216.0
497.0
214.0
1047.0
169.0
339.0
409.0
1297.0
2499.0
1008.0
1013.0
13.0
230.0
559.0
280.0
75.0
247.0
75.0
302.0
13.0
10.0
10.0
12.0
14.0
12.0
14.0
98.0
14.0
11.0
12.0
29.0
344.0
163.0
808.0
1287.0
574.0
355.0
1141.0
278.0
151.0
811.0
5433.0
5866.0
119.0
159.0
334.0
49.0
29.0
192.0
210.0
183.0
513.0
28.0
73.0
64.0
26.0
126.0
28.0
31.0
19.0
111.0
170.0
835.0
48.0
119.0
65.0
45.0
153.0
205.0
342.0
144.0
175.0
76.0
807.0
163.0
140.0
762.0
37.0
63.0
197.0
89.0
14.0
343.0
119.0
21.0
26.0
31.0
8.0
74.0
262.0
102.0
69.0
86.0
54.0
37.0
82.0
140.0
47.0
27.0
58.0
149.0
108.0
86.0
132.0
46.0
63.0
7.0
1505.0
55.0
112.0
55.0
46.0
645.0
823.0
121.0
1405.0
1131.0
26.0
117.0
115.0
251.0
6517.0
200.0
94.0
153.0
292.0
32.0
265.0
29.0
117.0
259.0
77.0
129.0
828.0
114.0
154.0
432.0
317.0
219.0
71.0
1279.0
131.0
125.0
67.0
85.0
120.0
20.0
248.0
194.0
354.0
158.0
37.0
70.0
49.0
192.0
237.0
305.0
199.0
857.0
1313.0
514.0
1282.0
33.0
513.0
110.0
176.0
47.0
334.0
247.0
364.0
58.0
311.0
215.0
461.0
207.0
1105.0
160.0
330.0
426.0
1382.0
2699.0
1003.0
976.0
13.0
212.0
542.0
274.0
71.0
233.0
82.0
272.0
14.0
10.0
10.0
12.0
13.0
12.0
14.0
92.0
14.0
12.0
11.0
27.0
362.0
159.0
783.0
1256.0
570.0
330.0
1109.0
295.0
152.0
854.0
5252.0
5866.0
124.0
171.0
304.0
50.0
27.0
181.0
226.0
183.0
523.0
28.0
73.0
66.0
26.0
120.0
28.0
32.0
19.0
111.0
162.0
817.0
52.0
129.0
62.0
42.0
153.0
205.0
310.0
144.0
159.0
70.0
839.0
162.0
153.0
730.0
35.0
63.0
202.0
94.0
13.0
339.0
121.0
20.0
24.0
30.0
8.0
73.0
264.0
112.0
71.0
88.0
55.0
41.0
83.0
141.0
47.0
26.0
57.0
157.0
109.0
80.0
139.0
48.0
62.0
7.0
1503.0
55.0
110.0
54.0
46.0
634.0
798.0
111.0
1433.0
1064.0
24.0
115.0
113.0
258.0
6238.0
213.0
95.0
161.0
297.0
33.0
267.0
28.0
122.0
252.0
82.0
138.0
765.0
119.0
150.0
451.0
314.0
223.0
70.0
1276.0
128.0
116.0
72.0
89.0
119.0
20.0
256.0
198.0
354.0
167.0
37.0
66.0
50.0
195.0
236.0
299.0
187.0
876.0
1277.0
509.0
1308.0
35.0
547.0
115.0
191.0
45.0
344.0
253.0
386.0
60.0
316.0
230.0
484.0
206.0
1035.0
172.0
333.0
442.0
1316.0
2579.0
1042.0
1025.0
13.0
215.0
539.0
294.0
73.0
245.0
76.0
282.0
14.0
10.0
10.0
11.0
13.0
12.0
14.0
98.0
14.0
12.0
12.0
29.0
369.0
163.0
772.0
1371.0
551.0
345.0
1126.0
291.0
151.0
873.0
5241.0
6023.0
122.0
166.0
308.0
51.0
29.0
187.0
222.0
194.0
487.0
26.0
74.0
64.0
27.0
116.0
27.0
33.0
19.0
113.0
168.0
902.0
50.0
126.0
64.0
43.0
161.0
213.0
323.0
150.0
170.0
76.0
862.0
168.0
148.0
758.0
36.0
64.0
195.0
92.0
14.0
349.0
127.0
21.0
25.0
32.0
8.0
73.0
271.0
110.0
73.0
89.0
58.0
41.0
85.0
147.0
49.0
26.0
57.0
153.0
111.0
81.0
138.0
48.0
66.0
7.0
1619.0
55.0
111.0
59.0
47.0
610.0
802.0
114.0
1415.0
1082.0
26.0
118.0
108.0
275.0
6702.0
200.0
100.0
155.0
299.0
31.0
280.0
29.0
118.0
245.0
78.0
138.0
789.0
113.0
150.0
429.0
310.0
212.0
65.0
1166.0
132.0
127.0
68.0
92.0
115.0
19.0
268.0
205.0
358.0
167.0
39.0
69.0
49.0
191.0
239.0
306.0
206.0
812.0
1285.0
516.0
1221.0
36.0
551.0
111.0
177.0
44.0
350.0
252.0
371.0
59.0
298.0
215.0
478.0
201.0
1106.0
164.0
351.0
418.0
1359.0
2584.0
1026.0
1025.0
13.0
225.0
522.0
289.0
74.0
233.0
79.0
276.0
14.0
10.0
10.0
11.0
14.0
12.0
14.0
93.0
14.0
11.0
12.0
29.0
372.0
158.0
789.0
1303.0
570.0
334.0
1091.0
293.0
152.0
826.0
5160.0
5781.0
127.0
173.0
308.0
51.0
28.0
185.0
208.0
190.0
488.0
27.0
75.0
63.0
27.0
119.0
28.0
31.0
19.0
116.0
176.0
874.0
49.0
126.0
67.0
42.0
155.0
206.0
311.0
142.0
161.0
70.0
869.0
156.0
147.0
786.0
38.0
64.0
202.0
94.0
13.0
330.0
129.0
20.0
26.0
31.0
8.0
70.0
265.0
106.0
69.0
84.0
55.0
40.0
87.0
146.0
46.0
26.0
53.0
149.0
103.0
84.0
134.0
48.0
64.0
7.0
1553.0
55.0
109.0
58.0
47.0
622.0
879.0
122.0
1439.0
1133.0
25.0
113.0
116.0
260.0
6841.0
214.0
95.0
155.0
296.0
33.0
268.0
29.0
123.0
260.0
82.0
135.0
775.0
119.0
152.0
462.0
313.0
224.0
66.0
1242.0
129.0
116.0
68.0
87.0
112.0
20.0
250.0
203.0
338.0
163.0
38.0
67.0
51.0
203.0
241.0
300.0
195.0
851.0
1277.0
470.0
1350.0
34.0
505.0
112.0
180.0
46.0
334.0
245.0
364.0
57.0
315.0
231.0
466.0
217.0
1075.0
168.0
329.0
417.0
1299.0
2672.0
1011.0
1022.0
13.0
212.0
513.0
278.0
74.0
245.0
79.0
273.0
14.0
10.0
10.0
12.0
14.0
12.0
13.0
99.0
14.0
12.0
12.0
29.0
359.0
162.0
810.0
1261.0
578.0
351.0
1095.0
290.0
155.0
860.0
5323.0
6024.0
121.0
157.0
308.0
51.0
28.0
194.0
210.0
192.0
500.0
27.0
78.0
62.0
26.0
124.0
28.0
32.0
19.0
115.0
163.0
850.0
52.0
128.0
65.0
46.0
156.0
203.0
342.0
155.0
165.0
74.0
856.0
165.0
139.0
797.0
38.0
66.0
215.0
90.0
14.0
327.0
121.0
21.0
26.0
30.0
8.0
73.0
275.0
113.0
67.0
90.0
55.0
40.0
81.0
152.0
48.0
26.0
55.0
150.0
101.0
82.0
136.0
45.0
64.0
7.0
1624.0
58.0
113.0
58.0
46.0
646.0
852.0
114.0
1314.0
1095.0
26.0
120.0
111.0
261.0
6662.0
206.0
93.0
158.0
296.0
30.0
267.0
28.0
121.0
245.0
77.0
137.0
794.0
121.0
153.0
432.0
309.0
220.0
69.0
1285.0
122.0
125.0
67.0
91.0
115.0
19.0
265.0
192.0
362.0
175.0
38.0
66.0
51.0
194.0
221.0
298.0
191.0
829.0
1248.0
519.0
1341.0
34.0
531.0
113.0
188.0
47.0
321.0
253.0
390.0
56.0
291.0
229.0
483.0
219.0
1091.0
157.0
349.0
415.0
1384.0
2616.0
1080.0
1027.0
12.0
224.0
558.0
275.0
70.0
233.0
79.0
280.0
14.0
10.0
10.0
12.0
13.0
11.0
14.0
97.0
14.0
12.0
12.0
27.0
352.0
160.0
801.0
1276.0
581.0
346.0
1094.0
298.0
156.0
862.0
5005.0
5739.0
131.0
165.0
330.0
49.0
29.0
176.0
221.0
179.0
496.0
27.0
79.0
62.0
26.0
128.0
28.0
33.0
19.0
111.0
162.0
883.0
51.0
129.0
67.0
45.0
166.0
214.0
337.0
147.0
174.0
75.0
829.0
159.0
139.0
734.0
38.0
64.0
207.0
96.0
14.0
324.0
120.0
20.0
25.0
32.0
8.0
75.0
264.0
110.0
73.0
91.0
57.0
40.0
83.0
145.0
48.0
26.0
54.0
164.0
105.0
81.0
127.0
46.0
62.0
7.0
1651.0
55.0
114.0
59.0
48.0
637.0
794.0
113.0
1363.0
1090.0
25.0
120.0
109.0
275.0
6231.0
203.0
96.0
154.0
286.0
31.0
287.0
29.0
124.0
238.0
78.0
129.0
775.0
115.0
149.0
462.0
297.0
210.0
66.0
1223.0
127.0
122.0
70.0
94.0
119.0
19.0
258.0
192.0
349.0
167.0
38.0
71.0
52.0
190.0
223.0
322.0
200.0
878.0
1228.0
515.0
1342.0
36.0
508.0
114.0
189.0
44.0
345.0
247.0
392.0
59.0
300.0
232.0
499.0
201.0
1113.0
157.0
338.0
430.0
1333.0
2635.0
1020.0
1037.0
13.0
231.0
506.0
290.0
70.0
230.0
75.0
272.0
14.0
10.0
10.0
12.0
14.0
12.0
14.0
92.0
14.0
12.0
12.0
27.0
340.0
171.0
786.0
1279.0
573.0
348.0
1114.0
278.0
150.0
871.0
5407.0
5840.0
119.0
157.0
306.0
51.0
29.0
185.0
211.0
179.0
531.0
26.0
77.0
67.0
25.0
120.0
27.0
31.0
20.0
113.0
174.0
890.0
51.0
126.0
62.0
43.0
154.0
215.0
327.0
142.0
163.0
75.0
841.0
162.0
149.0
761.0
35.0
64.0
214.0
89.0
13.0
324.0
125.0
21.0
25.0
30.0
8.0
70.0
253.0
109.0
73.0
91.0
55.0
38.0
81.0
142.0
45.0
26.0
57.0
156.0
110.0
80.0
134.0
47.0
65.0
7.0
1545.0
58.0
111.0
57.0
45.0
605.0
877.0
120.0
1328.0
1148.0
24.0
120.0
119.0
258.0
6467.0
211.0
100.0
158.0
283.0
32.0
262.0
28.0
122.0
252.0
78.0
137.0
825.0
112.0
148.0
421.0
325.0
213.0
70.0
1237.0
132.0
121.0
71.0
94.0
111.0
20.0
263.0
196.0
342.0
164.0
36.0
67.0
49.0
192.0
233.0
322.0
187.0
865.0
1224.0
473.0
1337.0
34.0
521.0
117.0
184.0
44.0
324.0
252.0
398.0
60.0
290.0
226.0
497.0
218.0
1042.0
157.0
324.0
448.0
1351.0
2564.0
1101.0
1011.0
12.0
227.0
554.0
272.0
70.0
235.0
75.0
280.0
14.0
10.0
10.0
12.0
13.0
12.0
13.0
98.0
14.0
12.0
12.0
29.0
359.0
173.0
781.0
1265.0
543.0
360.0
1157.0
287.0
159.0
823.0
5003.0
5905.0
118.0
160.0
305.0
48.0
28.0
190.0
215.0
182.0
517.0
28.0
79.0
64.0
27.0
127.0
29.0
32.0
20.0
118.0
170.0
844.0
51.0
126.0
65.0
45.0
161.0
217.0
313.0
149.0
175.0
74.0
809.0
165.0
141.0
769.0
37.0
64.0
197.0
95.0
13.0
356.0
124.0
21.0
25.0
31.0
8.0
76.0
262.0
106.0
68.0
83.0
54.0
38.0
85.0
154.0
46.0
25.0
54.0
158.0
107.0
84.0
135.0
46.0
66.0
7.0
1575.0
58.0
108.0
57.0
48.0
613.0
844.0
113.0
1356.0
1121.0
25.0
123.0
114.0
257.0
6243.0
204.0
96.0
164.0
280.0
31.0
284.0
30.0
127.0
257.0
76.0
132.0
806.0
120.0
154.0
434.0
308.0
205.0
70.0
1212.0
125.0
123.0
71.0
91.0
115.0
20.0
263.0
204.0
375.0
166.0
37.0
70.0
50.0
189.0
229.0
318.0
191.0
886.0
1207.0
493.0
1269.0
33.0
517.0
110.0
183.0
46.0
318.0
269.0
369.0
56.0
308.0
218.0
484.0
219.0
1087.0
156.0
338.0
429.0
1281.0
2544.0
1006.0
975.0
13.0
221.0
513.0
291.0
73.0
248.0
82.0
301.0
14.0
10.0
10.0
11.0
13.0
11.0
13.0
97.0
13.0
12.0
11.0
27.0
363.0
162.0
785.0
1282.0
566.0
359.0
1123.0
293.0
149.0
835.0
5080.0
5691.0
130.0
160.0
333.0
47.0
29.0
192.0
212.0
188.0
503.0
26.0
72.0
63.0
26.0
117.0
27.0
33.0
18.0
119.0
174.0
879.0
53.0
129.0
62.0
44.0
152.0
215.0
310.0
141.0
170.0
75.0
809.0
154.0
152.0
783.0
36.0
63.0
204.0
98.0
14.0
356.0
124.0
21.0
25.0
32.0
8.0
69.0
267.0
107.0
69.0
84.0
58.0
37.0
85.0
139.0
48.0
25.0
55.0
151.0
110.0
80.0
127.0
46.0
61.0
7.0
1664.0
57.0
111.0
56.0
45.0
619.0
820.0
122.0
1390.0
1087.0
24.0
114.0
108.0
263.0
6215.0
196.0
101.0
156.0
295.0
31.0
270.0
27.0
125.0
260.0
78.0
138.0
781.0
119.0
151.0
458.0
313.0
215.0
69.0
1271.0
132.0
121.0
71.0
92.0
118.0
18.0
253.0
207.0
359.0
169.0
36.0
68.0
50.0
191.0
241.0
316.0
196.0
877.0
1259.0
509.0
1234.0
33.0
515.0
118.0
181.0
47.0
348.0
258.0
367.0
57.0
314.0
220.0
495.0
216.0
1053.0
159.0
323.0
428.0
1331.0
2759.0
1065.0
1052.0
13.0
227.0
528.0
273.0
72.0
250.0
80.0
273.0
14.0
10.0
10.0
12.0
13.0
12.0
14.0
94.0
13.0
11.0
12.0
28.0
345.0
157.0
774.0
1299.0
566.0
361.0
1166.0
283.0
153.0
802.0
5267.0
5939.0
129.0
163.0
304.0
50.0
29.0
190.0
213.0
189.0
512.0
27.0
72.0
67.0
25.0
121.0
28.0
31.0
20.0
118.0
162.0
850.0
52.0
128.0
64.0
44.0
160.0
205.0
318.0
149.0
172.0
72.0
863.0
159.0
140.0
792.0
37.0
64.0
208.0
96.0
14.0
341.0
121.0
21.0
26.0
31.0
8.0
69.0
253.0
113.0
73.0
83.0
59.0
41.0
82.0
141.0
47.0
25.0
53.0
157.0
108.0
80.0
132.0
48.0
65.0
7.0
1598.0
59.0
113.0
56.0
48.0
625.0
825.0
114.0
1390.0
1116.0
25.0
116.0
109.0
256.0
6691.0
205.0
102.0
162.0
294.0
31.0
264.0
28.0
118.0
256.0
75.0
129.0
816.0
117.0
157.0
423.0
323.0
217.0
64.0
1189.0
122.0
115.0
69.0
89.0
115.0
19.0
265.0
202.0
360.0
168.0
39.0
70.0
50.0
187.0
241.0
299.0
188.0
845.0
1217.0
484.0
1330.0
33.0
506.0
109.0
193.0
48.0
321.0
269.0
381.0
59.0
314.0
234.0
480.0
200.0
1111.0
167.0
328.0
408.0
1275.0
2550.0
1091.0
980.0
13.0
222.0
552.0
288.0
76.0
245.0
81.0
299.0
14.0
10.0
10.0
12.0
13.0
12.0
13.0
96.0
13.0
12.0
12.0
29.0
344.0
168.0
778.0
1330.0
575.0
352.0
1196.0
288.0
154.0
827.0
5485.0
5533.0
131.0
169.0
307.0
51.0
28.0
183.0
208.0
177.0
500.0
27.0
75.0
63.0
27.0
118.0
28.0
32.0
19.0
114.0
172.0
862.0
52.0
124.0
66.0
43.0
155.0
205.0
323.0
142.0
165.0
75.0
863.0
157.0
138.0
744.0
38.0
65.0
201.0
92.0
14.0
326.0
118.0
20.0
25.0
30.0
8.0
76.0
250.0
109.0
71.0
90.0
55.0
40.0
88.0
148.0
46.0
27.0
57.0
156.0
109.0
87.0
129.0
47.0
62.0
7.0
1591.0
58.0
110.0
58.0
46.0
625.0
860.0
115.0
1401.0
1041.0
25.0
121.0
111.0
251.0
6175.0
216.0
99.0
164.0
295.0
32.0
286.0
29.0
121.0
254.0
81.0
136.0
793.0
116.0
148.0
449.0
300.0
207.0
67.0
1252.0
134.0
116.0
72.0
93.0
120.0
19.0
262.0
190.0
355.0
168.0
37.0
67.0
52.0
202.0
223.0
312.0
198.0
886.0
1326.0
502.0
1333.0
34.0
555.0
109.0
185.0
44.0
338.0
261.0
368.0
58.0
314.0
228.0
475.0
210.0
1094.0
167.0
330.0
447.0
1365.0
2683.0
1046.0
985.0
13.0
210.0
555.0
279.0
73.0
230.0
77.0
277.0
14.0
10.0
10.0
11.0
14.0
11.0
14.0
99.0
14.0
12.0
12.0
28.0
363.0
166.0
836.0
1375.0
583.0
333.0
1193.0
296.0
157.0
858.0
5458.0
5527.0
128.0
163.0
324.0
48.0
29.0
191.0
226.0
184.0
485.0
26.0
75.0
64.0
26.0
128.0
28.0
33.0
19.0
119.0
173.0
884.0
48.0
121.0
64.0
43.0
164.0
205.0
333.0
148.0
173.0
76.0
848.0
166.0
141.0
794.0
36.0
64.0
206.0
96.0
14.0
341.0
123.0
19.0
24.0
30.0
8.0
74.0
262.0
103.0
70.0
90.0
57.0
39.0
84.0
151.0
47.0
25.0
55.0
160.0
104.0
86.0
129.0
48.0
64.0
7.0
1663.0
59.0
108.0
57.0
48.0
652.0
804.0
117.0
1354.0
1125.0
26.0
122.0
108.0
251.0
6755.0
205.0
97.0
164.0
288.0
31.0
273.0
27.0
123.0
234.0
80.0
128.0
767.0
122.0
157.0
448.0
320.0
206.0
67.0
1254.0
126.0
126.0
70.0
92.0
121.0
19.0
259.0
196.0
351.0
174.0
36.0
66.0
50.0
197.0
229.0
309.0
206.0
833.0
1326.0
514.0
1344.0
36.0
505.0
110.0
187.0
47.0
339.0
246.0
376.0
57.0
315.0
224.0
464.0
203.0
1141.0
169.0
346.0
433.0
1351.0
2649.0
1108.0
998.0
12.0
217.0
539.0
270.0
75.0
234.0
77.0
282.0
14.0
10.0
10.0
12.0
14.0
12.0
14.0
98.0
14.0
12.0
12.0
29.0
371.0
173.0
805.0
1342.0
570.0
345.0
1106.0
286.0
159.0
829.0
5205.0
5941.0
130.0
163.0
321.0
46.0
29.0
176.0
214.0
191.0
534.0
28.0
78.0
66.0
27.0
117.0
27.0
31.0
20.0
118.0
171.0
848.0
48.0
126.0
61.0
44.0
153.0
210.0
337.0
142.0
165.0
71.0
811.0
156.0
146.0
733.0
38.0
61.0
207.0
93.0
13.0
327.0
125.0
20.0
25.0
32.0
8.0
76.0
277.0
108.0
69.0
89.0
56.0
40.0
85.0
144.0
47.0
27.0
53.0
150.0
106.0
87.0
139.0
48.0
63.0
7.0
1527.0
56.0
114.0
55.0
46.0
634.0
817.0
119.0
1430.0
1094.0
24.0
111.0
110.0
267.0
6587.0
199.0
101.0
166.0
274.0
30.0
274.0
29.0
127.0
246.0
79.0
129.0
799.0
117.0
152.0
457.0
317.0
209.0
66.0
1174.0
122.0
119.0
71.0
92.0
118.0
19.0
255.0
205.0
341.0
164.0
36.0
67.0
49.0
188.0
220.0
306.0
195.0
834.0
1264.0
518.0
1332.0
36.0
506.0
116.0
193.0
46.0
344.0
252.0
369.0
56.0
311.0
222.0
456.0
210.0
1039.0
169.0
339.0
428.0
1342.0
2717.0
1079.0
960.0
13.0
230.0
511.0
277.0
70.0
246.0
79.0
296.0
14.0
10.0
9.0
12.0
14.0
12.0
14.0
100.0
14.0
12.0
12.0
27.0
368.0
159.0
775.0
1285.0
573.0
345.0
1113.0
293.0
147.0
789.0
5129.0
5531.0
122.0
162.0
336.0
51.0
29.0
183.0
222.0
195.0
500.0
26.0
72.0
65.0
26.0
119.0
27.0
31.0
20.0
113.0
162.0
830.0
49.0
122.0
63.0
46.0
163.0
200.0
332.0
142.0
168.0
75.0
826.0
168.0
145.0
739.0
36.0
63.0
195.0
97.0
13.0
331.0
118.0
20.0
26.0
31.0
8.0
71.0
265.0
107.0
73.0
85.0
59.0
40.0
84.0
146.0
46.0
25.0
55.0
151.0
101.0
87.0
137.0
48.0
66.0
7.0
1538.0
55.0
113.0
54.0
46.0
611.0
816.0
112.0
1348.0
1142.0
26.0
111.0
119.0
261.0
6532.0
205.0
98.0
165.0
298.0
30.0
270.0
30.0
125.0
234.0
80.0
129.0
761.0
113.0
157.0
455.0
315.0
214.0
67.0
1198.0
128.0
115.0
68.0
86.0
115.0
20.0
267.0
205.0
339.0
159.0
38.0
70.0
50.0
190.0
221.0
311.0
187.0
840.0
1270.0
484.0
1337.0
35.0
544.0
112.0
193.0
44.0
351.0
264.0
365.0
61.0
320.0
220.0
467.0
203.0
1124.0
170.0
330.0
412.0
1266.0
2499.0
1005.0
953.0
12.0
221.0
516.0
279.0
74.0
230.0
75.0
302.0
14.0
10.0
9.0
11.0
14.0
12.0
14.0
91.0
13.0
12.0
12.0
28.0
365.0
172.0
766.0
1352.0
576.0
363.0
1180.0
272.0
157.0
855.0
4986.0
5839.0
130.0
159.0
334.0
47.0
28.0
187.0
217.0
183.0
485.0
27.0
79.0
66.0
27.0
121.0
27.0
32.0
19.0
111.0
178.0
862.0
50.0
120.0
66.0
42.0
156.0
217.0
333.0
146.0
171.0
69.0
822.0
157.0
138.0
736.0
35.0
61.0
215.0
94.0
14.0
344.0
127.0
19.0
26.0
31.0
8.0
70.0
259.0
109.0
70.0
88.0
56.0
38.0
81.0
141.0
48.0
25.0
53.0
153.0
103.0
79.0
126.0
46.0
64.0
7.0
1627.0
54.0
119.0
58.0
44.0
643.0
832.0
123.0
1359.0
1052.0
26.0
116.0
117.0
261.0
6765.0
205.0
101.0
157.0
295.0
33.0
286.0
28.0
121.0
242.0
80.0
130.0
773.0
124.0
159.0
453.0
309.0
209.0
65.0
1197.0
133.0
120.0
68.0
92.0
111.0
19.0
248.0
187.0
342.0
167.0
37.0
70.0
53.0
195.0
233.0
301.0
195.0
888.0
1241.0
473.0
1274.0
35.0
511.0
117.0
181.0
46.0
325.0
249.0
397.0
58.0
290.0
236.0
495.0
217.0
1138.0
167.0
334.0
421.0
1309.0
2543.0
1097.0
1008.0
13.0
229.0
542.0
270.0
72.0
247.0
77.0
291.0
13.0
9.0
10.0
12.0
14.0
12.0
13.0
100.0
13.0
11.0
12.0
27.0
341.0
170.0
834.0
1287.0
584.0
331.0
1125.0
293.0
144.0
869.0
5021.0
5861.0
130.0
165.0
323.0
47.0
27.0
188.0
223.0
192.0
529.0
27.0
76.0
65.0
27.0
128.0
27.0
31.0
19.0
109.0
172.0
829.0
51.0
124.0
63.0
43.0
157.0
218.0
323.0
147.0
162.0
71.0
813.0
166.0
146.0
774.0
35.0
64.0
215.0
96.0
14.0
340.0
127.0
20.0
25.0
29.0
8.0
70.0
255.0
107.0
71.0
89.0
59.0
40.0
89.0
150.0
49.0
26.0
55.0
149.0
111.0
81.0
139.0
45.0
61.0
7.0
1537.0
55.0
118.0
54.0
46.0
605.0
845.0
119.0
1371.0
1083.0
26.0
121.0
112.0
270.0
6346.0
207.0
99.0
156.0
297.0
33.0
281.0
28.0
125.0
258.0
79.0
140.0
775.0
112.0
153.0
432.0
328.0
215.0
66.0
1264.0
123.0
121.0
71.0
86.0
113.0
19.0
267.0
195.0
347.0
171.0
36.0
67.0
52.0
195.0
238.0
298.0
189.0
842.0
1216.0
486.0
1346.0
36.0
539.0
118.0
175.0
48.0
323.0
254.0
377.0
59.0
291.0
217.0
461.0
202.0
1092.0
164.0
322.0
415.0
1292.0
2531.0
1095.0
1056.0
12.0
229.0
513.0
278.0
74.0
239.0
74.0
299.0
13.0
10.0
10.0
12.0
14.0
11.0
13.0
98.0
14.0
11.0
12.0
28.0
361.0
162.0
808.0
1324.0
565.0
333.0
1143.0
282.0
151.0
790.0
4991.0
5863.0
123.0
166.0
330.0
50.0
28.0
187.0
226.0
193.0
492.0
26.0
74.0
67.0
27.0
125.0
27.0
33.0
20.0
112.0
166.0
865.0
52.0
123.0
61.0
46.0
154.0
200.0
341.0
155.0
169.0
74.0
885.0
167.0
138.0
723.0
38.0
60.0
211.0
89.0
13.0
351.0
125.0
21.0
25.0
30.0
8.0
76.0
254.0
105.0
68.0
84.0
59.0
40.0
87.0
145.0
47.0
25.0
56.0
150.0
105.0
83.0
137.0
44.0
67.0
7.0
1545.0
55.0
119.0
56.0
47.0
624.0
815.0
112.0
1328.0
1075.0
25.0
118.0
115.0
253.0
6591.0
205.0
96.0
167.0
288.0
33.0
272.0
28.0
124.0
252.0
83.0
130.0
802.0
113.0
151.0
430.0
317.0
218.0
68.0
1174.0
130.0
115.0
66.0
92.0
110.0
20.0
262.0
204.0
356.0
173.0
37.0
68.0
49.0
205.0
241.0
293.0
195.0
895.0
1325.0
472.0
1279.0
35.0
520.0
110.0
178.0
48.0
344.0
252.0
393.0
56.0
305.0
231.0
483.0
216.0
1045.0
162.0
337.0
443.0
1311.0
2719.0
1021.0
1032.0
13.0
233.0
556.0
284.0
74.0
249.0
78.0
286.0
14.0
10.0
10.0
11.0
13.0
11.0
14.0
98.0
13.0
12.0
12.0
27.0
373.0
173.0
839.0
1320.0
550.0
356.0
1182.0
277.0
155.0
858.0
5174.0
5782.0
131.0
166.0
308.0
51.0
28.0
185.0
206.0
186.0
529.0
28.0
77.0
67.0
27.0
119.0
27.0
33.0
19.0
110.0
170.0
843.0
51.0
128.0
62.0
46.0
154.0
212.0
317.0
153.0
165.0
72.0
817.0
153.0
147.0
777.0
37.0
66.0
212.0
91.0
14.0
344.0
127.0
21.0
24.0
32.0
8.0
69.0
277.0
111.0
68.0
88.0
57.0
41.0
88.0
145.0
45.0
27.0
53.0
152.0
105.0
87.0
134.0
45.0
65.0
7.0
1540.0
59.0
114.0
57.0
48.0
650.0
869.0
123.0
1366.0
1125.0
26.0
113.0
118.0
264.0
6227.0
215.0
101.0
166.0
284.0
33.0
270.0
29.0
122.0
243.0
79.0
132.0
819.0
116.0
145.0
419.0
321.0
212.0
68.0
1190.0
134.0
119.0
73.0
90.0
113.0
20.0
261.0
203.0
366.0
165.0
38.0
70.0
51.0
202.0
230.0
324.0
194.0
892.0
1203.0
480.0
1331.0
34.0
531.0
110.0
184.0
46.0
344.0
266.0
375.0
60.0
290.0
219.0
466.0
213.0
1054.0
160.0
329.0
433.0
1363.0
2624.0
1064.0
1038.0
13.0
226.0
556.0
267.0
70.0
236.0
75.0
280.0
14.0
10.0
9.0
12.0
13.0
12.0
14.0
94.0
14.0
12.0
11.0
28.0
361.0
169.0
825.0
1285.0
595.0
343.0
1090.0
281.0
148.0
852.0
5364.0
5550.0
122.0
168.0
303.0
48.0
28.0
185.0
210.0
193.0
506.0
27.0
77.0
61.0
26.0
118.0
29.0
32.0
19.0
113.0
168.0
862.0
53.0
122.0
65.0
43.0
160.0
213.0
337.0
149.0
161.0
73.0
886.0
163.0
147.0
767.0
35.0
65.0
208.0
97.0
14.0
339.0
117.0
20.0
26.0
32.0
8.0
70.0
255.0
110.0
68.0
91.0
54.0
38.0
89.0
143.0
47.0
25.0
56.0
160.0
105.0
79.0
137.0
48.0
67.0
7.0
1588.0
54.0
117.0
58.0
45.0
632.0
813.0
123.0
1345.0
1141.0
25.0
122.0
114.0
253.0
6632.0
197.0
101.0
163.0
279.0
31.0
262.0
29.0
127.0
260.0
83.0
138.0
811.0
117.0
148.0
439.0
300.0
206.0
67.0
1256.0
132.0
117.0
71.0
94.0
118.0
20.0
259.0
200.0
339.0
170.0
36.0
69.0
50.0
205.0
238.0
318.0
189.0
834.0
1312.0
506.0
1341.0
34.0
557.0
118.0
181.0
48.0
347.0
245.0
394.0
59.0
301.0
236.0
463.0
200.0
1118.0
165.0
337.0
418.0
1387.0
2624.0
1028.0
959.0
13.0
215.0
553.0
282.0
75.0
233.0
78.0
299.0
13.0
10.0
9.0
12.0
13.0
12.0
14.0
96.0
13.0
12.0
11.0
27.0
367.0
170.0
799.0
1342.0
568.0
350.0
1088.0
288.0
158.0
857.0
5117.0
5775.0
127.0
171.0
311.0
48.0
27.0
176.0
217.0
177.0
526.0
26.0
76.0
61.0
26.0
128.0
29.0
33.0
20.0
109.0
174.0
838.0
51.0
130.0
65.0
43.0
158.0
206.0
319.0
144.0
173.0
70.0
860.0
155.0
142.0
797.0
37.0
62.0
195.0
95.0
14.0
325.0
126.0
20.0
26.0
30.0
8.0
73.0
267.0
103.0
72.0
90.0
57.0
41.0
84.0
142.0
45.0
27.0
53.0
156.0
104.0
84.0
137.0
47.0
67.0
7.0
1585.0
58.0
119.0
58.0
47.0
615.0
839.0
113.0
1373.0
1092.0
24.0
112.0
113.0
253.0
6582.0
203.0
99.0
153.0
281.0
31.0
283.0
29.0
123.0
255.0
77.0
138.0
796.0
113.0
156.0
464.0
329.0
213.0
68.0
1197.0
127.0
118.0
67.0
94.0
111.0
19.0
265.0
190.0
347.0
163.0
39.0
68.0
51.0
199.0
229.0
293.0
186.0
834.0
1325.0
478.0
1242.0
35.0
525.0
109.0
187.0
44.0
329.0
255.0
368.0
61.0
304.0
228.0
462.0
200.0
1057.0
162.0
341.0
449.0
1336.0
2613.0
1052.0
1003.0
12.0
212.0
530.0
286.0
73.0
252.0
78.0
295.0
13.0
10.0
9.0
12.0
14.0
12.0
13.0
94.0
14.0
12.0
12.0
27.0
360.0
161.0
796.0
1287.0
569.0
332.0
1166.0
297.0
157.0
803.0
5407.0
5551.0
120.0
168.0
319.0
49.0
27.0
181.0
205.0
191.0
504.0
26.0
77.0
64.0
26.0
119.0
27.0
32.0
19.0
109.0
169.0
873.0
53.0
124.0
67.0
46.0
167.0
205.0
318.0
147.0
173.0
76.0
818.0
167.0
153.0
753.0
38.0
62.0
215.0
97.0
13.0
340.0
127.0
20.0
25.0
29.0
8.0
71.0
270.0
110.0
72.0
90.0
58.0
39.0
83.0
150.0
48.0
26.0
54.0
153.0
100.0
81.0
130.0
45.0
61.0
7.0
1551.0
56.0
112.0
54.0
46.0
652.0
854.0
123.0
1403.0
1141.0
26.0
121.0
117.0
254.0
6531.0
199.0
101.0
153.0
298.0
33.0
270.0
28.0
127.0
240.0
77.0
129.0
802.0
123.0
149.0
456.0
305.0
205.0
70.0
1199.0
123.0
119.0
69.0
92.0
111.0
20.0
259.0
195.0
351.0
162.0
36.0
66.0
51.0
203.0
223.0
321.0
186.0
864.0
1262.0
475.0
1255.0
35.0
523.0
120.0
190.0
45.0
322.0
253.0
366.0
56.0
298.0
222.0
477.0
215.0
1122.0
167.0
357.0
422.0
1368.0
2679.0
1076.0
1006.0
12.0
211.0
533.0
266.0
73.0
237.0
78.0
284.0
13.0
10.0
10.0
11.0
14.0
11.0
14.0
93.0
13.0
12.0
12.0
27.0
342.0
173.0
808.0
1322.0
546.0
338.0
1190.0
282.0
155.0
792.0
5276.0
5791.0
121.0
169.0
322.0
49.0
28.0
177.0
211.0
184.0
487.0
26.0
73.0
63.0
27.0
120.0
29.0
31.0
20.0
110.0
177.0
904.0
51.0
122.0
61.0
43.0
160.0
221.0
312.0
151.0
171.0
72.0
833.0
165.0
139.0
750.0
36.0
64.0
211.0
90.0
14.0
327.0
122.0
20.0
25.0
30.0
8.0
76.0
253.0
105.0
72.0
86.0
57.0
38.0
83.0
142.0
45.0
27.0
57.0
156.0
110.0
81.0
131.0
44.0
65.0
7.0
1594.0
57.0
108.0
59.0
46.0
634.0
812.0
123.0
1311.0
1128.0
25.0
118.0
119.0
258.0
6281.0
199.0
99.0
166.0
284.0
33.0
280.0
28.0
120.0
243.0
77.0
128.0
786.0
116.0
152.0
454.0
297.0
204.0
70.0
1279.0
129.0
115.0
67.0
90.0
120.0
18.0
272.0
201.0
344.0
162.0
37.0
70.0
49.0
201.0
218.0
308.0
199.0
859.0
1279.0
499.0
1338.0
33.0
523.0
110.0
189.0
44.0
319.0
259.0
376.0
59.0
305.0
216.0
473.0
217.0
1041.0
161.0
338.0
406.0
1295.0
2586.0
1049.0
986.0
13.0
217.0
515.0
283.0
72.0
251.0
81.0
285.0
13.0
10.0
9.0
11.0
14.0
12.0
14.0
100.0
14.0
12.0
12.0
27.0
362.0
164.0
831.0
1281.0
599.0
329.0
1095.0
291.0
156.0
839.0
5511.0
5489.0
122.0
165.0
334.0
49.0
29.0
187.0
217.0
193.0
508.0
27.0
75.0
63.0
25.0
120.0
27.0
30.0
20.0
109.0
167.0
826.0
51.0
126.0
62.0
45.0
155.0
212.0
335.0
150.0
168.0
75.0
815.0
155.0
150.0
770.0
37.0
62.0
202.0
90.0
13.0
353.0
122.0
20.0
24.0
32.0
8.0
70.0
253.0
112.0
67.0
86.0
55.0
38.0
87.0
144.0
49.0
25.0
54.0
158.0
107.0
85.0
127.0
47.0
63.0
7.0
1654.0
54.0
110.0
57.0
48.0
621.0
826.0
119.0
1334.0
1073.0
25.0
115.0
110.0
255.0
6826.0
213.0
96.0
160.0
279.0
32.0
282.0
29.0
128.0
253.0
78.0
132.0
829.0
116.0
157.0
456.0
303.0
223.0
69.0
1275.0
134.0
116.0
72.0
85.0
116.0
20.0
263.0
206.0
349.0
168.0
37.0
64.0
48.0
202.0
225.0
314.0
201.0
840.0
1216.0
499.0
1292.0
34.0
557.0
117.0
175.0
47.0
341.0
253.0
369.0
61.0
309.0
220.0
479.0
218.0
1103.0
160.0
324.0
409.0
1394.0
2672.0
1063.0
1053.0
13.0
231.0
517.0
283.0
76.0
237.0
80.0
288.0
14.0
10.0
10.0
12.0
14.0
12.0
13.0
100.0
13.0
11.0
12.0
27.0
346.0
168.0
799.0
1387.0
559.0
347.0
1088.0
292.0
151.0
856.0
5491.0
5657.0
119.0
167.0
313.0
46.0
28.0
191.0
208.0
186.0
516.0
26.0
79.0
66.0
26.0
121.0
29.0
31.0
20.0
117.0
177.0
900.0
49.0
125.0
61.0
45.0
155.0
216.0
333.0
148.0
174.0
72.0
870.0
156.0
141.0
770.0
36.0
65.0
199.0
89.0
13.0
323.0
118.0
21.0
25.0
32.0
8.0
71.0
277.0
113.0
69.0
83.0
59.0
39.0
81.0
140.0
45.0
27.0
54.0
164.0
100.0
79.0
136.0
45.0
65.0
7.0
1502.0
57.0
109.0
55.0
46.0
606.0
840.0
118.0
1318.0
1058.0
24.0
115.0
114.0
261.0
6741.0
214.0
98.0
162.0
272.0
30.0
275.0
30.0
127.0
250.0
80.0
132.0
780.0
122.0
159.0
461.0
311.0
213.0
66.0
1271.0
127.0
124.0
72.0
93.0
115.0
19.0
272.0
196.0
370.0
166.0
37.0
70.0
48.0
205.0
224.0
293.0
197.0
866.0
1306.0
169.0
193.0
150.0
174.0
369.0
172.0
136.0
166.0
170.0
161.0
132.0
134.0
141.0
160.0
159.0
171.0
175.0
164.0
174.0
151.0
141.0
139.0
139.0
469.0
135.0
175.0
158.0
166.0
132.0
161.0
157.0
429.0
455.0
399.0
414.0
488.0
419.0
434.0
473.0
442.0
453.0
445.0
427.0
134.0
163.0
155.0
160.0
155.0
176.0
149.0
132.0
411.0
147.0
147.0
175.0
137.0
176.0
131.0
138.0
168.0
137.0
158.0
176.0
131.0
173.0
174.0
143.0
150.0
135.0
152.0
418.0
142.0
134.0
155.0
382.0
143.0
131.0
160.0
132.0
132.0
136.0
162.0
144.0
165.0
165.0
131.0
157.0
165.0
386.0
139.0
143.0
462.0
177.0
429.0
166.0
448.0
168.0
164.0
132.0
151.0
134.0
164.0
130.0
139.0
139.0
166.0
149.0
158.0
133.0
169.0
149.0
134.0
481.0
132.0
150.0
148.0
169.0
139.0
443.0
161.0
167.0
175.0
134.0
375.0
153.0
138.0
168.0
142.0
163.0
150.0
165.0
164.0
488.0
164.0
461.0
468.0
410.0
171.0
467.0
395.0
443.0
394.0
494.0
415.0
453.0
434.0
411.0
372.0
394.0
378.0
469.0
388.0
160.0
170.0
132.0
176.0
135.0
154.0
158.0
134.0
151.0
144.0
163.0
396.0
385.0
485.0
488.0
487.0
392.0
145.0
139.0
152.0
182.0
206.0
159.0
150.0
371.0
154.0
148.0
142.0
131.0
170.0
135.0
153.0
155.0
135.0
130.0
170.0
176.0
139.0
152.0
152.0
158.0
163.0
162.0
441.0
138.0
151.0
143.0
164.0
175.0
130.0
174.0
378.0
367.0
453.0
367.0
492.0
478.0
393.0
398.0
457.0
465.0
365.0
484.0
141.0
144.0
145.0
145.0
139.0
133.0
146.0
160.0
409.0
156.0
163.0
133.0
172.0
155.0
166.0
170.0
132.0
148.0
132.0
177.0
148.0
162.0
145.0
155.0
146.0
149.0
155.0
429.0
137.0
169.0
145.0
382.0
143.0
131.0
130.0
135.0
131.0
148.0
135.0
153.0
131.0
167.0
168.0
175.0
158.0
375.0
145.0
151.0
408.0
136.0
413.0
137.0
411.0
161.0
164.0
159.0
152.0
156.0
152.0
148.0
173.0
147.0
148.0
151.0
142.0
138.0
149.0
125.0
164.0
372.0
148.0
159.0
167.0
173.0
158.0
411.0
135.0
137.0
140.0
161.0
390.0
167.0
148.0
134.0
169.0
170.0
142.0
132.0
162.0
486.0
132.0
388.0
445.0
439.0
139.0
416.0
412.0
463.0
494.0
492.0
438.0
439.0
429.0
370.0
438.0
479.0
410.0
414.0
423.0
160.0
170.0
132.0
131.0
134.0
160.0
160.0
167.0
134.0
157.0
137.0
390.0
379.0
466.0
409.0
473.0
478.0
175.0
156.0
172.0
180.0
168.0
141.0
152.0
473.0
167.0
150.0
160.0
136.0
165.0
145.0
172.0
139.0
158.0
140.0
161.0
131.0
151.0
171.0
137.0
140.0
136.0
171.0
424.0
165.0
148.0
157.0
164.0
176.0
159.0
162.0
484.0
490.0
411.0
439.0
438.0
417.0
399.0
372.0
391.0
463.0
424.0
474.0
159.0
149.0
149.0
136.0
136.0
131.0
158.0
141.0
427.0
143.0
174.0
177.0
136.0
160.0
151.0
131.0
160.0
135.0
159.0
172.0
130.0
165.0
159.0
131.0
149.0
160.0
147.0
389.0
135.0
161.0
173.0
383.0
148.0
174.0
155.0
135.0
138.0
135.0
175.0
169.0
155.0
162.0
140.0
140.0
171.0
370.0
134.0
154.0
484.0
137.0
418.0
167.0
472.0
157.0
146.0
140.0
138.0
167.0
153.0
134.0
150.0
162.0
169.0
137.0
138.0
161.0
138.0
115.0
130.0
373.0
139.0
148.0
174.0
147.0
177.0
414.0
171.0
164.0
158.0
156.0
416.0
166.0
145.0
163.0
167.0
156.0
151.0
158.0
137.0
394.0
165.0
391.0
390.0
467.0
174.0
439.0
484.0
475.0
376.0
459.0
488.0
438.0
413.0
441.0
483.0
488.0
472.0
449.0
450.0
136.0
132.0
160.0
138.0
158.0
176.0
161.0
165.0
141.0
132.0
157.0
442.0
444.0
429.0
413.0
372.0
394.0
161.0
138.0
130.0
169.0
168.0
158.0
132.0
409.0
160.0
136.0
171.0
170.0
149.0
156.0
160.0
157.0
134.0
144.0
138.0
150.0
137.0
167.0
160.0
169.0
140.0
162.0
465.0
175.0
139.0
174.0
171.0
162.0
162.0
168.0
373.0
433.0
450.0
405.0
466.0
410.0
470.0
484.0
377.0
427.0
397.0
398.0
167.0
147.0
150.0
145.0
170.0
143.0
144.0
141.0
377.0
145.0
156.0
164.0
136.0
171.0
170.0
172.0
148.0
147.0
164.0
164.0
159.0
172.0
161.0
163.0
138.0
173.0
139.0
387.0
150.0
150.0
146.0
449.0
145.0
177.0
159.0
171.0
173.0
160.0
144.0
154.0
141.0
161.0
170.0
174.0
177.0
449.0
168.0
132.0
483.0
143.0
373.0
156.0
442.0
165.0
175.0
173.0
174.0
173.0
131.0
162.0
166.0
156.0
166.0
155.0
145.0
141.0
161.0
139.0
168.0
431.0
130.0
155.0
134.0
172.0
168.0
376.0
137.0
154.0
146.0
140.0
494.0
145.0
146.0
160.0
140.0
159.0
134.0
161.0
141.0
474.0
146.0
473.0
492.0
385.0
149.0
461.0
418.0
411.0
452.0
382.0
438.0
461.0
368.0
469.0
431.0
410.0
446.0
471.0
442.0
162.0
146.0
147.0
131.0
151.0
133.0
132.0
151.0
148.0
134.0
146.0
392.0
379.0
425.0
478.0
408.0
389.0
158.0
147.0
151.0
168.0
181.0
156.0
145.0
366.0
145.0
159.0
161.0
167.0
164.0
154.0
135.0
157.0
175.0
163.0
174.0
166.0
148.0
166.0
167.0
148.0
140.0
136.0
392.0
135.0
166.0
131.0
144.0
146.0
164.0
169.0
375.0
452.0
432.0
392.0
368.0
376.0
465.0
381.0
457.0
425.0
402.0
459.0
175.0
175.0
144.0
173.0
168.0
168.0
162.0
174.0
468.0
156.0
155.0
142.0
174.0
147.0
142.0
159.0
135.0
140.0
176.0
136.0
155.0
138.0
133.0
158.0
117.0
175.0
131.0
445.0
154.0
152.0
134.0
383.0
154.0
133.0
177.0
145.0
159.0
158.0
141.0
173.0
173.0
162.0
157.0
132.0
131.0
459.0
142.0
144.0
423.0
154.0
478.0
172.0
379.0
153.0
141.0
152.0
137.0
172.0
130.0
156.0
143.0
165.0
176.0
172.0
176.0
171.0
174.0
149.0
166.0
477.0
174.0
152.0
176.0
151.0
132.0
380.0
171.0
153.0
136.0
137.0
386.0
139.0
134.0
158.0
132.0
160.0
158.0
135.0
150.0
472.0
159.0
463.0
382.0
392.0
160.0
437.0
488.0
373.0
482.0
461.0
472.0
383.0
474.0
485.0
487.0
451.0
428.0
445.0
379.0
158.0
169.0
170.0
170.0
157.0
174.0
166.0
175.0
177.0
162.0
152.0
456.0
398.0
410.0
448.0
487.0
378.0
141.0
150.0
138.0
175.0
165.0
167.0
140.0
493.0
174.0
145.0
155.0
150.0
170.0
141.0
148.0
166.0
158.0
170.0
152.0
154.0
136.0
131.0
159.0
154.0
167.0
142.0
474.0
158.0
133.0
143.0
166.0
175.0
132.0
161.0
378.0
454.0
418.0
409.0
463.0
369.0
455.0
443.0
483.0
389.0
391.0
420.0
175.0
161.0
160.0
152.0
138.0
159.0
151.0
144.0
444.0
173.0
154.0
135.0
150.0
140.0
154.0
157.0
163.0
167.0
133.0
145.0
160.0
132.0
171.0
134.0
129.0
145.0
169.0
457.0
142.0
132.0
151.0
446.0
145.0
176.0
165.0
138.0
167.0
145.0
144.0
131.0
176.0
165.0
155.0
169.0
152.0
444.0
133.0
153.0
416.0
146.0
473.0
165.0
460.0
131.0
152.0
139.0
176.0
143.0
169.0
167.0
156.0
165.0
168.0
145.0
176.0
165.0
176.0
135.0
154.0
373.0
152.0
141.0
169.0
158.0
138.0
425.0
130.0
161.0
145.0
133.0
471.0
137.0
171.0
151.0
132.0
168.0
144.0
157.0
157.0
485.0
166.0
404.0
375.0
489.0
163.0
392.0
364.0
409.0
408.0
461.0
449.0
432.0
459.0
458.0
371.0
403.0
374.0
426.0
473.0
159.0
170.0
166.0
168.0
166.0
154.0
152.0
160.0
142.0
142.0
176.0
424.0
380.0
470.0
400.0
400.0
417.0
140.0
152.0
164.0
193.0
173.0
140.0
139.0
447.0
153.0
142.0
175.0
177.0
173.0
172.0
134.0
150.0
163.0
149.0
168.0
169.0
152.0
153.0
158.0
139.0
163.0
139.0
449.0
160.0
177.0
145.0
139.0
130.0
171.0
163.0
406.0
438.0
478.0
400.0
431.0
475.0
434.0
447.0
478.0
406.0
487.0
431.0
174.0
167.0
142.0
155.0
154.0
144.0
153.0
173.0
457.0
155.0
138.0
137.0
155.0
144.0
167.0
172.0
142.0
130.0
140.0
146.0
160.0
149.0
153.0
132.0
151.0
142.0
155.0
491.0
174.0
159.0
166.0
494.0
141.0
143.0
163.0
150.0
151.0
159.0
133.0
134.0
136.0
145.0
175.0
135.0
158.0
387.0
166.0
150.0
484.0
139.0
432.0
158.0
450.0
168.0
151.0
160.0
158.0
166.0
170.0
164.0
158.0
130.0
173.0
132.0
140.0
159.0
166.0
123.0
167.0
467.0
133.0
151.0
175.0
133.0
170.0
468.0
175.0
166.0
148.0
151.0
401.0
176.0
151.0
165.0
143.0
155.0
137.0
147.0
168.0
389.0
133.0
488.0
413.0
442.0
156.0
441.0
367.0
468.0
419.0
428.0
469.0
440.0
412.0
454.0
494.0
464.0
456.0
443.0
387.0
134.0
150.0
167.0
168.0
160.0
160.0
139.0
172.0
162.0
171.0
168.0
489.0
433.0
463.0
414.0
431.0
446.0
135.0
173.0
156.0
160.0
178.0
158.0
163.0
458.0
154.0
172.0
148.0
135.0
138.0
163.0
169.0
172.0
169.0
165.0
173.0
149.0
150.0
166.0
136.0
171.0
147.0
133.0
373.0
176.0
132.0
162.0
157.0
160.0
173.0
167.0
485.0
436.0
383.0
442.0
385.0
492.0
419.0
450.0
386.0
448.0
403.0
391.0
136.0
165.0
143.0
136.0
161.0
160.0
153.0
161.0
420.0
144.0
158.0
170.0
153.0
139.0
146.0
152.0
135.0
157.0
174.0
162.0
144.0
161.0
177.0
133.0
114.0
147.0
176.0
412.0
135.0
173.0
141.0
410.0
162.0
145.0
171.0
157.0
148.0
130.0
154.0
168.0
166.0
134.0
145.0
162.0
151.0
414.0
174.0
157.0
413.0
130.0
400.0
172.0
413.0
176.0
141.0
142.0
135.0
142.0
165.0
140.0
140.0
159.0
170.0
159.0
131.0
149.0
166.0
136.0
148.0
446.0
167.0
172.0
139.0
140.0
166.0
363.0
171.0
156.0
161.0
139.0
487.0
144.0
132.0
163.0
140.0
176.0
161.0
146.0
152.0
449.0
155.0
420.0
413.0
466.0
148.0
480.0
415.0
378.0
471.0
464.0
443.0
392.0
483.0
441.0
455.0
477.0
405.0
411.0
485.0
155.0
160.0
177.0
146.0
160.0
170.0
154.0
166.0
148.0
136.0
155.0
423.0
382.0
390.0
420.0
387.0
478.0
138.0
161.0
145.0
157.0
169.0
171.0
139.0
394.0
153.0
161.0
159.0
151.0
137.0
158.0
162.0
140.0
166.0
144.0
165.0
147.0
152.0
133.0
157.0
142.0
145.0
139.0
392.0
143.0
139.0
176.0
150.0
131.0
139.0
137.0
399.0
444.0
430.0
376.0
392.0
372.0
456.0
383.0
430.0
474.0
481.0
482.0
169.0
165.0
156.0
141.0
158.0
177.0
159.0
153.0
421.0
133.0
148.0
132.0
145.0
155.0
139.0
143.0
168.0
135.0
168.0
151.0
147.0
165.0
149.0
136.0
127.0
139.0
130.0
432.0
160.0
153.0
142.0
376.0
142.0
157.0
160.0
173.0
147.0
151.0
152.0
157.0
133.0
132.0
154.0
148.0
151.0
443.0
170.0
142.0
443.0
177.0
419.0
162.0
492.0
155.0
145.0
148.0
157.0
143.0
168.0
169.0
166.0
159.0
164.0
162.0
167.0
162.0
157.0
133.0
177.0
382.0
149.0
171.0
162.0
137.0
163.0
368.0
132.0
155.0
150.0
158.0
406.0
157.0
133.0
138.0
150.0
135.0
157.0
132.0
156.0
416.0
133.0
474.0
458.0
403.0
140.0
374.0
465.0
460.0
406.0
441.0
467.0
396.0
444.0
471.0
468.0
408.0
405.0
463.0
364.0
166.0
147.0
175.0
146.0
133.0
136.0
161.0
157.0
173.0
138.0
148.0
453.0
388.0
365.0
396.0
372.0
460.0
161.0
165.0
167.0
166.0
156.0
131.0
174.0
462.0
168.0
176.0
165.0
162.0
170.0
140.0
143.0
152.0
134.0
134.0
157.0
131.0
176.0
144.0
158.0
167.0
149.0
167.0
424.0
174.0
166.0
167.0
168.0
144.0
168.0
143.0
398.0
451.0
467.0
409.0
386.0
446.0
466.0
379.0
413.0
432.0
422.0
396.0
155.0
157.0
153.0
132.0
136.0
160.0
158.0
176.0
432.0
136.0
156.0
174.0
143.0
169.0
176.0
148.0
130.0
166.0
164.0
162.0
136.0
160.0
173.0
169.0
132.0
133.0
139.0
416.0
167.0
159.0
163.0
486.0
171.0
174.0
166.0
145.0
176.0
166.0
142.0
149.0
174.0
138.0
154.0
177.0
132.0
363.0
154.0
146.0
418.0
148.0
433.0
152.0
435.0
133.0
177.0
159.0
167.0
154.0
136.0
156.0
170.0
147.0
140.0
168.0
149.0
156.0
172.0
150.0
156.0
385.0
142.0
142.0
160.0
174.0
152.0
465.0
169.0
169.0
137.0
153.0
388.0
137.0
133.0
168.0
151.0
146.0
148.0
175.0
150.0
485.0
166.0
489.0
492.0
473.0
142.0
368.0
494.0
451.0
423.0
460.0
430.0
445.0
419.0
405.0
406.0
438.0
434.0
475.0
428.0
175.0
137.0
145.0
154.0
172.0
155.0
160.0
144.0
150.0
172.0
143.0
367.0
481.0
376.0
483.0
457.0
370.0
155.0
153.0
168.0
205.0
162.0
149.0
142.0
377.0
171.0
164.0
138.0
148.0
152.0
164.0
150.0
156.0
174.0
137.0
142.0
149.0
134.0
176.0
161.0
133.0
146.0
148.0
369.0
167.0
154.0
163.0
149.0
133.0
160.0
176.0
368.0
450.0
443.0
453.0
458.0
486.0
450.0
363.0
438.0
374.0
392.0
363.0
136.0
146.0
168.0
145.0
159.0
161.0
159.0
170.0
492.0
176.0
149.0
160.0
151.0
172.0
151.0
166.0
172.0
138.0
174.0
146.0
158.0
166.0
169.0
156.0
150.0
174.0
149.0
406.0
164.0
172.0
162.0
434.0
174.0
174.0
154.0
142.0
169.0
174.0
143.0
163.0
133.0
172.0
133.0
131.0
147.0
447.0
138.0
174.0
376.0
130.0
366.0
164.0
454.0
135.0
133.0
146.0
166.0
158.0
174.0
159.0
146.0
162.0
144.0
159.0
156.0
168.0
130.0
141.0
165.0
489.0
142.0
144.0
173.0
168.0
151.0
418.0
165.0
163.0
141.0
151.0
464.0
165.0
156.0
156.0
154.0
160.0
144.0
173.0
151.0
387.0
130.0
457.0
401.0
386.0
165.0
365.0
476.0
443.0
491.0
491.0
437.0
378.0
410.0
377.0
396.0
377.0
406.0
453.0
364.0
136.0
145.0
141.0
132.0
140.0
165.0
170.0
172.0
151.0
133.0
167.0
409.0
494.0
483.0
432.0
392.0
379.0
157.0
145.0
153.0
163.0
186.0
168.0
150.0
434.0
160.0
144.0
142.0
164.0
173.0
169.0
164.0
158.0
167.0
177.0
140.0
136.0
136.0
144.0
175.0
130.0
175.0
146.0
443.0
149.0
136.0
139.0
142.0
147.0
170.0
174.0
424.0
476.0
392.0
472.0
378.0
406.0
384.0
490.0
382.0
402.0
413.0
382.0
141.0
151.0
146.0
149.0
140.0
137.0
139.0
151.0
469.0
144.0
146.0
174.0
166.0
134.0
130.0
141.0
161.0
133.0
171.0
143.0
173.0
152.0
171.0
157.0
140.0
160.0
156.0
399.0
174.0
145.0
161.0
421.0
146.0
175.0
164.0
140.0
153.0
136.0
130.0
171.0
137.0
175.0
132.0
134.0
149.0
383.0
149.0
166.0
418.0
171.0
459.0
131.0
451.0
159.0
132.0
159.0
138.0
172.0
164.0
160.0
177.0
145.0
176.0
135.0
175.0
149.0
147.0
131.0
152.0
389.0
173.0
140.0
174.0
153.0
175.0
444.0
170.0
145.0
146.0
154.0
494.0
130.0
133.0
137.0
176.0
166.0
146.0
170.0
136.0
484.0
154.0
469.0
463.0
491.0
156.0
407.0
457.0
399.0
492.0
450.0
408.0
489.0
383.0
437.0
369.0
408.0
462.0
467.0
472.0
132.0
163.0
135.0
173.0
153.0
161.0
135.0
135.0
151.0
133.0
153.0
420.0
376.0
398.0
377.0
412.0
404.0
145.0
141.0
163.0
173.0
170.0
167.0
161.0
446.0
155.0
148.0
176.0
135.0
152.0
154.0
133.0
163.0
169.0
139.0
152.0
141.0
135.0
133.0
132.0
148.0
175.0
145.0
469.0
155.0
160.0
156.0
146.0
170.0
151.0
176.0
372.0
373.0
465.0
446.0
492.0
392.0
378.0
467.0
415.0
455.0
389.0
420.0
130.0
164.0
138.0
158.0
145.0
143.0
153.0
174.0
379.0
159.0
168.0
170.0
157.0
140.0
136.0
130.0
138.0
163.0
135.0
132.0
162.0
147.0
177.0
170.0
135.0
160.0
168.0
457.0
173.0
150.0
167.0
385.0
149.0
165.0
131.0
150.0
139.0
173.0
176.0
161.0
162.0
165.0
132.0
151.0
143.0
378.0
167.0
146.0
375.0
171.0
378.0
143.0
465.0
131.0
159.0
138.0
131.0
173.0
132.0
177.0
162.0
143.0
149.0
148.0
134.0
169.0
135.0
124.0
156.0
463.0
156.0
142.0
165.0
130.0
157.0
424.0
145.0
151.0
171.0
157.0
446.0
140.0
156.0
135.0
162.0
172.0
172.0
153.0
175.0
404.0
155.0
439.0
364.0
489.0
143.0
364.0
426.0
431.0
400.0
423.0
389.0
368.0
448.0
371.0
448.0
423.0
395.0
425.0
449.0
164.0
152.0
134.0
144.0
165.0
148.0
159.0
146.0
171.0
145.0
133.0
441.0
425.0
462.0
451.0
381.0
373.0
144.0
147.0
146.0
156.0
159.0
174.0
175.0
453.0
167.0
169.0
163.0
137.0
159.0
147.0
149.0
176.0
139.0
162.0
144.0
167.0
143.0
168.0
137.0
138.0
146.0
163.0
429.0
159.0
164.0
172.0
166.0
148.0
164.0
146.0
420.0
439.0
452.0
460.0
409.0
424.0
390.0
485.0
481.0
397.0
436.0
429.0
156.0
173.0
168.0
169.0
133.0
177.0
132.0
164.0
421.0
150.0
176.0
171.0
140.0
163.0
158.0
148.0
168.0
167.0
167.0
154.0
135.0
137.0
131.0
174.0
121.0
139.0
159.0
421.0
151.0
142.0
175.0
483.0
156.0
176.0
175.0
167.0
131.0
162.0
151.0
156.0
140.0
173.0
153.0
169.0
170.0
426.0
148.0
134.0
491.0
160.0
408.0
146.0
364.0
131.0
177.0
173.0
151.0
170.0
165.0
148.0
158.0
132.0
146.0
149.0
133.0
162.0
162.0
142.0
142.0
477.0
169.0
171.0
169.0
160.0
177.0
475.0
171.0
168.0
156.0
167.0
425.0
168.0
159.0
144.0
165.0
168.0
168.0
150.0
153.0
464.0
133.0
470.0
378.0
384.0
155.0
467.0
433.0
439.0
391.0
364.0
370.0
423.0
456.0
450.0
440.0
427.0
391.0
410.0
442.0
161.0
163.0
142.0
161.0
171.0
164.0
131.0
154.0
155.0
166.0
168.0
384.0
461.0
419.0
368.0
376.0
478.0
146.0
173.0
170.0
182.0
183.0
136.0
160.0
417.0
153.0
161.0
151.0
153.0
132.0
132.0
130.0
149.0
140.0
154.0
161.0
142.0
153.0
156.0
166.0
170.0
167.0
138.0
392.0
141.0
162.0
164.0
155.0
148.0
136.0
176.0
375.0
473.0
387.0
373.0
478.0
482.0
382.0
410.0
446.0
471.0
397.0
376.0
143.0
172.0
174.0
174.0
134.0
151.0
174.0
146.0
474.0
140.0
141.0
151.0
132.0
153.0
150.0
132.0
176.0
175.0
159.0
154.0
133.0
148.0
160.0
149.0
143.0
151.0
166.0
392.0
146.0
134.0
136.0
398.0
155.0
156.0
167.0
146.0
162.0
130.0
132.0
155.0
163.0
132.0
151.0
161.0
144.0
458.0
155.0
172.0
394.0
133.0
411.0
165.0
366.0
169.0
141.0
146.0
146.0
135.0
146.0
169.0
147.0
150.0
135.0
133.0
148.0
165.0
152.0
123.0
172.0
484.0
148.0
133.0
151.0
167.0
150.0
364.0
156.0
143.0
176.0
177.0
493.0
159.0
158.0
155.0
146.0
162.0
165.0
133.0
133.0
443.0
146.0
370.0
459.0
449.0
154.0
363.0
464.0
451.0
373.0
372.0
443.0
442.0
469.0
471.0
385.0
393.0
431.0
370.0
493.0
166.0
143.0
134.0
152.0
132.0
164.0
163.0
135.0
156.0
174.0
167.0
449.0
425.0
415.0
388.0
417.0
420.0
134.0
157.0
148.0
193.0
196.0
131.0
169.0
376.0
130.0
169.0
148.0
153.0
132.0
171.0
130.0
138.0
146.0
131.0
134.0
150.0
134.0
135.0
170.0
142.0
148.0
169.0
454.0
141.0
173.0
136.0
174.0
151.0
165.0
155.0
431.0
438.0
428.0
436.0
398.0
402.0
396.0
414.0
481.0
399.0
489.0
390.0
174.0
138.0
133.0
132.0
137.0
165.0
156.0
166.0
383.0
177.0
130.0
176.0
143.0
159.0
169.0
153.0
133.0
155.0
142.0
134.0
160.0
143.0
152.0
149.0
112.0
177.0
132.0
390.0
142.0
131.0
155.0
444.0
160.0
133.0
172.0
166.0
151.0
130.0
141.0
137.0
144.0
152.0
165.0
151.0
164.0
433.0
137.0
169.0
421.0
171.0
460.0
173.0
366.0
153.0
132.0
164.0
142.0
134.0
165.0
157.0
160.0
133.0
176.0
160.0
139.0
136.0
159.0
132.0
175.0
406.0
133.0
137.0
176.0
135.0
144.0
381.0
134.0
151.0
163.0
164.0
396.0
132.0
154.0
149.0
153.0
162.0
141.0
143.0
168.0
469.0
141.0
438.0
398.0
456.0
134.0
491.0
436.0
452.0
488.0
404.0
420.0
387.0
434.0
419.0
478.0
382.0
454.0
469.0
493.0
149.0
163.0
176.0
171.0
146.0
159.0
171.0
177.0
134.0
148.0
156.0
484.0
456.0
439.0
377.0
396.0
429.0
176.0
157.0
139.0
162.0
163.0
140.0
138.0
433.0
144.0
148.0
149.0
169.0
174.0
136.0
138.0
140.0
154.0
167.0
154.0
169.0
155.0
157.0
142.0
137.0
171.0
130.0
470.0
176.0
163.0
139.0
137.0
145.0
160.0
172.0
462.0
435.0
487.0
400.0
440.0
488.0
476.0
428.0
400.0
433.0
457.0
488.0
139.0
158.0
140.0
170.0
174.0
152.0
169.0
175.0
435.0
149.0
163.0
134.0
148.0
155.0
176.0
133.0
161.0
156.0
160.0
173.0
164.0
138.0
160.0
172.0
147.0
167.0
138.0
404.0
142.0
177.0
133.0
414.0
133.0
148.0
143.0
155.0
132.0
148.0
168.0
168.0
138.0
168.0
143.0
155.0
172.0
387.0
176.0
142.0
398.0
140.0
471.0
152.0
377.0
135.0
145.0
166.0
162.0
149.0
149.0
164.0
165.0
148.0
130.0
131.0
171.0
158.0
142.0
116.0
157.0
480.0
137.0
149.0
143.0
171.0
171.0
420.0
156.0
165.0
133.0
172.0
479.0
138.0
170.0
141.0
131.0
144.0
142.0
142.0
167.0
388.0
152.0
371.0
419.0
427.0
137.0
364.0
433.0
454.0
421.0
465.0
455.0
464.0
442.0
447.0
420.0
455.0
425.0
414.0
390.0
143.0
133.0
165.0
155.0
141.0
130.0
130.0
149.0
159.0
157.0
149.0
454.0
474.0
464.0
400.0
494.0
480.0
151.0
143.0
146.0
189.0
178.0
173.0
166.0
406.0
158.0
141.0
142.0
145.0
145.0
165.0
131.0
137.0
173.0
150.0
176.0
147.0
164.0
168.0
161.0
135.0
175.0
134.0
409.0
151.0
168.0
135.0
165.0
135.0
164.0
163.0
458.0
389.0
494.0
391.0
484.0
447.0
490.0
472.0
386.0
459.0
440.0
446.0
136.0
145.0
146.0
156.0
149.0
166.0
145.0
131.0
403.0
136.0
142.0
142.0
166.0
163.0
170.0
138.0
143.0
164.0
154.0
136.0
167.0
171.0
149.0
169.0
141.0
159.0
154.0
390.0
175.0
132.0
133.0
393.0
142.0
147.0
153.0
172.0
134.0
137.0
159.0
158.0
160.0
153.0
139.0
132.0
163.0
490.0
161.0
139.0
379.0
159.0
433.0
166.0
372.0
140.0
147.0
154.0
169.0
142.0
166.0
148.0
153.0
164.0
170.0
171.0
147.0
161.0
159.0
131.0
177.0
463.0
158.0
137.0
146.0
158.0
175.0
488.0
143.0
155.0
176.0
138.0
412.0
132.0
150.0
134.0
138.0
131.0
159.0
169.0
163.0
454.0
154.0
472.0
407.0
451.0
169.0
387.0
412.0
446.0
452.0
473.0
426.0
443.0
376.0
392.0
400.0
450.0
486.0
483.0
451.0
166.0
147.0
150.0
150.0
168.0
152.0
138.0
147.0
147.0
153.0
142.0
384.0
422.0
446.0
437.0
421.0
418.0
157.0
144.0
167.0
196.0
157.0
135.0
173.0
445.0
150.0
143.0
176.0
167.0
144.0
157.0
166.0
136.0
165.0
172.0
155.0
150.0
133.0
166.0
145.0
166.0
161.0
148.0
383.0
156.0
156.0
146.0
166.0
142.0
169.0
175.0
407.0
491.0
401.0
391.0
417.0
469.0
364.0
366.0
413.0
389.0
457.0
411.0
168.0
155.0
136.0
138.0
157.0
145.0
158.0
153.0
455.0
152.0
165.0
177.0
144.0
161.0
131.0
170.0
130.0
151.0
141.0
161.0
160.0
151.0
150.0
176.0
127.0
147.0
134.0
421.0
154.0
145.0
175.0
457.0
131.0
146.0
139.0
165.0
156.0
175.0
174.0
174.0
171.0
152.0
131.0
145.0
161.0
402.0
168.0
166.0
379.0
144.0
487.0
173.0
473.0
134.0
132.0
146.0
144.0
171.0
147.0
130.0
133.0
130.0
158.0
136.0
146.0
159.0
177.0
116.0
152.0
482.0
137.0
173.0
154.0
164.0
132.0
383.0
143.0
173.0
139.0
130.0
380.0
147.0
146.0
142.0
145.0
157.0
163.0
152.0
140.0
422.0
160.0
474.0
383.0
446.0
160.0
424.0
364.0
392.0
448.0
490.0
460.0
382.0
393.0
427.0
401.0
401.0
397.0
491.0
487.0
136.0
168.0
169.0
162.0
159.0
160.0
155.0
145.0
150.0
159.0
173.0
436.0
485.0
426.0
476.0
477.0
404.0
139.0
175.0
141.0
153.0
201.0
143.0
132.0
382.0
157.0
141.0
156.0
155.0
165.0
136.0
165.0
169.0
137.0
130.0
164.0
157.0
157.0
176.0
157.0
145.0
148.0
168.0
459.0
174.0
170.0
173.0
130.0
131.0
136.0
150.0
478.0
492.0
472.0
439.0
480.0
365.0
473.0
415.0
479.0
387.0
469.0
370.0
170.0
145.0
146.0
131.0
138.0
153.0
131.0
146.0
366.0
136.0
156.0
177.0
165.0
137.0
169.0
175.0
163.0
164.0
162.0
153.0
134.0
148.0
156.0
176.0
122.0
162.0
150.0
486.0
172.0
159.0
162.0
401.0
130.0
157.0
164.0
135.0
158.0
152.0
163.0
139.0
148.0
135.0
147.0
137.0
172.0
414.0
140.0
140.0
372.0
159.0
390.0
161.0
493.0
176.0
168.0
150.0
145.0
131.0
144.0
168.0
165.0
171.0
137.0
166.0
146.0
143.0
155.0
135.0
169.0
445.0
166.0
173.0
173.0
133.0
146.0
365.0
151.0
166.0
138.0
147.0
479.0
138.0
165.0
153.0
143.0
131.0
160.0
169.0
132.0
371.0
152.0
367.0
485.0
489.0
140.0
477.0
491.0
494.0
436.0
470.0
441.0
398.0
437.0
485.0
492.0
428.0
494.0
426.0
392.0
171.0
175.0
157.0
140.0
149.0
165.0
166.0
173.0
162.0
130.0
138.0
480.0
375.0
467.0
487.0
472.0
477.0
164.0
162.0
158.0
176.0
195.0
154.0
142.0
370.0
138.0
171.0
166.0
167.0
149.0
167.0
146.0
175.0
153.0
169.0
134.0
174.0
160.0
160.0
168.0
173.0
157.0
166.0
416.0
170.0
157.0
140.0
149.0
169.0
135.0
133.0
394.0
422.0
366.0
473.0
419.0
379.0
381.0
456.0
476.0
404.0
492.0
449.0
168.0
131.0
132.0
174.0
138.0
139.0
159.0
168.0
419.0
167.0
140.0
143.0
174.0
160.0
140.0
138.0
172.0
150.0
176.0
170.0
170.0
146.0
163.0
155.0
135.0
143.0
136.0
483.0
132.0
159.0
132.0
425.0
139.0
130.0
175.0
166.0
149.0
158.0
137.0
161.0
151.0
159.0
165.0
131.0
143.0
433.0
171.0
168.0
413.0
166.0
457.0
130.0
494.0
173.0
147.0
137.0
168.0
134.0
154.0
160.0
167.0
157.0
153.0
150.0
145.0
176.0
138.0
129.0
160.0
446.0
166.0
148.0
152.0
134.0
157.0
365.0
145.0
154.0
135.0
131.0
433.0
159.0
143.0
166.0
153.0
162.0
147.0
136.0
146.0
384.0
137.0
469.0
369.0
436.0
154.0
448.0
473.0
389.0
366.0
404.0
404.0
377.0
444.0
391.0
445.0
420.0
405.0
386.0
453.0
158.0
158.0
164.0
140.0
158.0
166.0
167.0
134.0
176.0
156.0
130.0
411.0
382.0
480.0
411.0
469.0
434.0
136.0
149.0
176.0
174.0
195.0
148.0
135.0
393.0
138.0
155.0
141.0
156.0
156.0
152.0
150.0
131.0
163.0
133.0
138.0
143.0
132.0
145.0
134.0
137.0
176.0
155.0
433.0
130.0
146.0
147.0
168.0
145.0
175.0
140.0
384.0
473.0
411.0
397.0
448.0
467.0
483.0
366.0
426.0
398.0
408.0
371.0
159.0
151.0
138.0
154.0
160.0
150.0
155.0
148.0
366.0
166.0
150.0
171.0
163.0
136.0
155.0
136.0
139.0
161.0
170.0
132.0
160.0
153.0
130.0
147.0
113.0
145.0
172.0
475.0
133.0
145.0
130.0
430.0
135.0
130.0
169.0
132.0
131.0
132.0
161.0
171.0
145.0
159.0
137.0
164.0
158.0
429.0
151.0
151.0
379.0
148.0
428.0
152.0
383.0
142.0
171.0
134.0
161.0
142.0
151.0
167.0
170.0
162.0
164.0
171.0
135.0
155.0
139.0
124.0
160.0
444.0
165.0
164.0
173.0
132.0
155.0
426.0
148.0
169.0
170.0
163.0
428.0
158.0
134.0
166.0
160.0
130.0
165.0
131.0
165.0
373.0
174.0
415.0
433.0
447.0
138.0
476.0
471.0
456.0
376.0
470.0
389.0
397.0
423.0
385.0
491.0
493.0
457.0
417.0
420.0
164.0
167.0
131.0
156.0
171.0
134.0
135.0
170.0
170.0
161.0
176.0
495.0
427.0
393.0
386.0
400.0
485.0
140.0
133.0
138.0
163.0
176.0
175.0
159.0
474.0
159.0
164.0
153.0
138.0
143.0
167.0
172.0
172.0
146.0
151.0
155.0
143.0
163.0
165.0
130.0
139.0
159.0
142.0
414.0
155.0
152.0
164.0
149.0
174.0
157.0
131.0
420.0
473.0
455.0
410.0
437.0
381.0
465.0
424.0
365.0
398.0
474.0
371.0
148.0
139.0
143.0
133.0
149.0
161.0
162.0
136.0
418.0
176.0
136.0
166.0
161.0
167.0
164.0
172.0
130.0
170.0
151.0
151.0
171.0
166.0
167.0
170.0
120.0
131.0
171.0
383.0
139.0
132.0
169.0
365.0
161.0
172.0
160.0
140.0
149.0
166.0
172.0
134.0
141.0
168.0
176.0
138.0
134.0
433.0
159.0
173.0
449.0
168.0
384.0
145.0
414.0
158.0
155.0
166.0
169.0
159.0
174.0
148.0
156.0
156.0
176.0
173.0
142.0
166.0
152.0
136.0
167.0
410.0
134.0
176.0
131.0
134.0
169.0
364.0
133.0
169.0
130.0
159.0
493.0
130.0
171.0
135.0
141.0
156.0
148.0
131.0
151.0
414.0
162.0
463.0
368.0
392.0
137.0
447.0
377.0
404.0
422.0
428.0
419.0
417.0
413.0
467.0
424.0
390.0
482.0
491.0
469.0
167.0
158.0
154.0
150.0
175.0
139.0
172.0
159.0
160.0
136.0
143.0
435.0
416.0
391.0
365.0
467.0
370.0
171.0
172.0
143.0
196.0
181.0
168.0
155.0
396.0
134.0
149.0
176.0
160.0
158.0
173.0
177.0
158.0
162.0
131.0
169.0
156.0
170.0
152.0
147.0
168.0
153.0
135.0
450.0
149.0
162.0
140.0
163.0
167.0
131.0
147.0
438.0
432.0
440.0
403.0
391.0
461.0
393.0
451.0
413.0
390.0
391.0
379.0
149.0
169.0
161.0
157.0
135.0
144.0
145.0
161.0
439.0
134.0
166.0
140.0
134.0
131.0
173.0
171.0
135.0
132.0
156.0
166.0
138.0
175.0
137.0
168.0
121.0
148.0
146.0
441.0
158.0
135.0
154.0
415.0
160.0
151.0
171.0
167.0
173.0
147.0
155.0
142.0
145.0
167.0
155.0
150.0
154.0
480.0
132.0
137.0
426.0
152.0
365.0
136.0
409.0
168.0
177.0
140.0
160.0
154.0
175.0
152.0
142.0
139.0
151.0
142.0
161.0
132.0
133.0
138.0
142.0
475.0
153.0
147.0
141.0
156.0
143.0
370.0
160.0
167.0
143.0
173.0
364.0
172.0
146.0
174.0
133.0
146.0
166.0
169.0
144.0
424.0
151.0
370.0
410.0
364.0
169.0
369.0
438.0
365.0
397.0
444.0
395.0
480.0
492.0
426.0
391.0
449.0
377.0
477.0
488.0
170.0
149.0
133.0
146.0
155.0
152.0
138.0
163.0
147.0
163.0
148.0
469.0
455.0
428.0
461.0
486.0
369.0
172.0
137.0
139.0
189.0
163.0
168.0
160.0
470.0
135.0
158.0
132.0
133.0
144.0
148.0
140.0
163.0
156.0
155.0
136.0
133.0
172.0
159.0
157.0
153.0
144.0
140.0
477.0
176.0
173.0
163.0
164.0
171.0
133.0
136.0
461.0
410.0
376.0
381.0
440.0
402.0
374.0
426.0
380.0
442.0
364.0
487.0
144.0
159.0
170.0
153.0
170.0
171.0
154.0
174.0
468.0
143.0
171.0
152.0
136.0
153.0
139.0
177.0
169.0
140.0
156.0
170.0
154.0
165.0
147.0
156.0
120.0
155.0
169.0
457.0
131.0
137.0
130.0
483.0
162.0
160.0
176.0
155.0
142.0
136.0
135.0
167.0
165.0
145.0
145.0
142.0
168.0
370.0
139.0
167.0
404.0
142.0
364.0
160.0
429.0
169.0
137.0
132.0
147.0
148.0
159.0
173.0
140.0
165.0
138.0
168.0
139.0
168.0
176.0
144.0
141.0
493.0
135.0
135.0
168.0
154.0
165.0
463.0
142.0
142.0
168.0
154.0
486.0
160.0
138.0
152.0
133.0
139.0
132.0
175.0
138.0
430.0
164.0
480.0
451.0
468.0
145.0
424.0
452.0
392.0
461.0
386.0
404.0
459.0
388.0
380.0
369.0
381.0
367.0
417.0
465.0
159.0
159.0
176.0
166.0
166.0
158.0
138.0
157.0
135.0
165.0
131.0
461.0
440.0
384.0
461.0
440.0
388.0
164.0
140.0
158.0
