I_BRKGA_178_6_10_3_CESP
178 6 10 495.0
61113.5
54669.5
60810.5
61753.5
62422.5
56716.5
60130.5
61839.5
57437.5
61348.5
0.10815616885762802
0.08788284255185741
0.11354814447490513
0.0943209672767947
0.11436779250232335
0.08236423526588076
0.10109109820402121
0.09785502656682596
0.10694824579367097
0.09346547850609244
113.0
117.0
108.0
111.0
116.0
120.0
2557.0
22.0
1261.0
1300.0
67.0
529.0
472.0
1306.0
35.0
506.0
113.0
184.0
47.0
343.0
257.0
375.0
61.0
319.0
234.0
503.0
204.0
1098.0
161.0
356.0
425.0
1264.0
2617.0
1068.0
961.0
13.0
221.0
540.0
278.0
70.0
234.0
82.0
300.0
14.0
10.0
10.0
12.0
14.0
12.0
14.0
96.0
14.0
11.0
12.0
28.0
358.0
159.0
794.0
1318.0
553.0
360.0
1141.0
275.0
159.0
827.0
4984.0
5636.0
125.0
158.0
307.0
49.0
28.0
194.0
225.0
184.0
510.0
28.0
76.0
67.0
25.0
118.0
27.0
32.0
19.0
118.0
172.0
823.0
52.0
122.0
67.0
43.0
161.0
211.0
335.0
142.0
162.0
71.0
855.0
163.0
151.0
794.0
35.0
60.0
209.0
98.0
13.0
341.0
126.0
21.0
25.0
31.0
8.0
74.0
258.0
111.0
74.0
86.0
56.0
38.0
89.0
140.0
49.0
25.0
56.0
164.0
103.0
87.0
134.0
47.0
67.0
7.0
1519.0
57.0
119.0
59.0
48.0
615.0
802.0
112.0
1342.0
1134.0
26.0
114.0
114.0
256.0
6480.0
198.0
97.0
151.0
270.0
32.0
272.0
28.0
127.0
247.0
82.0
137.0
784.0
112.0
159.0
452.0
314.0
206.0
70.0
1229.0
132.0
116.0
69.0
90.0
118.0
20.0
270.0
201.0
372.0
167.0
39.0
67.0
49.0
195.0
241.0
300.0
190.0
826.0
1303.0
491.0
1275.0
34.0
533.0
115.0
190.0
46.0
341.0
249.0
400.0
61.0
306.0
220.0
496.0
200.0
1072.0
165.0
356.0
409.0
1339.0
2593.0
1098.0
1021.0
12.0
212.0
554.0
289.0
70.0
231.0
75.0
285.0
14.0
9.0
10.0
12.0
13.0
12.0
13.0
97.0
13.0
11.0
11.0
28.0
371.0
159.0
773.0
1349.0
596.0
353.0
1090.0
275.0
147.0
791.0
5183.0
5562.0
119.0
165.0
332.0
51.0
29.0
194.0
226.0
196.0
489.0
27.0
76.0
62.0
26.0
124.0
29.0
31.0
19.0
108.0
175.0
889.0
51.0
124.0
66.0
43.0
158.0
216.0
321.0
145.0
163.0
69.0
824.0
155.0
151.0
800.0
36.0
65.0
199.0
96.0
14.0
330.0
121.0
20.0
24.0
32.0
8.0
70.0
277.0
110.0
71.0
84.0
55.0
41.0
81.0
142.0
45.0
26.0
57.0
163.0
110.0
86.0
138.0
48.0
61.0
7.0
1556.0
59.0
116.0
57.0
44.0
656.0
798.0
121.0
1417.0
1134.0
25.0
116.0
110.0
252.0
6554.0
207.0
98.0
162.0
294.0
31.0
273.0
30.0
130.0
244.0
78.0
141.0
763.0
115.0
159.0
446.0
309.0
219.0
71.0
1180.0
134.0
120.0
68.0
87.0
114.0
20.0
253.0
193.0
364.0
175.0
38.0
70.0
52.0
206.0
226.0
304.0
191.0
814.0
1274.0
508.0
1339.0
36.0
524.0
112.0
186.0
44.0
331.0
249.0
388.0
60.0
316.0
233.0
477.0
210.0
1140.0
158.0
341.0
418.0
1277.0
2583.0
1021.0
1007.0
13.0
229.0
505.0
288.0
75.0
250.0
78.0
274.0
14.0
10.0
9.0
11.0
14.0
12.0
13.0
92.0
14.0
12.0
12.0
29.0
342.0
164.0
796.0
1355.0
561.0
358.0
1157.0
281.0
154.0
831.0
5431.0
5889.0
123.0
165.0
304.0
47.0
29.0
188.0
222.0
181.0
528.0
27.0
73.0
67.0
27.0
126.0
27.0
32.0
20.0
115.0
168.0
831.0
51.0
129.0
62.0
44.0
157.0
219.0
339.0
150.0
160.0
72.0
846.0
168.0
144.0
801.0
38.0
61.0
207.0
90.0
14.0
327.0
117.0
21.0
26.0
32.0
8.0
74.0
267.0
105.0
70.0
87.0
59.0
40.0
85.0
140.0
48.0
27.0
53.0
159.0
101.0
79.0
133.0
44.0
63.0
7.0
1665.0
56.0
117.0
56.0
48.0
641.0
845.0
114.0
1417.0
1066.0
26.0
121.0
112.0
253.0
6405.0
215.0
98.0
162.0
291.0
33.0
277.0
30.0
118.0
257.0
79.0
129.0
768.0
117.0
147.0
435.0
305.0
214.0
64.0
1243.0
128.0
125.0
73.0
89.0
118.0
20.0
259.0
190.0
345.0
172.0
38.0
69.0
50.0
194.0
223.0
297.0
202.0
878.0
1326.0
489.0
1283.0
35.0
544.0
109.0
179.0
48.0
324.0
261.0
377.0
58.0
293.0
233.0
460.0
207.0
1031.0
168.0
349.0
407.0
1323.0
2693.0
1081.0
1048.0
13.0
224.0
537.0
282.0
72.0
244.0
81.0
285.0
14.0
10.0
10.0
12.0
13.0
12.0
13.0
96.0
14.0
12.0
12.0
28.0
361.0
173.0
766.0
1375.0
583.0
353.0
1135.0
291.0
154.0
824.0
5444.0
5840.0
125.0
171.0
323.0
47.0
27.0
178.0
211.0
194.0
502.0
27.0
79.0
65.0
27.0
126.0
27.0
31.0
20.0
112.0
164.0
840.0
51.0
119.0
62.0
44.0
158.0
214.0
329.0
155.0
162.0
76.0
868.0
164.0
152.0
754.0
35.0
65.0
208.0
94.0
13.0
352.0
125.0
21.0
26.0
30.0
8.0
76.0
256.0
111.0
69.0
89.0
57.0
41.0
89.0
142.0
46.0
26.0
55.0
164.0
107.0
84.0
138.0
46.0
66.0
7.0
1612.0
58.0
114.0
59.0
47.0
596.0
843.0
123.0
1403.0
1078.0
26.0
123.0
118.0
254.0
6619.0
197.0
95.0
165.0
299.0
33.0
269.0
29.0
128.0
255.0
79.0
141.0
801.0
115.0
155.0
437.0
321.0
225.0
67.0
1215.0
129.0
118.0
73.0
89.0
122.0
20.0
264.0
190.0
344.0
168.0
39.0
66.0
48.0
203.0
229.0
312.0
190.0
824.0
1241.0
496.0
1291.0
34.0
518.0
113.0
179.0
45.0
330.0
259.0
393.0
56.0
305.0
233.0
478.0
199.0
1045.0
161.0
347.0
446.0
1362.0
2700.0
1040.0
964.0
13.0
228.0
548.0
290.0
75.0
235.0
78.0
276.0
14.0
10.0
10.0
12.0
14.0
12.0
14.0
94.0
14.0
12.0
12.0
29.0
363.0
162.0
832.0
1382.0
553.0
361.0
1109.0
277.0
146.0
814.0
5228.0
6033.0
123.0
164.0
336.0
48.0
27.0
181.0
206.0
178.0
531.0
27.0
73.0
63.0
26.0
119.0
27.0
30.0
19.0
109.0
172.0
903.0
50.0
120.0
62.0
44.0
159.0
202.0
331.0
147.0
164.0
74.0
811.0
161.0
141.0
787.0
37.0
66.0
214.0
89.0
13.0
329.0
119.0
21.0
26.0
30.0
8.0
76.0
277.0
103.0
68.0
86.0
55.0
37.0
81.0
147.0
46.0
25.0
53.0
158.0
101.0
86.0
137.0
47.0
62.0
7.0
1518.0
56.0
109.0
59.0
47.0
598.0
832.0
113.0
1369.0
1043.0
26.0
117.0
111.0
252.0
6746.0
198.0
102.0
164.0
293.0
31.0
270.0
30.0
126.0
252.0
83.0
138.0
778.0
115.0
148.0
439.0
304.0
218.0
68.0
1254.0
123.0
115.0
71.0
89.0
120.0
19.0
248.0
197.0
361.0
175.0
39.0
68.0
52.0
188.0
240.0
306.0
188.0
843.0
1317.0
469.0
1287.0
33.0
529.0
117.0
186.0
47.0
343.0
257.0
367.0
59.0
306.0
226.0
504.0
204.0
1110.0
172.0
354.0
419.0
1310.0
2761.0
1053.0
965.0
13.0
217.0
550.0
269.0
71.0
234.0
79.0
274.0
14.0
10.0
10.0
12.0
13.0
12.0
14.0
96.0
14.0
12.0
12.0
29.0
350.0
166.0
827.0
1329.0
587.0
362.0
1121.0
280.0
155.0
837.0
5278.0
5802.0
122.0
169.0
326.0
48.0
27.0
184.0
214.0
183.0
534.0
28.0
77.0
67.0
26.0
122.0
29.0
33.0
20.0
111.0
174.0
868.0
52.0
126.0
65.0
42.0
162.0
207.0
338.0
143.0
171.0
74.0
884.0
154.0
148.0
772.0
35.0
63.0
209.0
92.0
13.0
350.0
124.0
20.0
26.0
29.0
8.0
76.0
265.0
111.0
70.0
90.0
55.0
38.0
82.0
149.0
48.0
27.0
54.0
160.0
110.0
83.0
138.0
45.0
63.0
7.0
1523.0
54.0
115.0
54.0
47.0
627.0
856.0
121.0
1373.0
1085.0
25.0
118.0
110.0
275.0
6509.0
215.0
100.0
153.0
288.0
31.0
273.0
30.0
128.0
249.0
76.0
132.0
766.0
121.0
146.0
452.0
310.0
206.0
65.0
1258.0
130.0
117.0
67.0
88.0
120.0
19.0
255.0
206.0
375.0
167.0
38.0
70.0
52.0
204.0
221.0
324.0
187.0
895.0
1316.0
512.0
1247.0
34.0
506.0
112.0
183.0
44.0
334.0
264.0
386.0
60.0
320.0
231.0
490.0
203.0
1039.0
156.0
347.0
435.0
1386.0
2548.0
1037.0
985.0
13.0
222.0
541.0
281.0
73.0
230.0
77.0
280.0
14.0
9.0
10.0
12.0
14.0
11.0
14.0
96.0
13.0
12.0
12.0
27.0
358.0
168.0
768.0
1387.0
576.0
345.0
1079.0
292.0
149.0
853.0
5042.0
5852.0
120.0
167.0
332.0
51.0
27.0
176.0
206.0
177.0
492.0
27.0
78.0
64.0
26.0
125.0
28.0
30.0
20.0
112.0
166.0
889.0
52.0
127.0
62.0
44.0
154.0
209.0
325.0
145.0
159.0
71.0
867.0
165.0
139.0
723.0
36.0
62.0
197.0
97.0
14.0
328.0
117.0
20.0
25.0
29.0
8.0
69.0
258.0
110.0
73.0
85.0
56.0
41.0
85.0
144.0
48.0
25.0
57.0
154.0
105.0
84.0
139.0
44.0
66.0
7.0
1612.0
56.0
116.0
56.0
46.0
614.0
816.0
115.0
1441.0
1044.0
26.0
117.0
116.0
266.0
6367.0
213.0
100.0
155.0
280.0
32.0
272.0
28.0
117.0
238.0
82.0
136.0
788.0
114.0
145.0
443.0
309.0
222.0
70.0
1252.0
131.0
119.0
67.0
88.0
122.0
19.0
269.0
203.0
338.0
175.0
38.0
65.0
49.0
200.0
239.0
295.0
195.0
876.0
1205.0
512.0
1325.0
36.0
517.0
114.0
186.0
47.0
330.0
259.0
364.0
57.0
317.0
215.0
502.0
203.0
1075.0
158.0
345.0
437.0
1268.0
2714.0
1032.0
1015.0
12.0
230.0
535.0
285.0
70.0
254.0
75.0
278.0
14.0
10.0
10.0
11.0
14.0
11.0
14.0
99.0
14.0
12.0
11.0
29.0
342.0
170.0
781.0
1391.0
572.0
332.0
1094.0
283.0
158.0
867.0
5306.0
5645.0
128.0
166.0
327.0
50.0
28.0
194.0
208.0
186.0
532.0
27.0
73.0
64.0
25.0
126.0
29.0
33.0
20.0
108.0
164.0
850.0
49.0
122.0
67.0
45.0
165.0
216.0
317.0
154.0
165.0
71.0
827.0
153.0
142.0
740.0
38.0
64.0
201.0
96.0
13.0
339.0
121.0
21.0
26.0
29.0
8.0
72.0
259.0
105.0
72.0
87.0
56.0
40.0
88.0
143.0
45.0
25.0
58.0
160.0
107.0
81.0
132.0
47.0
66.0
7.0
1518.0
57.0
109.0
57.0
45.0
648.0
797.0
119.0
1414.0
1114.0
25.0
117.0
119.0
259.0
6234.0
203.0
94.0
160.0
296.0
31.0
261.0
29.0
124.0
236.0
78.0
130.0
833.0
117.0
157.0
439.0
323.0
207.0
69.0
1239.0
124.0
117.0
68.0
88.0
122.0
20.0
270.0
204.0
363.0
160.0
38.0
68.0
52.0
197.0
226.0
312.0
188.0
861.0
1213.0
508.0
1227.0
35.0
511.0
114.0
177.0
46.0
328.0
252.0
383.0
57.0
317.0
219.0
460.0
201.0
1080.0
161.0
331.0
417.0
1372.0
2695.0
1040.0
1035.0
12.0
216.0
527.0
273.0
71.0
241.0
76.0
292.0
14.0
10.0
10.0
12.0
14.0
12.0
13.0
99.0
14.0
12.0
12.0
29.0
375.0
167.0
802.0
1340.0
590.0
358.0
1135.0
276.0
146.0
836.0
5396.0
5609.0
125.0
172.0
306.0
51.0
27.0
187.0
209.0
183.0
516.0
26.0
77.0
66.0
27.0
123.0
27.0
33.0
20.0
116.0
173.0
850.0
52.0
129.0
61.0
44.0
161.0
213.0
330.0
140.0
159.0
72.0
864.0
168.0
147.0
799.0
36.0
62.0
209.0
91.0
14.0
323.0
121.0
20.0
25.0
32.0
8.0
76.0
257.0
108.0
69.0
91.0
56.0
40.0
81.0
143.0
48.0
25.0
53.0
153.0
109.0
79.0
129.0
45.0
62.0
7.0
1532.0
54.0
115.0
59.0
46.0
605.0
827.0
113.0
1371.0
1077.0
25.0
119.0
118.0
256.0
6807.0
212.0
94.0
164.0
281.0
30.0
280.0
29.0
120.0
246.0
82.0
135.0
800.0
113.0
146.0
433.0
319.0
207.0
69.0
1160.0
132.0
127.0
67.0
92.0
113.0
20.0
251.0
205.0
369.0
174.0
36.0
69.0
53.0
203.0
226.0
304.0
190.0
833.0
1288.0
468.0
1257.0
34.0
521.0
109.0
174.0
47.0
343.0
253.0
364.0
58.0
305.0
235.0
488.0
206.0
1039.0
162.0
341.0
434.0
1270.0
2743.0
1090.0
964.0
13.0
215.0
530.0
285.0
73.0
241.0
79.0
298.0
14.0
9.0
9.0
11.0
14.0
12.0
14.0
93.0
14.0
12.0
12.0
28.0
365.0
159.0
833.0
1333.0
587.0
329.0
1092.0
293.0
148.0
841.0
5005.0
5674.0
130.0
159.0
329.0
51.0
29.0
189.0
205.0
193.0
530.0
28.0
75.0
64.0
27.0
128.0
29.0
33.0
19.0
112.0
178.0
861.0
51.0
123.0
66.0
42.0
151.0
211.0
342.0
149.0
164.0
75.0
822.0
163.0
143.0
764.0
38.0
63.0
195.0
94.0
14.0
338.0
119.0
19.0
26.0
31.0
8.0
75.0
254.0
102.0
72.0
86.0
58.0
38.0
87.0
145.0
48.0
27.0
58.0
155.0
109.0
86.0
132.0
47.0
64.0
7.0
1573.0
57.0
109.0
59.0
47.0
603.0
874.0
116.0
1421.0
1095.0
26.0
122.0
115.0
270.0
6509.0
210.0
101.0
164.0
284.0
33.0
273.0
29.0
118.0
243.0
77.0
130.0
780.0
112.0
150.0
449.0
328.0
204.0
71.0
1255.0
126.0
126.0
68.0
91.0
115.0
19.0
248.0
196.0
368.0
166.0
39.0
67.0
49.0
192.0
225.0
314.0
200.0
867.0
1268.0
202.0
199.0
130.0
142.0
469.0
169.0
150.0
131.0
170.0
164.0
146.0
137.0
170.0
170.0
157.0
162.0
152.0
134.0
144.0
163.0
131.0
164.0
154.0
365.0
165.0
131.0
143.0
150.0
175.0
146.0
171.0
363.0
470.0
453.0
385.0
367.0
374.0
406.0
451.0
436.0
488.0
433.0
459.0
161.0
143.0
164.0
159.0
172.0
155.0
159.0
131.0
426.0
147.0
177.0
161.0
144.0
153.0
148.0
147.0
164.0
154.0
163.0
157.0
165.0
160.0
152.0
149.0
112.0
162.0
155.0
440.0
170.0
154.0
177.0
459.0
137.0
175.0
131.0
134.0
168.0
132.0
169.0
155.0
139.0
167.0
158.0
151.0
160.0
476.0
153.0
171.0
371.0
140.0
385.0
167.0
397.0
143.0
170.0
174.0
144.0
134.0
145.0
176.0
136.0
174.0
153.0
133.0
152.0
132.0
175.0
132.0
153.0
410.0
133.0
154.0
163.0
163.0
144.0
444.0
143.0
166.0
130.0
134.0
466.0
153.0
163.0
147.0
162.0
134.0
154.0
162.0
153.0
454.0
159.0
475.0
389.0
395.0
162.0
418.0
424.0
394.0
417.0
408.0
439.0
418.0
369.0
481.0
400.0
437.0
408.0
460.0
370.0
168.0
141.0
174.0
135.0
144.0
147.0
167.0
157.0
140.0
175.0
150.0
422.0
370.0
380.0
452.0
400.0
388.0
140.0
164.0
161.0
202.0
198.0
149.0
130.0
377.0
167.0
140.0
148.0
135.0
136.0
152.0
130.0
156.0
173.0
140.0
171.0
155.0
135.0
150.0
164.0
168.0
147.0
139.0
384.0
138.0
138.0
160.0
165.0
163.0
158.0
152.0
378.0
421.0
479.0
365.0
475.0
422.0
396.0
469.0
418.0
450.0
372.0
482.0
143.0
168.0
176.0
171.0
145.0
139.0
158.0
173.0
484.0
147.0
142.0
156.0
150.0
166.0
149.0
130.0
173.0
134.0
172.0
173.0
140.0
157.0
146.0
148.0
115.0
175.0
142.0
387.0
155.0
150.0
144.0
462.0
169.0
174.0
144.0
146.0
171.0
165.0
172.0
146.0
165.0
175.0
146.0
166.0
163.0
443.0
161.0
144.0
472.0
143.0
431.0
152.0
416.0
158.0
170.0
169.0
146.0
170.0
136.0
143.0
150.0
166.0
154.0
163.0
141.0
133.0
158.0
143.0
175.0
413.0
145.0
158.0
147.0
156.0
145.0
390.0
169.0
163.0
163.0
161.0
373.0
139.0
135.0
170.0
176.0
160.0
159.0
133.0
164.0
415.0
158.0
450.0
371.0
423.0
165.0
449.0
430.0
427.0
374.0
409.0
456.0
398.0
397.0
436.0
397.0
400.0
443.0
433.0
478.0
161.0
130.0
135.0
154.0
131.0
140.0
153.0
172.0
177.0
144.0
156.0
438.0
385.0
422.0
488.0
432.0
492.0
134.0
132.0
169.0
195.0
169.0
155.0
168.0
480.0
169.0
154.0
133.0
164.0
136.0
133.0
171.0
174.0
155.0
167.0
134.0
148.0
133.0
164.0
154.0
148.0
165.0
161.0
395.0
144.0
152.0
176.0
166.0
170.0
158.0
133.0
405.0
393.0
486.0
408.0
398.0
399.0
463.0
401.0
404.0
382.0
383.0
363.0
159.0
136.0
155.0
144.0
157.0
165.0
150.0
135.0
415.0
140.0
165.0
132.0
173.0
168.0
134.0
136.0
146.0
168.0
173.0
132.0
172.0
132.0
154.0
164.0
119.0
144.0
137.0
453.0
141.0
171.0
177.0
460.0
151.0
141.0
145.0
174.0
150.0
161.0
146.0
165.0
136.0
173.0
172.0
173.0
144.0
477.0
140.0
158.0
405.0
138.0
386.0
158.0
489.0
161.0
141.0
162.0
154.0
175.0
141.0
159.0
155.0
153.0
171.0
134.0
177.0
176.0
130.0
112.0
153.0
494.0
173.0
150.0
131.0
137.0
142.0
394.0
155.0
132.0
132.0
163.0
482.0
136.0
165.0
131.0
141.0
130.0
169.0
164.0
171.0
453.0
138.0
424.0
387.0
381.0
158.0
452.0
368.0
367.0
414.0
379.0
468.0
401.0
370.0
377.0
489.0
380.0
398.0
380.0
479.0
160.0
166.0
135.0
145.0
175.0
175.0
154.0
156.0
166.0
137.0
177.0
410.0
438.0
472.0
412.0
384.0
473.0
152.0
134.0
140.0
171.0
186.0
148.0
149.0
494.0
147.0
131.0
136.0
174.0
151.0
133.0
153.0
174.0
150.0
139.0
157.0
145.0
130.0
152.0
159.0
164.0
136.0
161.0
394.0
162.0
155.0
153.0
144.0
164.0
175.0
141.0
472.0
415.0
366.0
467.0
375.0
463.0
469.0
369.0
475.0
455.0
384.0
391.0
143.0
153.0
160.0
141.0
141.0
157.0
158.0
166.0
462.0
176.0
154.0
136.0
167.0
147.0
175.0
143.0
176.0
145.0
156.0
159.0
160.0
154.0
174.0
150.0
120.0
164.0
155.0
491.0
145.0
177.0
152.0
444.0
158.0
150.0
151.0
166.0
139.0
132.0
169.0
132.0
165.0
142.0
157.0
148.0
135.0
423.0
164.0
165.0
366.0
173.0
427.0
159.0
442.0
133.0
149.0
169.0
150.0
166.0
161.0
166.0
151.0
132.0
171.0
158.0
136.0
162.0
177.0
144.0
150.0
406.0
174.0
177.0
158.0
140.0
175.0
391.0
168.0
160.0
146.0
167.0
412.0
162.0
157.0
165.0
165.0
172.0
131.0
136.0
153.0
473.0
133.0
477.0
433.0
370.0
132.0
489.0
436.0
404.0
418.0
388.0
481.0
428.0
365.0
446.0
399.0
447.0
423.0
432.0
476.0
163.0
174.0
152.0
173.0
135.0
174.0
174.0
168.0
150.0
161.0
155.0
375.0
391.0
385.0
425.0
383.0
420.0
165.0
144.0
150.0
195.0
184.0
168.0
138.0
421.0
174.0
156.0
157.0
169.0
168.0
159.0
148.0
165.0
131.0
141.0
143.0
141.0
170.0
170.0
137.0
134.0
144.0
149.0
434.0
166.0
162.0
167.0
172.0
135.0
151.0
143.0
476.0
390.0
468.0
480.0
401.0
385.0
495.0
401.0
474.0
472.0
414.0
421.0
148.0
159.0
143.0
143.0
158.0
170.0
151.0
137.0
430.0
154.0
167.0
163.0
159.0
142.0
149.0
147.0
136.0
170.0
140.0
172.0
150.0
163.0
165.0
145.0
135.0
131.0
167.0
426.0
164.0
163.0
136.0
486.0
155.0
132.0
146.0
164.0
142.0
172.0
156.0
165.0
162.0
171.0
160.0
135.0
146.0
444.0
131.0
146.0
473.0
151.0
423.0
167.0
474.0
157.0
135.0
172.0
146.0
131.0
173.0
142.0
130.0
168.0
138.0
142.0
132.0
177.0
157.0
113.0
166.0
451.0
152.0
135.0
151.0
133.0
167.0
429.0
164.0
141.0
172.0
162.0
405.0
135.0
164.0
153.0
167.0
164.0
152.0
157.0
163.0
377.0
170.0
424.0
415.0
380.0
165.0
371.0
405.0
485.0
482.0
390.0
418.0
383.0
459.0
436.0
392.0
379.0
409.0
369.0
438.0
141.0
166.0
158.0
132.0
159.0
151.0
167.0
162.0
165.0
131.0
170.0
414.0
419.0
441.0
491.0
401.0
429.0
171.0
169.0
168.0
157.0
179.0
131.0
139.0
399.0
171.0
155.0
175.0
150.0
153.0
158.0
144.0
166.0
160.0
160.0
149.0
166.0
166.0
170.0
151.0
151.0
147.0
173.0
426.0
159.0
158.0
174.0
154.0
173.0
139.0
135.0
464.0
470.0
445.0
418.0
420.0
382.0
397.0
473.0
474.0
486.0
381.0
486.0
161.0
140.0
153.0
136.0
154.0
153.0
144.0
160.0
409.0
172.0
144.0
132.0
139.0
136.0
153.0
133.0
138.0
168.0
166.0
168.0
133.0
165.0
151.0
164.0
141.0
150.0
169.0
363.0
134.0
158.0
166.0
369.0
154.0
158.0
136.0
149.0
172.0
139.0
173.0
138.0
163.0
169.0
159.0
168.0
164.0
417.0
166.0
175.0
415.0
144.0
464.0
151.0
487.0
138.0
165.0
173.0
158.0
156.0
173.0
153.0
164.0
154.0
137.0
151.0
162.0
167.0
172.0
114.0
150.0
381.0
153.0
166.0
163.0
176.0
169.0
416.0
173.0
144.0
165.0
145.0
377.0
157.0
147.0
155.0
167.0
144.0
163.0
176.0
145.0
367.0
174.0
365.0
421.0
401.0
143.0
412.0
449.0
465.0
417.0
395.0
492.0
436.0
460.0
404.0
383.0
390.0
365.0
478.0
383.0
140.0
139.0
145.0
169.0
132.0
152.0
164.0
174.0
154.0
165.0
134.0
461.0
455.0
400.0
470.0
395.0
397.0
174.0
139.0
151.0
207.0
181.0
176.0
144.0
365.0
176.0
160.0
146.0
172.0
157.0
151.0
133.0
154.0
140.0
167.0
152.0
162.0
152.0
137.0
150.0
161.0
144.0
175.0
494.0
131.0
133.0
173.0
145.0
169.0
163.0
155.0
401.0
433.0
483.0
410.0
453.0
460.0
483.0
451.0
462.0
387.0
494.0
470.0
147.0
163.0
174.0
154.0
133.0
145.0
133.0
166.0
473.0
146.0
153.0
135.0
145.0
150.0
170.0
151.0
170.0
162.0
153.0
163.0
152.0
155.0
176.0
175.0
147.0
168.0
147.0
470.0
168.0
144.0
161.0
409.0
158.0
166.0
147.0
158.0
158.0
173.0
131.0
155.0
176.0
140.0
132.0
136.0
169.0
427.0
155.0
173.0
452.0
138.0
441.0
173.0
381.0
145.0
158.0
175.0
166.0
152.0
135.0
138.0
166.0
167.0
157.0
152.0
171.0
150.0
138.0
139.0
167.0
468.0
131.0
164.0
166.0
141.0
132.0
493.0
145.0
142.0
176.0
151.0
388.0
154.0
141.0
154.0
176.0
170.0
170.0
158.0
140.0
424.0
162.0
482.0
412.0
464.0
142.0
481.0
466.0
420.0
415.0
384.0
469.0
367.0
403.0
399.0
488.0
487.0
446.0
400.0
363.0
157.0
175.0
136.0
133.0
131.0
152.0
146.0
137.0
169.0
173.0
143.0
465.0
394.0
375.0
413.0
465.0
405.0
149.0
170.0
132.0
200.0
169.0
160.0
137.0
445.0
157.0
176.0
171.0
166.0
170.0
155.0
146.0
142.0
169.0
141.0
131.0
156.0
176.0
176.0
172.0
135.0
164.0
177.0
438.0
142.0
159.0
157.0
139.0
161.0
164.0
153.0
411.0
406.0
380.0
368.0
406.0
470.0
461.0
467.0
406.0
403.0
423.0
428.0
166.0
154.0
147.0
156.0
162.0
161.0
165.0
133.0
423.0
174.0
168.0
154.0
177.0
144.0
160.0
146.0
165.0
153.0
164.0
132.0
138.0
147.0
172.0
176.0
142.0
148.0
162.0
381.0
143.0
157.0
159.0
413.0
155.0
135.0
153.0
158.0
142.0
171.0
175.0
155.0
168.0
139.0
134.0
165.0
154.0
458.0
146.0
157.0
392.0
140.0
425.0
139.0
421.0
160.0
134.0
176.0
147.0
175.0
132.0
138.0
161.0
145.0
166.0
139.0
152.0
162.0
135.0
152.0
149.0
367.0
165.0
170.0
150.0
166.0
161.0
483.0
153.0
164.0
157.0
163.0
481.0
144.0
148.0
143.0
150.0
141.0
160.0
171.0
160.0
388.0
132.0
375.0
384.0
402.0
146.0
491.0
453.0
370.0
477.0
453.0
489.0
440.0
480.0
418.0
372.0
456.0
432.0
487.0
481.0
162.0
158.0
164.0
142.0
154.0
131.0
161.0
153.0
177.0
152.0
174.0
376.0
384.0
385.0
408.0
495.0
433.0
157.0
134.0
153.0
180.0
203.0
140.0
164.0
467.0
164.0
167.0
158.0
160.0
149.0
162.0
135.0
146.0
169.0
161.0
170.0
137.0
171.0
173.0
171.0
162.0
151.0
142.0
407.0
157.0
133.0
176.0
163.0
160.0
144.0
156.0
373.0
493.0
458.0
369.0
402.0
369.0
476.0
483.0
456.0
490.0
433.0
388.0
167.0
141.0
161.0
169.0
175.0
151.0
133.0
138.0
418.0
149.0
135.0
131.0
159.0
133.0
142.0
172.0
173.0
131.0
164.0
141.0
146.0
154.0
170.0
168.0
143.0
139.0
173.0
426.0
165.0
137.0
149.0
369.0
152.0
167.0
143.0
131.0
153.0
164.0
142.0
149.0
151.0
167.0
149.0
165.0
168.0
433.0
174.0
137.0
376.0
144.0
382.0
139.0
447.0
146.0
164.0
159.0
159.0
165.0
147.0
138.0
151.0
130.0
159.0
157.0
155.0
165.0
148.0
147.0
165.0
467.0
145.0
162.0
152.0
144.0
156.0
438.0
131.0
145.0
164.0
140.0
424.0
149.0
169.0
176.0
158.0
146.0
148.0
143.0
146.0
386.0
147.0
488.0
469.0
366.0
156.0
393.0
480.0
419.0
489.0
377.0
376.0
378.0
392.0
416.0
364.0
434.0
463.0
441.0
426.0
157.0
154.0
142.0
157.0
132.0
165.0
167.0
170.0
139.0
146.0
161.0
414.0
400.0
415.0
406.0
461.0
441.0
143.0
164.0
167.0
203.0
159.0
169.0
173.0
385.0
162.0
163.0
146.0
154.0
131.0
134.0
143.0
154.0
140.0
150.0
142.0
169.0
146.0
175.0
172.0
164.0
144.0
174.0
473.0
146.0
137.0
161.0
176.0
144.0
139.0
151.0
434.0
424.0
476.0
469.0
392.0
455.0
373.0
442.0
403.0
479.0
484.0
468.0
140.0
160.0
153.0
138.0
146.0
161.0
145.0
131.0
464.0
138.0
174.0
171.0
141.0
153.0
143.0
150.0
164.0
140.0
175.0
163.0
150.0
162.0
168.0
165.0
135.0
130.0
136.0
416.0
133.0
143.0
148.0
396.0
150.0
138.0
158.0
151.0
150.0
175.0
151.0
138.0
175.0
153.0
166.0
133.0
145.0
486.0
139.0
154.0
441.0
137.0
385.0
175.0
404.0
170.0
133.0
157.0
166.0
141.0
164.0
171.0
175.0
159.0
152.0
131.0
146.0
138.0
139.0
113.0
162.0
488.0
146.0
150.0
132.0
155.0
166.0
401.0
173.0
144.0
169.0
152.0
396.0
132.0
137.0
136.0
158.0
142.0
174.0
165.0
162.0
446.0
164.0
442.0
378.0
398.0
139.0
491.0
409.0
481.0
363.0
477.0
442.0
493.0
387.0
485.0
440.0
430.0
402.0
461.0
432.0
170.0
149.0
169.0
142.0
133.0
168.0
174.0
171.0
147.0
164.0
152.0
492.0
473.0
455.0
391.0
424.0
424.0
139.0
159.0
160.0
