I_BRKGA_178_6_30_10_CESP
178 6 30 495.0
54950.5
62964.5
55823.5
60862.5
57729.5
59667.5
61707.5
60989.5
57263.5
56308.5
62197.5
59475.5
61761.5
56412.5
58227.5
55198.5
53916.5
59834.5
61709.5
55397.5
55160.5
62010.5
56770.5
57512.5
63313.5
61273.5
57025.5
60269.5
63140.5
62428.5
0.03831206190705162
0.033044621821352226
0.038000805436815874
0.03251670182270786
0.0371536587157392
0.031668185787024135
0.0383605503298958
0.02952730202837253
0.03816703024726757
0.029473821739390844
0.03894719729618416
0.03164823103807139
0.03333922121894515
0.029591371228046982
0.03594680945112314
0.030015713216399082
0.034025885161381726
0.02719618112335406
0.0385304107505261
0.027111094684325612
0.03588393511263903
0.027744392689252953
0.038060765049451495
0.0311067002482252
0.033410245006493214
0.03175203090051838
0.038067825520552226
0.02837852034248913
0.03988331562090666
0.02313541450549661
122.0
122.0
128.0
116.0
120.0
115.0
2557.0
22.0
1261.0
1300.0
67.0
529.0
479.0
1276.0
34.0
509.0
111.0
187.0
45.0
332.0
246.0
397.0
61.0
307.0
231.0
465.0
214.0
1116.0
164.0
330.0
428.0
1318.0
2749.0
1008.0
1056.0
12.0
227.0
512.0
286.0
73.0
236.0
81.0
279.0
14.0
10.0
10.0
12.0
13.0
11.0
14.0
94.0
14.0
11.0
12.0
29.0
352.0
158.0
799.0
1262.0
596.0
341.0
1192.0
289.0
154.0
808.0
5150.0
5969.0
126.0
173.0
309.0
49.0
28.0
189.0
216.0
188.0
494.0
28.0
78.0
62.0
26.0
119.0
27.0
30.0
19.0
111.0
169.0
854.0
52.0
126.0
65.0
42.0
154.0
210.0
342.0
146.0
162.0
76.0
876.0
165.0
146.0
775.0
35.0
66.0
200.0
89.0
14.0
341.0
125.0
20.0
24.0
30.0
8.0
72.0
267.0
103.0
73.0
87.0
57.0
41.0
89.0
148.0
47.0
26.0
53.0
151.0
105.0
81.0
138.0
48.0
61.0
7.0
1570.0
55.0
108.0
56.0
45.0
619.0
858.0
123.0
1352.0
1074.0
26.0
113.0
110.0
273.0
6331.0
202.0
95.0
155.0
278.0
33.0
278.0
30.0
118.0
234.0
76.0
140.0
832.0
113.0
149.0
451.0
324.0
210.0
66.0
1161.0
124.0
120.0
68.0
89.0
120.0
19.0
262.0
199.0
349.0
168.0
38.0
70.0
50.0
191.0
241.0
320.0
193.0
887.0
1303.0
497.0
1284.0
33.0
548.0
119.0
192.0
45.0
328.0
262.0
391.0
60.0
306.0
236.0
499.0
206.0
1104.0
161.0
333.0
445.0
1352.0
2674.0
1069.0
1049.0
12.0
233.0
524.0
279.0
74.0
231.0
77.0
274.0
14.0
10.0
9.0
12.0
14.0
12.0
14.0
95.0
13.0
11.0
12.0
28.0
357.0
170.0
815.0
1299.0
566.0
349.0
1092.0
295.0
159.0
837.0
5002.0
5896.0
123.0
172.0
304.0
50.0
27.0
189.0
226.0
186.0
481.0
28.0
74.0
67.0
27.0
124.0
29.0
33.0
19.0
108.0
171.0
880.0
52.0
125.0
63.0
44.0
155.0
221.0
321.0
149.0
175.0
73.0
832.0
166.0
142.0
757.0
36.0
60.0
210.0
93.0
14.0
322.0
125.0
21.0
25.0
30.0
8.0
70.0
253.0
103.0
68.0
91.0
57.0
38.0
88.0
151.0
49.0
25.0
53.0
153.0
103.0
82.0
139.0
44.0
61.0
7.0
1562.0
58.0
118.0
55.0
48.0
655.0
830.0
123.0
1419.0
1057.0
24.0
123.0
109.0
262.0
6398.0
209.0
96.0
162.0
277.0
33.0
260.0
29.0
124.0
248.0
81.0
136.0
760.0
122.0
145.0
441.0
317.0
217.0
66.0
1232.0
129.0
126.0
67.0
89.0
120.0
19.0
256.0
202.0
371.0
172.0
38.0
66.0
53.0
200.0
234.0
297.0
193.0
816.0
1243.0
491.0
1340.0
33.0
526.0
118.0
180.0
46.0
327.0
254.0
370.0
61.0
318.0
225.0
502.0
212.0
1099.0
157.0
350.0
447.0
1320.0
2726.0
1089.0
1056.0
13.0
227.0
527.0
271.0
71.0
250.0
76.0
291.0
13.0
10.0
10.0
11.0
13.0
12.0
13.0
98.0
14.0
11.0
12.0
29.0
375.0
166.0
790.0
1352.0
561.0
350.0
1159.0
297.0
147.0
817.0
5420.0
5552.0
122.0
167.0
310.0
51.0
28.0
188.0
223.0
179.0
495.0
26.0
79.0
64.0
26.0
116.0
27.0
32.0
19.0
113.0
164.0
821.0
51.0
125.0
66.0
46.0
167.0
202.0
319.0
148.0
159.0
71.0
810.0
153.0
142.0
784.0
37.0
63.0
196.0
91.0
13.0
339.0
129.0
20.0
24.0
31.0
8.0
76.0
269.0
103.0
72.0
87.0
59.0
38.0
88.0
142.0
48.0
26.0
56.0
152.0
108.0
79.0
129.0
48.0
64.0
7.0
1650.0
59.0
113.0
58.0
46.0
613.0
807.0
117.0
1402.0
1145.0
24.0
121.0
108.0
260.0
6588.0
207.0
102.0
160.0
290.0
31.0
284.0
28.0
119.0
242.0
82.0
138.0
769.0
115.0
157.0
443.0
326.0
217.0
68.0
1205.0
127.0
123.0
70.0
94.0
122.0
20.0
246.0
204.0
352.0
169.0
37.0
69.0
53.0
187.0
223.0
301.0
190.0
894.0
1253.0
470.0
1275.0
34.0
540.0
119.0
183.0
48.0
351.0
254.0
385.0
57.0
299.0
231.0
472.0
219.0
1095.0
166.0
335.0
437.0
1363.0
2655.0
1014.0
976.0
13.0
229.0
540.0
270.0
74.0
231.0
77.0
299.0
14.0
10.0
10.0
12.0
13.0
12.0
13.0
99.0
13.0
12.0
12.0
27.0
355.0
173.0
828.0
1268.0
544.0
351.0
1198.0
290.0
148.0
822.0
5043.0
5970.0
127.0
170.0
320.0
48.0
29.0
184.0
210.0
192.0
529.0
27.0
73.0
62.0
25.0
127.0
28.0
32.0
20.0
108.0
179.0
842.0
52.0
126.0
64.0
44.0
164.0
210.0
326.0
154.0
165.0
75.0
845.0
154.0
144.0
726.0
35.0
63.0
206.0
90.0
14.0
338.0
125.0
20.0
24.0
29.0
8.0
70.0
254.0
113.0
74.0
85.0
56.0
40.0
88.0
151.0
48.0
25.0
56.0
155.0
111.0
79.0
127.0
48.0
62.0
7.0
1538.0
54.0
115.0
54.0
45.0
601.0
850.0
123.0
1379.0
1056.0
24.0
120.0
111.0
274.0
6459.0
212.0
99.0
159.0
273.0
33.0
283.0
28.0
119.0
243.0
78.0
135.0
805.0
117.0
152.0
459.0
308.0
223.0
67.0
1194.0
131.0
127.0
67.0
86.0
111.0
19.0
265.0
188.0
373.0
163.0
37.0
69.0
50.0
188.0
236.0
300.0
187.0
820.0
1228.0
495.0
1268.0
36.0
546.0
117.0
192.0
48.0
323.0
254.0
391.0
59.0
301.0
219.0
482.0
199.0
1082.0
158.0
354.0
440.0
1319.0
2766.0
1101.0
1050.0
12.0
210.0
509.0
281.0
70.0
245.0
81.0
281.0
13.0
10.0
10.0
12.0
14.0
12.0
13.0
98.0
13.0
11.0
12.0
27.0
352.0
161.0
810.0
1358.0
581.0
356.0
1121.0
292.0
159.0
859.0
5121.0
5605.0
121.0
157.0
304.0
49.0
28.0
193.0
210.0
193.0
529.0
27.0
74.0
62.0
27.0
123.0
28.0
31.0
20.0
113.0
166.0
865.0
51.0
124.0
64.0
43.0
157.0
211.0
323.0
141.0
167.0
71.0
803.0
161.0
140.0
737.0
36.0
63.0
214.0
95.0
13.0
323.0
117.0
21.0
26.0
32.0
8.0
74.0
272.0
104.0
68.0
84.0
59.0
40.0
88.0
145.0
47.0
25.0
57.0
154.0
103.0
87.0
127.0
45.0
64.0
7.0
1641.0
55.0
111.0
54.0
47.0
633.0
824.0
115.0
1310.0
1054.0
25.0
113.0
117.0
261.0
6385.0
199.0
100.0
161.0
287.0
33.0
280.0
29.0
121.0
249.0
78.0
140.0
804.0
122.0
153.0
428.0
311.0
206.0
69.0
1238.0
126.0
121.0
73.0
87.0
111.0
20.0
267.0
196.0
347.0
173.0
39.0
70.0
49.0
186.0
219.0
323.0
197.0
855.0
1211.0
501.0
1220.0
35.0
556.0
113.0
184.0
46.0
329.0
252.0
362.0
61.0
301.0
222.0
501.0
208.0
1089.0
161.0
340.0
426.0
1357.0
2696.0
1071.0
994.0
12.0
212.0
531.0
284.0
76.0
253.0
82.0
274.0
14.0
10.0
10.0
12.0
13.0
11.0
13.0
93.0
14.0
12.0
12.0
28.0
369.0
158.0
761.0
1262.0
588.0
336.0
1119.0
299.0
148.0
873.0
5213.0
5670.0
122.0
163.0
318.0
47.0
29.0
192.0
217.0
192.0
488.0
27.0
74.0
61.0
27.0
125.0
28.0
32.0
19.0
119.0
174.0
842.0
49.0
121.0
67.0
44.0
152.0
204.0
338.0
145.0
169.0
75.0
800.0
162.0
153.0
803.0
38.0
65.0
197.0
94.0
14.0
326.0
126.0
20.0
26.0
32.0
8.0
72.0
276.0
104.0
71.0
87.0
59.0
38.0
83.0
139.0
46.0
27.0
56.0
164.0
106.0
81.0
133.0
47.0
65.0
7.0
1503.0
59.0
118.0
57.0
48.0
605.0
796.0
121.0
1408.0
1051.0
25.0
111.0
109.0
278.0
6653.0
205.0
99.0
157.0
289.0
33.0
272.0
30.0
122.0
254.0
81.0
141.0
783.0
112.0
149.0
436.0
326.0
209.0
65.0
1284.0
128.0
125.0
68.0
85.0
116.0
19.0
260.0
197.0
368.0
173.0
38.0
68.0
52.0
191.0
232.0
315.0
195.0
868.0
1252.0
475.0
1217.0
34.0
513.0
120.0
183.0
48.0
351.0
251.0
369.0
58.0
320.0
230.0
498.0
199.0
1044.0
168.0
354.0
408.0
1323.0
2532.0
1047.0
1012.0
13.0
227.0
541.0
266.0
75.0
229.0
76.0
291.0
14.0
10.0
10.0
12.0
14.0
12.0
13.0
93.0
14.0
11.0
11.0
27.0
375.0
161.0
782.0
1380.0
587.0
329.0
1161.0
285.0
156.0
838.0
5093.0
5570.0
128.0
165.0
330.0
51.0
29.0
191.0
204.0
189.0
498.0
28.0
79.0
61.0
26.0
118.0
28.0
33.0
19.0
115.0
175.0
874.0
50.0
121.0
65.0
43.0
167.0
211.0
342.0
145.0
168.0
76.0
870.0
152.0
139.0
740.0
38.0
66.0
206.0
94.0
13.0
354.0
123.0
21.0
25.0
31.0
8.0
73.0
273.0
109.0
68.0
83.0
55.0
41.0
86.0
148.0
45.0
27.0
56.0
160.0
103.0
81.0
133.0
44.0
65.0
7.0
1667.0
59.0
112.0
57.0
45.0
634.0
826.0
116.0
1417.0
1048.0
24.0
113.0
108.0
275.0
6297.0
213.0
98.0
162.0
273.0
32.0
267.0
30.0
127.0
252.0
82.0
141.0
823.0
117.0
145.0
432.0
307.0
215.0
68.0
1282.0
130.0
126.0
72.0
93.0
112.0
20.0
248.0
190.0
374.0
170.0
38.0
64.0
50.0
189.0
228.0
308.0
200.0
851.0
1296.0
476.0
1229.0
36.0
558.0
112.0
177.0
44.0
320.0
256.0
378.0
56.0
297.0
225.0
497.0
202.0
1072.0
159.0
357.0
414.0
1306.0
2533.0
1060.0
1055.0
12.0
223.0
547.0
284.0
70.0
244.0
77.0
300.0
13.0
10.0
10.0
12.0
13.0
12.0
13.0
94.0
14.0
12.0
12.0
27.0
361.0
172.0
812.0
1277.0
544.0
363.0
1156.0
288.0
158.0
819.0
5107.0
5579.0
131.0
172.0
316.0
47.0
27.0
191.0
213.0
186.0
513.0
27.0
74.0
67.0
27.0
120.0
29.0
30.0
18.0
113.0
169.0
840.0
50.0
127.0
63.0
45.0
151.0
219.0
312.0
149.0
160.0
69.0
827.0
165.0
147.0
742.0
37.0
66.0
209.0
95.0
14.0
353.0
123.0
21.0
25.0
30.0
8.0
75.0
252.0
107.0
70.0
84.0
55.0
40.0
88.0
145.0
48.0
27.0
53.0
151.0
102.0
87.0
130.0
45.0
67.0
7.0
1635.0
55.0
113.0
59.0
45.0
613.0
807.0
123.0
1326.0
1044.0
24.0
114.0
110.0
273.0
6454.0
208.0
93.0
162.0
281.0
31.0
271.0
28.0
119.0
253.0
75.0
131.0
809.0
112.0
158.0
425.0
328.0
219.0
66.0
1176.0
132.0
119.0
68.0
87.0
121.0
19.0
272.0
189.0
349.0
158.0
36.0
66.0
53.0
204.0
219.0
305.0
200.0
856.0
1311.0
479.0
1324.0
33.0
509.0
119.0
182.0
44.0
351.0
247.0
394.0
61.0
298.0
228.0
463.0
206.0
1036.0
167.0
341.0
437.0
1261.0
2494.0
1021.0
1038.0
13.0
226.0
528.0
273.0
72.0
252.0
77.0
301.0
13.0
10.0
10.0
12.0
13.0
12.0
14.0
92.0
14.0
12.0
12.0
29.0
371.0
170.0
814.0
1375.0
599.0
363.0
1124.0
287.0
148.0
805.0
5111.0
5684.0
119.0
161.0
327.0
49.0
29.0
184.0
207.0
181.0
490.0
27.0
77.0
64.0
26.0
127.0
28.0
32.0
20.0
118.0
172.0
839.0
52.0
130.0
66.0
44.0
167.0
214.0
333.0
153.0
164.0
73.0
814.0
153.0
153.0
755.0
35.0
66.0
198.0
89.0
14.0
322.0
127.0
21.0
25.0
30.0
8.0
75.0
266.0
111.0
72.0
87.0
58.0
41.0
87.0
142.0
48.0
26.0
56.0
157.0
103.0
82.0
130.0
45.0
61.0
7.0
1612.0
55.0
112.0
58.0
46.0
613.0
856.0
123.0
1412.0
1120.0
24.0
118.0
116.0
278.0
6745.0
212.0
94.0
163.0
275.0
33.0
270.0
28.0
127.0
237.0
76.0
132.0
796.0
116.0
158.0
423.0
297.0
206.0
71.0
1240.0
133.0
120.0
67.0
86.0
114.0
19.0
260.0
203.0
347.0
174.0
37.0
71.0
53.0
200.0
238.0
299.0
206.0
822.0
1237.0
497.0
1267.0
33.0
508.0
118.0
185.0
45.0
321.0
260.0
375.0
56.0
292.0
219.0
483.0
216.0
1130.0
156.0
331.0
439.0
1286.0
2715.0
1112.0
1031.0
13.0
218.0
510.0
276.0
76.0
249.0
79.0
301.0
14.0
10.0
10.0
12.0
14.0
12.0
14.0
94.0
13.0
12.0
11.0
29.0
373.0
161.0
770.0
1271.0
597.0
362.0
1086.0
294.0
151.0
839.0
4994.0
5965.0
124.0
170.0
324.0
51.0
28.0
178.0
205.0
181.0
528.0
27.0
72.0
61.0
26.0
125.0
29.0
32.0
20.0
108.0
175.0
859.0
51.0
123.0
67.0
45.0
152.0
218.0
316.0
153.0
168.0
70.0
871.0
156.0
138.0
742.0
35.0
65.0
195.0
90.0
14.0
325.0
123.0
21.0
25.0
31.0
8.0
73.0
272.0
113.0
70.0
88.0
58.0
39.0
83.0
148.0
45.0
25.0
57.0
162.0
106.0
87.0
139.0
47.0
67.0
7.0
1565.0
59.0
118.0
58.0
48.0
622.0
840.0
123.0
1318.0
1140.0
26.0
115.0
117.0
267.0
6623.0
198.0
99.0
162.0
299.0
31.0
281.0
28.0
129.0
251.0
77.0
130.0
802.0
116.0
152.0
437.0
315.0
225.0
65.0
1185.0
126.0
126.0
68.0
86.0
111.0
20.0
261.0
190.0
351.0
158.0
39.0
70.0
52.0
193.0
221.0
315.0
193.0
827.0
1305.0
516.0
1272.0
36.0
558.0
120.0
182.0
46.0
327.0
255.0
398.0
57.0
304.0
236.0
476.0
199.0
1030.0
163.0
341.0
449.0
1287.0
2759.0
1112.0
1045.0
13.0
223.0
554.0
284.0
70.0
241.0
80.0
289.0
14.0
10.0
10.0
11.0
13.0
11.0
13.0
94.0
14.0
12.0
12.0
29.0
347.0
173.0
773.0
1340.0
549.0
358.0
1169.0
277.0
145.0
859.0
4981.0
5592.0
131.0
168.0
313.0
50.0
29.0
182.0
205.0
195.0
529.0
26.0
74.0
62.0
25.0
122.0
29.0
32.0
20.0
119.0
164.0
863.0
52.0
130.0
65.0
44.0
163.0
209.0
335.0
155.0
173.0
72.0
836.0
159.0
139.0
729.0
37.0
63.0
210.0
91.0
14.0
341.0
129.0
21.0
26.0
32.0
8.0
72.0
270.0
112.0
74.0
88.0
59.0
41.0
84.0
146.0
46.0
25.0
57.0
157.0
102.0
84.0
130.0
46.0
63.0
7.0
1560.0
58.0
110.0
57.0
45.0
618.0
835.0
112.0
1346.0
1059.0
24.0
112.0
119.0
275.0
6726.0
201.0
95.0
158.0
285.0
32.0
262.0
27.0
118.0
243.0
78.0
141.0
789.0
118.0
145.0
463.0
306.0
211.0
70.0
1263.0
121.0
126.0
67.0
94.0
122.0
19.0
262.0
187.0
358.0
167.0
38.0
66.0
53.0
190.0
232.0
322.0
206.0
824.0
1289.0
508.0
1217.0
34.0
513.0
114.0
188.0
48.0
339.0
260.0
400.0
56.0
291.0
215.0
487.0
200.0
1053.0
169.0
354.0
447.0
1293.0
2580.0
1105.0
963.0
13.0
222.0
546.0
292.0
76.0
248.0
75.0
281.0
13.0
10.0
10.0
11.0
14.0
11.0
14.0
100.0
14.0
11.0
11.0
29.0
367.0
164.0
822.0
1340.0
544.0
343.0
1092.0
298.0
156.0
826.0
5145.0
5511.0
124.0
168.0
328.0
48.0
27.0
175.0
214.0
186.0
523.0
27.0
76.0
64.0
27.0
127.0
27.0
31.0
19.0
114.0
174.0
836.0
48.0
122.0
65.0
45.0
166.0
210.0
310.0
151.0
165.0
70.0
844.0
167.0
150.0
724.0
35.0
65.0
206.0
97.0
14.0
335.0
118.0
19.0
25.0
32.0
8.0
73.0
268.0
111.0
67.0
84.0
55.0
39.0
89.0
152.0
47.0
25.0
56.0
155.0
101.0
86.0
127.0
47.0
65.0
7.0
1662.0
59.0
114.0
55.0
46.0
633.0
856.0
122.0
1399.0
1118.0
26.0
112.0
118.0
251.0
6767.0
213.0
100.0
157.0
275.0
31.0
287.0
30.0
129.0
259.0
77.0
135.0
758.0
117.0
154.0
439.0
312.0
215.0
68.0
1278.0
126.0
125.0
72.0
89.0
119.0
20.0
272.0
195.0
372.0
171.0
39.0
68.0
52.0
191.0
234.0
300.0
203.0
898.0
1328.0
471.0
1236.0
36.0
535.0
117.0
189.0
46.0
329.0
247.0
361.0
56.0
315.0
218.0
475.0
198.0
1068.0
166.0
345.0
408.0
1363.0
2645.0
1029.0
1017.0
13.0
216.0
557.0
280.0
70.0
231.0
82.0
281.0
13.0
10.0
10.0
11.0
14.0
12.0
14.0
100.0
14.0
12.0
12.0
29.0
342.0
173.0
800.0
1319.0
561.0
334.0
1143.0
295.0
150.0
843.0
5346.0
5545.0
119.0
168.0
320.0
50.0
29.0
185.0
223.0
193.0
510.0
26.0
72.0
65.0
26.0
128.0
27.0
33.0
19.0
118.0
176.0
843.0
50.0
118.0
61.0
46.0
160.0
217.0
326.0
151.0
171.0
76.0
849.0
160.0
139.0
793.0
35.0
65.0
213.0
93.0
13.0
326.0
122.0
21.0
26.0
29.0
8.0
72.0
274.0
103.0
72.0
84.0
55.0
38.0
85.0
153.0
46.0
27.0
53.0
160.0
104.0
83.0
136.0
47.0
67.0
7.0
1580.0
55.0
111.0
55.0
44.0
636.0
837.0
123.0
1414.0
1128.0
25.0
115.0
110.0
274.0
6281.0
213.0
102.0
163.0
279.0
31.0
279.0
29.0
128.0
251.0
78.0
139.0
829.0
114.0
154.0
420.0
301.0
217.0
65.0
1190.0
125.0
126.0
69.0
94.0
119.0
20.0
257.0
192.0
355.0
160.0
38.0
71.0
53.0
197.0
234.0
312.0
201.0
882.0
1202.0
497.0
1344.0
36.0
550.0
113.0
190.0
45.0
319.0
256.0
394.0
58.0
312.0
232.0
458.0
198.0
1126.0
162.0
341.0
415.0
1282.0
2493.0
1017.0
989.0
13.0
233.0
554.0
292.0
72.0
240.0
79.0
291.0
14.0
10.0
10.0
12.0
14.0
11.0
13.0
97.0
13.0
11.0
12.0
28.0
364.0
168.0
820.0
1275.0
598.0
338.0
1129.0
291.0
149.0
849.0
5300.0
5519.0
126.0
173.0
307.0
50.0
29.0
184.0
204.0
187.0
502.0
28.0
77.0
67.0
26.0
124.0
29.0
31.0
20.0
108.0
162.0
866.0
49.0
129.0
62.0
42.0
164.0
201.0
309.0
143.0
166.0
73.0
878.0
165.0
153.0
800.0
36.0
65.0
214.0
92.0
14.0
343.0
129.0
21.0
24.0
30.0
8.0
70.0
255.0
102.0
68.0
83.0
57.0
40.0
84.0
150.0
46.0
26.0
58.0
158.0
107.0
84.0
139.0
47.0
64.0
7.0
1635.0
59.0
117.0
54.0
44.0
598.0
822.0
122.0
1370.0
1053.0
24.0
114.0
112.0
270.0
6489.0
202.0
93.0
162.0
278.0
33.0
275.0
30.0
128.0
241.0
76.0
132.0
784.0
114.0
152.0
433.0
323.0
210.0
66.0
1200.0
130.0
126.0
73.0
91.0
122.0
19.0
270.0
198.0
357.0
164.0
38.0
66.0
53.0
189.0
239.0
307.0
204.0
850.0
1298.0
496.0
1309.0
33.0
538.0
109.0
179.0
44.0
346.0
254.0
373.0
60.0
290.0
227.0
471.0
213.0
1083.0
166.0
331.0
407.0
1317.0
2517.0
1052.0
1024.0
12.0
226.0
515.0
277.0
73.0
231.0
82.0
299.0
14.0
10.0
10.0
12.0
14.0
11.0
14.0
91.0
13.0
11.0
11.0
29.0
342.0
165.0
835.0
1322.0
579.0
339.0
1126.0
284.0
155.0
854.0
5184.0
5673.0
119.0
168.0
331.0
50.0
29.0
181.0
213.0
186.0
519.0
28.0
79.0
67.0
26.0
124.0
28.0
33.0
19.0
115.0
174.0
891.0
51.0
125.0
65.0
46.0
153.0
201.0
334.0
153.0
169.0
70.0
867.0
162.0
145.0
772.0
38.0
61.0
209.0
96.0
13.0
323.0
126.0
20.0
26.0
32.0
8.0
72.0
253.0
111.0
71.0
90.0
57.0
40.0
86.0
140.0
46.0
26.0
55.0
149.0
105.0
81.0
128.0
46.0
63.0
7.0
1616.0
56.0
112.0
58.0
45.0
657.0
798.0
121.0
1340.0
1124.0
25.0
122.0
117.0
251.0
6234.0
211.0
101.0
151.0
277.0
30.0
269.0
28.0
122.0
243.0
81.0
132.0
830.0
123.0
153.0
439.0
325.0
223.0
65.0
1217.0
123.0
125.0
67.0
94.0
121.0
19.0
269.0
198.0
362.0
171.0
37.0
65.0
51.0
203.0
220.0
318.0
199.0
848.0
1299.0
485.0
1341.0
35.0
534.0
113.0
180.0
46.0
319.0
252.0
398.0
59.0
293.0
227.0
506.0
217.0
1080.0
167.0
327.0
405.0
1359.0
2753.0
1028.0
1015.0
13.0
232.0
560.0
271.0
72.0
243.0
76.0
279.0
14.0
10.0
10.0
11.0
13.0
12.0
14.0
93.0
14.0
12.0
12.0
29.0
355.0
156.0
835.0
1375.0
547.0
345.0
1193.0
274.0
156.0
815.0
5087.0
5987.0
128.0
171.0
331.0
48.0
29.0
182.0
215.0
182.0
526.0
28.0
73.0
67.0
25.0
123.0
27.0
31.0
20.0
115.0
178.0
874.0
51.0
131.0
66.0
46.0
155.0
204.0
314.0
145.0
166.0
76.0
846.0
155.0
144.0
785.0
38.0
64.0
209.0
89.0
14.0
333.0
118.0
20.0
26.0
32.0
8.0
72.0
268.0
113.0
69.0
88.0
59.0
39.0
89.0
139.0
48.0
25.0
54.0
149.0
110.0
85.0
136.0
48.0
66.0
7.0
1527.0
54.0
118.0
56.0
48.0
660.0
813.0
117.0
1329.0
1096.0
24.0
119.0
110.0
266.0
6355.0
209.0
95.0
155.0
274.0
32.0
284.0
29.0
120.0
248.0
81.0
133.0
825.0
121.0
144.0
423.0
304.0
225.0
67.0
1270.0
125.0
125.0
70.0
94.0
121.0
19.0
250.0
199.0
360.0
175.0
37.0
69.0
50.0
198.0
228.0
304.0
195.0
874.0
1205.0
474.0
1229.0
34.0
537.0
120.0
174.0
48.0
317.0
247.0
397.0
59.0
319.0
221.0
478.0
215.0
1128.0
159.0
334.0
449.0
1304.0
2762.0
1047.0
963.0
13.0
216.0
516.0
291.0
74.0
245.0
82.0
291.0
13.0
10.0
10.0
12.0
14.0
12.0
14.0
96.0
14.0
11.0
11.0
29.0
355.0
161.0
837.0
1351.0
567.0
340.0
1163.0
288.0
149.0
833.0
5089.0
5439.0
126.0
160.0
319.0
48.0
28.0
183.0
205.0
191.0
490.0
28.0
78.0
63.0
26.0
118.0
28.0
31.0
19.0
114.0
179.0
898.0
53.0
125.0
67.0
46.0
152.0
221.0
325.0
145.0
173.0
72.0
806.0
153.0
141.0
741.0
38.0
62.0
208.0
96.0
14.0
333.0
123.0
21.0
26.0
29.0
8.0
70.0
257.0
102.0
71.0
86.0
56.0
38.0
88.0
139.0
45.0
26.0
57.0
163.0
102.0
86.0
134.0
45.0
61.0
7.0
1561.0
57.0
119.0
54.0
47.0
620.0
828.0
120.0
1425.0
1093.0
25.0
116.0
114.0
266.0
6196.0
208.0
93.0
166.0
295.0
32.0
266.0
30.0
121.0
255.0
77.0
128.0
789.0
117.0
150.0
464.0
317.0
217.0
65.0
1260.0
129.0
125.0
70.0
88.0
122.0
20.0
253.0
188.0
346.0
167.0
36.0
67.0
53.0
202.0
232.0
310.0
204.0
857.0
1211.0
511.0
1262.0
35.0
530.0
109.0
174.0
46.0
344.0
257.0
399.0
60.0
290.0
223.0
466.0
206.0
1134.0
156.0
337.0
424.0
1370.0
2609.0
1087.0
1031.0
13.0
221.0
536.0
283.0
73.0
250.0
74.0
294.0
14.0
10.0
10.0
12.0
13.0
12.0
14.0
100.0
14.0
12.0
12.0
27.0
350.0
157.0
843.0
1387.0
576.0
342.0
1102.0
300.0
153.0
865.0
5127.0
5945.0
118.0
171.0
318.0
47.0
29.0
180.0
223.0
179.0
508.0
27.0
78.0
67.0
27.0
125.0
29.0
33.0
19.0
109.0
163.0
870.0
50.0
125.0
67.0
45.0
163.0
206.0
314.0
143.0
170.0
76.0
799.0
161.0
145.0
731.0
36.0
64.0
205.0
91.0
14.0
345.0
125.0
20.0
25.0
29.0
8.0
74.0
268.0
113.0
71.0
84.0
59.0
40.0
88.0
154.0
46.0
27.0
56.0
162.0
111.0
84.0
139.0
44.0
67.0
7.0
1516.0
55.0
108.0
54.0
45.0
598.0
831.0
117.0
1372.0
1045.0
26.0
112.0
109.0
269.0
6282.0
212.0
98.0
161.0
282.0
32.0
275.0
30.0
119.0
256.0
82.0
129.0
812.0
122.0
145.0
462.0
323.0
213.0
68.0
1200.0
134.0
119.0
71.0
91.0
112.0
20.0
268.0
188.0
364.0
165.0
39.0
69.0
52.0
190.0
226.0
322.0
200.0
814.0
1240.0
473.0
1288.0
35.0
531.0
109.0
175.0
47.0
337.0
245.0
373.0
56.0
318.0
229.0
471.0
200.0
1055.0
165.0
326.0
433.0
1327.0
2538.0
1027.0
1001.0
13.0
212.0
549.0
268.0
74.0
254.0
76.0
292.0
13.0
10.0
10.0
12.0
13.0
12.0
14.0
95.0
13.0
12.0
12.0
27.0
371.0
168.0
774.0
1327.0
546.0
362.0
1087.0
283.0
152.0
798.0
5025.0
5992.0
130.0
161.0
316.0
51.0
28.0
180.0
208.0
178.0
508.0
28.0
78.0
66.0
26.0
126.0
28.0
31.0
19.0
115.0
169.0
818.0
50.0
126.0
67.0
44.0
166.0
209.0
319.0
155.0
174.0
75.0
825.0
158.0
152.0
799.0
37.0
66.0
208.0
94.0
14.0
327.0
118.0
21.0
24.0
32.0
8.0
72.0
256.0
113.0
71.0
89.0
59.0
38.0
87.0
146.0
49.0
27.0
57.0
162.0
102.0
81.0
133.0
46.0
63.0
7.0
1606.0
59.0
115.0
58.0
45.0
601.0
876.0
117.0
1307.0
1121.0
26.0
119.0
118.0
274.0
6677.0
212.0
94.0
151.0
289.0
33.0
274.0
28.0
119.0
255.0
79.0
133.0
794.0
117.0
145.0
420.0
325.0
215.0
71.0
1273.0
133.0
124.0
69.0
87.0
120.0
20.0
249.0
192.0
362.0
161.0
36.0
66.0
50.0
195.0
225.0
296.0
192.0
873.0
1253.0
503.0
1308.0
35.0
530.0
113.0
193.0
44.0
322.0
257.0
391.0
60.0
308.0
224.0
492.0
204.0
1088.0
161.0
345.0
436.0
1332.0
2580.0
1015.0
1054.0
13.0
212.0
507.0
279.0
71.0
251.0
80.0
289.0
13.0
10.0
10.0
12.0
13.0
11.0
14.0
92.0
14.0
12.0
12.0
29.0
351.0
158.0
767.0
1272.0
560.0
332.0
1185.0
288.0
144.0
806.0
5239.0
5938.0
120.0
159.0
326.0
50.0
28.0
184.0
226.0
188.0
485.0
26.0
72.0
65.0
26.0
116.0
28.0
32.0
19.0
116.0
178.0
815.0
51.0
130.0
61.0
43.0
163.0
221.0
339.0
145.0
167.0
73.0
837.0
162.0
145.0
748.0
38.0
60.0
215.0
90.0
14.0
355.0
128.0
21.0
26.0
32.0
8.0
71.0
273.0
112.0
73.0
91.0
58.0
38.0
82.0
146.0
49.0
26.0
56.0
152.0
105.0
87.0
128.0
45.0
63.0
7.0
1615.0
57.0
112.0
54.0
44.0
615.0
825.0
123.0
1411.0
1140.0
24.0
114.0
114.0
277.0
6494.0
213.0
102.0
167.0
298.0
32.0
281.0
28.0
120.0
235.0
80.0
140.0
773.0
115.0
149.0
459.0
297.0
218.0
70.0
1260.0
122.0
119.0
69.0
87.0
122.0
20.0
257.0
192.0
346.0
163.0
37.0
69.0
51.0
201.0
221.0
315.0
196.0
833.0
1206.0
497.0
1247.0
35.0
543.0
116.0
182.0
48.0
330.0
257.0
381.0
59.0
318.0
233.0
486.0
200.0
1058.0
157.0
355.0
410.0
1314.0
2592.0
1102.0
1012.0
13.0
228.0
512.0
276.0
70.0
243.0
77.0
273.0
14.0
10.0
10.0
12.0
13.0
12.0
14.0
100.0
14.0
12.0
11.0
27.0
370.0
162.0
791.0
1274.0
594.0
360.0
1088.0
273.0
149.0
865.0
5113.0
5450.0
128.0
156.0
316.0
48.0
29.0
177.0
216.0
186.0
506.0
27.0
73.0
67.0
25.0
116.0
28.0
31.0
20.0
115.0
167.0
836.0
50.0
126.0
65.0
42.0
157.0
205.0
340.0
153.0
172.0
71.0
812.0
154.0
142.0
772.0
36.0
65.0
201.0
89.0
14.0
328.0
126.0
21.0
24.0
32.0
8.0
73.0
265.0
104.0
71.0
90.0
57.0
37.0
86.0
146.0
49.0
26.0
57.0
155.0
100.0
82.0
137.0
44.0
65.0
7.0
1599.0
54.0
115.0
56.0
48.0
613.0
827.0
120.0
1409.0
1055.0
24.0
113.0
109.0
268.0
6744.0
197.0
99.0
153.0
289.0
33.0
280.0
28.0
129.0
248.0
81.0
128.0
802.0
113.0
151.0
430.0
310.0
215.0
66.0
1179.0
129.0
123.0
67.0
89.0
112.0
19.0
256.0
198.0
343.0
168.0
38.0
70.0
53.0
206.0
228.0
302.0
198.0
835.0
1313.0
471.0
1341.0
36.0
540.0
112.0
192.0
47.0
326.0
260.0
368.0
58.0
298.0
229.0
467.0
215.0
1046.0
157.0
337.0
409.0
1400.0
2743.0
1069.0
973.0
13.0
231.0
507.0
290.0
73.0
243.0
81.0
280.0
14.0
10.0
10.0
12.0
14.0
12.0
14.0
92.0
13.0
12.0
11.0
27.0
359.0
166.0
842.0
1338.0
594.0
355.0
1158.0
288.0
159.0
805.0
4977.0
5701.0
119.0
164.0
322.0
50.0
28.0
187.0
221.0
194.0
482.0
28.0
78.0
61.0
27.0
123.0
28.0
33.0
20.0
113.0
179.0
880.0
50.0
127.0
64.0
42.0
157.0
209.0
343.0
154.0
162.0
76.0
828.0
164.0
138.0
803.0
36.0
66.0
197.0
96.0
13.0
333.0
121.0
21.0
24.0
31.0
8.0
76.0
262.0
110.0
69.0
89.0
54.0
38.0
86.0
148.0
45.0
27.0
55.0
161.0
107.0
84.0
129.0
45.0
64.0
7.0
1509.0
59.0
111.0
56.0
45.0
610.0
853.0
121.0
1348.0
1044.0
26.0
113.0
110.0
265.0
6583.0
198.0
92.0
163.0
280.0
31.0
273.0
30.0
128.0
244.0
83.0
140.0
768.0
121.0
144.0
464.0
314.0
218.0
65.0
1206.0
128.0
127.0
71.0
92.0
120.0
19.0
256.0
189.0
374.0
171.0
38.0
65.0
48.0
195.0
242.0
322.0
198.0
838.0
1276.0
487.0
1244.0
33.0
517.0
112.0
183.0
44.0
323.0
268.0
379.0
56.0
295.0
236.0
504.0
200.0
1083.0
158.0
351.0
410.0
1372.0
2574.0
1099.0
1034.0
12.0
210.0
512.0
278.0
70.0
252.0
75.0
297.0
14.0
10.0
10.0
12.0
14.0
12.0
13.0
93.0
13.0
12.0
11.0
29.0
368.0
173.0
824.0
1261.0
564.0
331.0
1174.0
289.0
156.0
850.0
5305.0
5545.0
119.0
169.0
313.0
50.0
28.0
180.0
207.0
185.0
500.0
28.0
73.0
62.0
27.0
124.0
27.0
31.0
19.0
108.0
165.0
892.0
49.0
119.0
64.0
44.0
156.0
207.0
325.0
142.0
162.0
69.0
859.0
163.0
147.0
738.0
35.0
64.0
196.0
94.0
13.0
353.0
125.0
19.0
25.0
32.0
8.0
74.0
257.0
110.0
67.0
85.0
59.0
39.0
82.0
143.0
49.0
26.0
55.0
155.0
110.0
84.0
133.0
47.0
64.0
7.0
1512.0
58.0
113.0
54.0
45.0
655.0
811.0
119.0
1367.0
1139.0
25.0
119.0
108.0
259.0
6451.0
203.0
102.0
167.0
276.0
33.0
288.0
30.0
130.0
240.0
82.0
135.0
812.0
115.0
159.0
426.0
310.0
217.0
65.0
1234.0
132.0
127.0
67.0
88.0
118.0
19.0
249.0
187.0
360.0
166.0
38.0
68.0
48.0
191.0
237.0
305.0
194.0
898.0
1204.0
475.0
1271.0
36.0
556.0
116.0
192.0
48.0
350.0
268.0
396.0
60.0
304.0
232.0
491.0
200.0
1106.0
164.0
327.0
416.0
1285.0
2659.0
1044.0
990.0
13.0
215.0
539.0
292.0
72.0
230.0
76.0
295.0
14.0
10.0
10.0
12.0
14.0
11.0
14.0
92.0
14.0
12.0
11.0
27.0
372.0
159.0
807.0
1280.0
548.0
344.0
1111.0
295.0
150.0
849.0
5129.0
5804.0
123.0
159.0
319.0
48.0
28.0
193.0
218.0
195.0
522.0
28.0
72.0
62.0
27.0
127.0
27.0
31.0
19.0
117.0
172.0
868.0
48.0
123.0
61.0
42.0
166.0
214.0
342.0
149.0
166.0
71.0
820.0
161.0
141.0
772.0
35.0
63.0
195.0
97.0
14.0
328.0
122.0
20.0
25.0
32.0
8.0
71.0
251.0
110.0
71.0
85.0
54.0
39.0
85.0
144.0
48.0
27.0
53.0
148.0
109.0
83.0
127.0
44.0
62.0
7.0
1632.0
56.0
112.0
59.0
48.0
658.0
833.0
115.0
1353.0
1083.0
25.0
115.0
112.0
271.0
6438.0
198.0
102.0
160.0
278.0
30.0
277.0
30.0
127.0
246.0
80.0
135.0
788.0
113.0
157.0
446.0
310.0
206.0
68.0
1167.0
126.0
119.0
69.0
94.0
117.0
20.0
259.0
197.0
357.0
163.0
38.0
64.0
51.0
203.0
221.0
297.0
201.0
890.0
1237.0
505.0
1238.0
35.0
542.0
114.0
179.0
47.0
321.0
245.0
368.0
57.0
303.0
214.0
477.0
218.0
1118.0
156.0
342.0
415.0
1330.0
2711.0
1010.0
1031.0
12.0
231.0
532.0
281.0
71.0
243.0
82.0
284.0
13.0
10.0
10.0
12.0
13.0
11.0
13.0
93.0
14.0
11.0
12.0
27.0
356.0
164.0
810.0
1316.0
557.0
341.0
1139.0
292.0
157.0
804.0
5331.0
5762.0
126.0
158.0
331.0
50.0
28.0
193.0
204.0
181.0
534.0
27.0
75.0
63.0
27.0
121.0
27.0
31.0
20.0
116.0
167.0
898.0
53.0
124.0
62.0
44.0
161.0
210.0
319.0
155.0
167.0
76.0
880.0
166.0
147.0
754.0
38.0
64.0
214.0
90.0
14.0
356.0
121.0
21.0
24.0
30.0
8.0
74.0
275.0
113.0
69.0
86.0
58.0
38.0
82.0
140.0
45.0
26.0
53.0
163.0
104.0
82.0
139.0
46.0
67.0
7.0
1592.0
54.0
110.0
58.0
46.0
633.0
826.0
113.0
1444.0
1084.0
25.0
116.0
114.0
271.0
6190.0
199.0
98.0
166.0
291.0
31.0
273.0
30.0
120.0
238.0
81.0
131.0
804.0
121.0
146.0
455.0
324.0
225.0
70.0
1224.0
121.0
117.0
68.0
94.0
121.0
20.0
261.0
196.0
369.0
172.0
38.0
71.0
51.0
201.0
242.0
295.0
195.0
815.0
1310.0
492.0
1312.0
34.0
533.0
118.0
188.0
44.0
330.0
263.0
389.0
60.0
320.0
220.0
499.0
206.0
1085.0
163.0
325.0
422.0
1298.0
2521.0
1055.0
994.0
13.0
221.0
560.0
274.0
73.0
250.0
79.0
274.0
14.0
10.0
10.0
12.0
13.0
12.0
14.0
99.0
13.0
11.0
12.0
27.0
344.0
170.0
776.0
1374.0
544.0
345.0
1162.0
300.0
157.0
857.0
5492.0
5686.0
129.0
169.0
334.0
50.0
27.0
175.0
215.0
189.0
504.0
27.0
77.0
65.0
26.0
118.0
29.0
32.0
20.0
109.0
179.0
851.0
51.0
128.0
67.0
44.0
161.0
213.0
310.0
150.0
165.0
69.0
840.0
154.0
145.0
789.0
35.0
63.0
201.0
93.0
14.0
328.0
120.0
21.0
25.0
32.0
8.0
72.0
254.0
110.0
71.0
84.0
58.0
40.0
89.0
141.0
48.0
27.0
55.0
156.0
110.0
87.0
129.0
47.0
64.0
7.0
1538.0
59.0
109.0
57.0
46.0
636.0
800.0
115.0
1346.0
1094.0
26.0
118.0
117.0
267.0
6667.0
216.0
97.0
164.0
271.0
33.0
284.0
28.0
121.0
250.0
78.0
137.0
811.0
118.0
148.0
464.0
320.0
225.0
65.0
1199.0
125.0
120.0
70.0
92.0
115.0
19.0
260.0
187.0
346.0
159.0
38.0
65.0
48.0
201.0
221.0
298.0
195.0
820.0
1211.0
495.0
1243.0
35.0
541.0
117.0
178.0
45.0
322.0
262.0
369.0
58.0
314.0
229.0
483.0
218.0
1030.0
169.0
327.0
443.0
1312.0
2742.0
1105.0
1042.0
13.0
222.0
507.0
273.0
76.0
254.0
76.0
290.0
13.0
10.0
10.0
11.0
13.0
12.0
14.0
97.0
14.0
12.0
11.0
27.0
353.0
166.0
844.0
1386.0
554.0
362.0
1094.0
283.0
144.0
862.0
5184.0
5813.0
121.0
156.0
336.0
48.0
28.0
182.0
221.0
185.0
532.0
27.0
78.0
61.0
26.0
128.0
28.0
32.0
20.0
117.0
164.0
868.0
51.0
124.0
65.0
45.0
162.0
200.0
312.0
149.0
176.0
74.0
859.0
167.0
139.0
774.0
36.0
64.0
203.0
96.0
14.0
355.0
120.0
21.0
24.0
29.0
8.0
75.0
274.0
111.0
74.0
87.0
57.0
40.0
86.0
147.0
47.0
27.0
56.0
150.0
104.0
84.0
130.0
46.0
67.0
7.0
1615.0
57.0
116.0
55.0
46.0
600.0
821.0
112.0
1345.0
1092.0
24.0
114.0
109.0
258.0
6718.0
207.0
97.0
157.0
275.0
31.0
286.0
30.0
122.0
243.0
79.0
133.0
830.0
124.0
145.0
425.0
326.0
224.0
71.0
1265.0
130.0
118.0
68.0
87.0
113.0
20.0
254.0
192.0
357.0
175.0
36.0
71.0
52.0
195.0
232.0
313.0
194.0
863.0
1234.0
479.0
1218.0
34.0
511.0
112.0
185.0
46.0
347.0
254.0
399.0
61.0
301.0
223.0
489.0
213.0
1028.0
160.0
337.0
437.0
1313.0
2631.0
1076.0
955.0
12.0
223.0
530.0
288.0
75.0
231.0
76.0
279.0
14.0
10.0
10.0
12.0
14.0
12.0
14.0
93.0
13.0
12.0
12.0
29.0
359.0
157.0
767.0
1315.0
587.0
339.0
1177.0
296.0
154.0
872.0
5247.0
5661.0
128.0
160.0
304.0
48.0
27.0
186.0
213.0
183.0
499.0
28.0
75.0
64.0
26.0
125.0
29.0
32.0
19.0
114.0
165.0
868.0
50.0
119.0
67.0
44.0
155.0
207.0
339.0
149.0
174.0
75.0
861.0
152.0
152.0
802.0
38.0
63.0
198.0
90.0
14.0
329.0
125.0
19.0
25.0
30.0
8.0
75.0
269.0
110.0
73.0
86.0
56.0
37.0
87.0
146.0
49.0
25.0
56.0
150.0
111.0
81.0
133.0
46.0
62.0
7.0
1510.0
54.0
117.0
59.0
46.0
661.0
827.0
116.0
1319.0
1070.0
26.0
119.0
119.0
264.0
6771.0
215.0
92.0
165.0
284.0
33.0
273.0
29.0
121.0
247.0
77.0
129.0
828.0
123.0
156.0
451.0
319.0
212.0
70.0
1249.0
126.0
125.0
68.0
94.0
114.0
20.0
269.0
187.0
338.0
171.0
36.0
68.0
51.0
196.0
236.0
307.0
196.0
824.0
1258.0
486.0
1316.0
34.0
510.0
114.0
178.0
45.0
324.0
251.0
389.0
61.0
292.0
230.0
477.0
199.0
1048.0
155.0
342.0
449.0
1309.0
2717.0
1103.0
956.0
12.0
230.0
551.0
273.0
74.0
234.0
79.0
278.0
13.0
10.0
10.0
11.0
14.0
12.0
14.0
98.0
14.0
11.0
12.0
27.0
357.0
173.0
835.0
1264.0
575.0
351.0
1198.0
281.0
154.0
806.0
5333.0
5879.0
123.0
162.0
325.0
50.0
29.0
182.0
220.0
182.0
497.0
26.0
75.0
64.0
26.0
120.0
27.0
31.0
20.0
115.0
175.0
820.0
52.0
129.0
61.0
42.0
154.0
203.0
328.0
144.0
160.0
73.0
867.0
159.0
149.0
802.0
38.0
62.0
211.0
90.0
13.0
341.0
122.0
21.0
25.0
30.0
8.0
72.0
276.0
103.0
73.0
89.0
54.0
40.0
84.0
141.0
46.0
26.0
58.0
152.0
109.0
85.0
129.0
44.0
64.0
7.0
1656.0
54.0
118.0
57.0
46.0
597.0
797.0
114.0
1304.0
1081.0
26.0
122.0
108.0
267.0
6772.0
214.0
97.0
160.0
275.0
33.0
272.0
29.0
126.0
254.0
76.0
131.0
786.0
112.0
157.0
445.0
298.0
206.0
67.0
1174.0
133.0
122.0
73.0
86.0
115.0
19.0
247.0
206.0
355.0
175.0
36.0
70.0
49.0
199.0
226.0
295.0
189.0
835.0
1276.0
502.0
1275.0
33.0
507.0
118.0
183.0
47.0
339.0
261.0
373.0
61.0
298.0
230.0
497.0
215.0
1079.0
167.0
352.0
432.0
1353.0
2704.0
1062.0
1005.0
13.0
210.0
530.0
276.0
70.0
249.0
78.0
293.0
14.0
10.0
10.0
12.0
13.0
12.0
14.0
100.0
14.0
12.0
12.0
27.0
357.0
165.0
808.0
1364.0
575.0
344.0
1088.0
301.0
149.0
849.0
5132.0
5925.0
120.0
172.0
328.0
47.0
27.0
187.0
217.0
177.0
523.0
26.0
77.0
61.0
27.0
116.0
29.0
32.0
20.0
118.0
175.0
845.0
51.0
131.0
66.0
43.0
158.0
221.0
338.0
152.0
170.0
71.0
866.0
154.0
144.0
752.0
36.0
60.0
212.0
97.0
13.0
330.0
121.0
21.0
24.0
32.0
8.0
69.0
272.0
107.0
74.0
83.0
57.0
38.0
89.0
145.0
45.0
25.0
55.0
152.0
106.0
87.0
129.0
46.0
63.0
7.0
1647.0
58.0
115.0
54.0
47.0
605.0
837.0
116.0
1416.0
1142.0
25.0
122.0
110.0
274.0
6230.0
214.0
95.0
153.0
276.0
32.0
264.0
30.0
126.0
235.0
77.0
138.0
772.0
122.0
154.0
452.0
304.0
207.0
67.0
1209.0
122.0
126.0
70.0
86.0
114.0
19.0
258.0
189.0
372.0
170.0
37.0
68.0
53.0
202.0
223.0
322.0
205.0
820.0
1267.0
162.0
157.0
138.0
167.0
492.0
132.0
167.0
155.0
147.0
144.0
152.0
151.0
173.0
144.0
172.0
151.0
175.0
162.0
137.0
172.0
155.0
141.0
146.0
468.0
156.0
146.0
133.0
134.0
157.0
148.0
155.0
453.0
391.0
468.0
437.0
450.0
476.0
433.0
371.0
377.0
452.0
391.0
379.0
148.0
164.0
144.0
174.0
171.0
168.0
173.0
167.0
410.0
143.0
142.0
133.0
163.0
134.0
162.0
140.0
155.0
162.0
174.0
157.0
172.0
153.0
136.0
174.0
120.0
143.0
148.0
407.0
136.0
145.0
135.0
484.0
169.0
162.0
164.0
150.0
177.0
149.0
176.0
146.0
160.0
168.0
136.0
168.0
146.0
398.0
174.0
172.0
448.0
168.0
481.0
167.0
438.0
164.0
151.0
132.0
160.0
171.0
171.0
171.0
170.0
149.0
146.0
132.0
147.0
136.0
130.0
123.0
176.0
453.0
146.0
165.0
159.0
141.0
142.0
365.0
148.0
155.0
137.0
137.0
470.0
137.0
158.0
145.0
163.0
168.0
169.0
175.0
141.0
436.0
152.0
477.0
432.0
428.0
131.0
435.0
469.0
423.0
390.0
425.0
457.0
407.0
388.0
401.0
447.0
434.0
491.0
395.0
473.0
148.0
171.0
134.0
176.0
157.0
161.0
151.0
139.0
130.0
173.0
140.0
490.0
442.0
406.0
456.0
372.0
472.0
157.0
154.0
170.0
165.0
181.0
133.0
148.0
365.0
174.0
169.0
130.0
158.0
142.0
140.0
163.0
159.0
170.0
169.0
141.0
161.0
169.0
160.0
163.0
138.0
145.0
131.0
386.0
171.0
135.0
131.0
165.0
153.0
153.0
138.0
461.0
409.0
370.0
427.0
387.0
429.0
487.0
482.0
460.0
428.0
411.0
363.0
162.0
147.0
164.0
166.0
159.0
173.0
150.0
168.0
379.0
168.0
156.0
147.0
141.0
172.0
157.0
173.0
167.0
155.0
173.0
136.0
172.0
141.0
147.0
161.0
150.0
169.0
137.0
492.0
141.0
156.0
151.0
394.0
163.0
147.0
156.0
162.0
159.0
174.0
140.0
147.0
147.0
142.0
152.0
137.0
140.0
377.0
139.0
131.0
372.0
135.0
406.0
150.0
436.0
175.0
141.0
134.0
167.0
151.0
167.0
154.0
171.0
157.0
140.0
138.0
163.0
132.0
160.0
151.0
173.0
435.0
171.0
154.0
175.0
172.0
130.0
423.0
153.0
174.0
171.0
167.0
462.0
165.0
140.0
167.0
154.0
147.0
139.0
134.0
169.0
415.0
174.0
381.0
458.0
483.0
162.0
486.0
397.0
459.0
373.0
458.0
365.0
490.0
461.0
395.0
458.0
390.0
476.0
435.0
423.0
177.0
158.0
155.0
175.0
145.0
163.0
164.0
161.0
146.0
147.0
175.0
461.0
425.0
401.0
477.0
380.0
458.0
163.0
158.0
139.0
192.0
176.0
173.0
174.0
487.0
155.0
159.0
149.0
131.0
134.0
137.0
136.0
141.0
132.0
160.0
148.0
148.0
139.0
164.0
165.0
168.0
171.0
132.0
433.0
146.0
164.0
138.0
152.0
132.0
163.0
148.0
403.0
435.0
415.0
434.0
465.0
486.0
474.0
474.0
413.0
452.0
470.0
436.0
170.0
134.0
142.0
164.0
131.0
139.0
135.0
146.0
492.0
130.0
165.0
175.0
133.0
163.0
176.0
139.0
164.0
130.0
145.0
170.0
173.0
132.0
152.0
168.0
132.0
142.0
174.0
428.0
141.0
133.0
171.0
467.0
173.0
161.0
148.0
165.0
168.0
176.0
150.0
152.0
162.0
161.0
148.0
166.0
171.0
426.0
148.0
170.0
386.0
175.0
366.0
174.0
450.0
157.0
157.0
142.0
152.0
142.0
146.0
159.0
154.0
172.0
149.0
165.0
141.0
169.0
139.0
122.0
139.0
363.0
150.0
145.0
175.0
176.0
146.0
369.0
160.0
176.0
149.0
134.0
366.0
158.0
170.0
141.0
131.0
135.0
166.0
175.0
140.0
418.0
153.0
486.0
403.0
473.0
160.0
415.0
367.0
419.0
470.0
419.0
480.0
463.0
407.0
472.0
413.0
366.0
483.0
384.0
364.0
176.0
146.0
174.0
135.0
138.0
174.0
135.0
135.0
151.0
168.0
158.0
493.0
437.0
425.0
485.0
482.0
443.0
149.0
171.0
149.0
176.0
174.0
144.0
153.0
380.0
173.0
156.0
157.0
163.0
168.0
145.0
136.0
176.0
132.0
161.0
154.0
163.0
146.0
170.0
139.0
147.0
173.0
163.0
425.0
177.0
156.0
133.0
154.0
140.0
173.0
162.0
370.0
371.0
461.0
489.0
380.0
437.0
390.0
492.0
486.0
493.0
470.0
463.0
149.0
142.0
151.0
132.0
141.0
173.0
155.0
168.0
418.0
164.0
146.0
166.0
150.0
161.0
174.0
175.0
171.0
133.0
146.0
169.0
174.0
177.0
176.0
156.0
118.0
137.0
136.0
450.0
142.0
134.0
151.0
488.0
133.0
135.0
148.0
149.0
170.0
161.0
139.0
155.0
153.0
162.0
135.0
151.0
147.0
404.0
147.0
151.0
480.0
135.0
428.0
131.0
484.0
152.0
137.0
159.0
167.0
173.0
139.0
147.0
150.0
157.0
158.0
162.0
171.0
177.0
133.0
144.0
136.0
482.0
164.0
131.0
142.0
170.0
158.0
445.0
139.0
160.0
167.0
168.0
406.0
133.0
152.0
166.0
148.0
152.0
131.0
137.0
163.0
467.0
132.0
386.0
366.0
433.0
140.0
401.0
463.0
443.0
480.0
394.0
464.0
485.0
369.0
471.0
422.0
413.0
388.0
451.0
470.0
150.0
134.0
173.0
152.0
152.0
146.0
155.0
175.0
171.0
156.0
164.0
464.0
489.0
398.0
461.0
494.0
463.0
175.0
164.0
154.0
161.0
152.0
165.0
176.0
427.0
138.0
136.0
143.0
139.0
131.0
155.0
173.0
164.0
157.0
148.0
166.0
174.0
166.0
174.0
136.0
158.0
163.0
166.0
458.0
172.0
174.0
148.0
146.0
172.0
168.0
167.0
414.0
420.0
364.0
436.0
389.0
492.0
477.0
368.0
373.0
378.0
436.0
481.0
151.0
132.0
169.0
165.0
151.0
142.0
162.0
174.0
484.0
169.0
130.0
156.0
164.0
155.0
144.0
140.0
165.0
155.0
165.0
141.0
167.0
130.0
158.0
144.0
139.0
158.0
146.0
450.0
132.0
131.0
142.0
416.0
153.0
151.0
140.0
156.0
141.0
155.0
174.0
171.0
153.0
131.0
142.0
155.0
135.0
426.0
151.0
147.0
394.0
152.0
425.0
177.0
485.0
147.0
138.0
137.0
139.0
151.0
172.0
142.0
168.0
177.0
142.0
164.0
163.0
162.0
158.0
135.0
177.0
420.0
176.0
163.0
172.0
141.0
136.0
411.0
130.0
135.0
177.0
136.0
473.0
167.0
176.0
141.0
152.0
133.0
159.0
173.0
162.0
462.0
155.0
421.0
379.0
427.0
176.0
462.0
379.0
425.0
367.0
494.0
412.0
394.0
422.0
386.0
446.0
387.0
481.0
380.0
487.0
164.0
160.0
133.0
140.0
133.0
141.0
159.0
139.0
175.0
167.0
142.0
485.0
363.0
454.0
401.0
433.0
427.0
172.0
167.0
165.0
180.0
171.0
150.0
151.0
369.0
173.0
175.0
148.0
148.0
132.0
151.0
159.0
167.0
173.0
139.0
148.0
152.0
170.0
147.0
160.0
138.0
146.0
172.0
382.0
133.0
168.0
155.0
130.0
161.0
131.0
160.0
393.0
459.0
470.0
398.0
416.0
487.0
424.0
461.0
446.0
413.0
486.0
456.0
151.0
176.0
170.0
139.0
145.0
174.0
165.0
152.0
471.0
153.0
142.0
158.0
164.0
151.0
133.0
162.0
158.0
154.0
165.0
168.0
154.0
149.0
172.0
161.0
118.0
136.0
149.0
430.0
144.0
169.0
152.0
376.0
144.0
147.0
154.0
150.0
158.0
148.0
164.0
171.0
166.0
147.0
156.0
154.0
169.0
400.0
130.0
140.0
378.0
155.0
402.0
160.0
431.0
147.0
165.0
168.0
134.0
134.0
172.0
158.0
150.0
165.0
163.0
172.0
134.0
162.0
167.0
123.0
134.0
467.0
144.0
154.0
143.0
135.0
174.0
392.0
132.0
161.0
138.0
165.0
466.0
147.0
159.0
155.0
164.0
130.0
130.0
131.0
158.0
464.0
158.0
478.0
479.0
432.0
159.0
437.0
428.0
400.0
366.0
381.0
443.0
414.0
382.0
443.0
435.0
368.0
424.0
490.0
379.0
161.0
168.0
134.0
170.0
175.0
169.0
175.0
174.0
162.0
149.0
174.0
472.0
450.0
412.0
487.0
481.0
394.0
158.0
171.0
156.0
179.0
184.0
162.0
157.0
470.0
173.0
166.0
169.0
161.0
139.0
163.0
153.0
158.0
150.0
154.0
146.0
164.0
177.0
167.0
169.0
160.0
149.0
160.0
400.0
132.0
172.0
141.0
169.0
164.0
142.0
135.0
408.0
442.0
443.0
486.0
446.0
397.0
467.0
375.0
374.0
471.0
470.0
416.0
133.0
134.0
159.0
173.0
157.0
163.0
165.0
145.0
457.0
144.0
170.0
169.0
154.0
136.0
143.0
139.0
165.0
163.0
131.0
141.0
161.0
138.0
160.0
155.0
126.0
160.0
141.0
419.0
159.0
169.0
146.0
368.0
168.0
145.0
156.0
168.0
175.0
164.0
174.0
153.0
134.0
146.0
162.0
130.0
167.0
380.0
170.0
151.0
384.0
132.0
463.0
131.0
451.0
133.0
142.0
166.0
170.0
166.0
155.0
150.0
166.0
160.0
167.0
172.0
148.0
133.0
164.0
141.0
155.0
427.0
143.0
130.0
146.0
175.0
154.0
436.0
163.0
155.0
163.0
174.0
443.0
167.0
152.0
138.0
154.0
162.0
166.0
168.0
153.0
418.0
157.0
469.0
437.0
366.0
164.0
445.0
475.0
493.0
437.0
386.0
463.0
475.0
373.0
436.0
421.0
481.0
409.0
493.0
472.0
137.0
148.0
134.0
146.0
150.0
175.0
156.0
130.0
133.0
169.0
170.0
429.0
444.0
419.0
412.0
407.0
454.0
133.0
151.0
145.0
189.0
160.0
171.0
130.0
478.0
167.0
171.0
156.0
162.0
141.0
131.0
151.0
148.0
154.0
174.0
176.0
177.0
151.0
144.0
145.0
135.0
135.0
142.0
445.0
163.0
176.0
145.0
150.0
152.0
159.0
144.0
446.0
472.0
463.0
480.0
410.0
367.0
458.0
494.0
454.0
462.0
477.0
470.0
135.0
145.0
154.0
147.0
139.0
139.0
143.0
176.0
442.0
161.0
177.0
165.0
168.0
154.0
161.0
143.0
169.0
151.0
168.0
130.0
172.0
154.0
162.0
170.0
119.0
146.0
163.0
407.0
148.0
160.0
144.0
367.0
149.0
169.0
141.0
138.0
143.0
161.0
154.0
165.0
158.0
163.0
138.0
153.0
169.0
434.0
133.0
154.0
468.0
137.0
405.0
147.0
403.0
139.0
165.0
130.0
168.0
157.0
165.0
172.0
145.0
135.0
158.0
134.0
154.0
169.0
157.0
121.0
173.0
491.0
161.0
155.0
148.0
154.0
147.0
407.0
176.0
134.0
158.0
135.0
443.0
162.0
163.0
150.0
162.0
172.0
177.0
151.0
138.0
405.0
159.0
410.0
373.0
404.0
150.0
397.0
476.0
416.0
386.0
462.0
463.0
488.0
398.0
381.0
492.0
475.0
475.0
481.0
458.0
151.0
138.0
133.0
134.0
171.0
133.0
155.0
137.0
152.0
149.0
144.0
437.0
390.0
443.0
408.0
448.0
483.0
169.0
169.0
171.0
204.0
157.0
144.0
136.0
458.0
159.0
152.0
177.0
131.0
144.0
166.0
144.0
177.0
168.0
154.0
148.0
150.0
168.0
156.0
172.0
160.0
152.0
165.0
378.0
133.0
137.0
152.0
139.0
144.0
164.0
142.0
439.0
400.0
412.0
366.0
443.0
482.0
409.0
444.0
406.0
378.0
406.0
450.0
151.0
149.0
145.0
167.0
156.0
136.0
136.0
176.0
444.0
139.0
174.0
144.0
158.0
132.0
150.0
156.0
162.0
165.0
165.0
146.0
140.0
173.0
169.0
169.0
144.0
166.0
138.0
371.0
166.0
137.0
136.0
434.0
131.0
167.0
130.0
162.0
139.0
175.0
167.0
135.0
149.0
138.0
147.0
175.0
131.0
467.0
135.0
165.0
431.0
153.0
460.0
149.0
490.0
135.0
157.0
153.0
172.0
148.0
152.0
168.0
163.0
139.0
139.0
168.0
161.0
170.0
139.0
134.0
140.0
399.0
164.0
141.0
141.0
176.0
169.0
403.0
144.0
159.0
172.0
165.0
394.0
175.0
153.0
148.0
157.0
133.0
168.0
169.0
145.0
465.0
175.0
435.0
460.0
439.0
175.0
418.0
419.0
369.0
369.0
426.0
413.0
483.0
458.0
465.0
458.0
435.0
445.0
451.0
481.0
158.0
146.0
171.0
135.0
174.0
148.0
131.0
176.0
135.0
144.0
170.0
433.0
375.0
408.0
471.0
411.0
490.0
149.0
136.0
154.0
192.0
158.0
150.0
130.0
417.0
132.0
148.0
164.0
154.0
170.0
145.0
153.0
169.0
145.0
141.0
172.0
160.0
134.0
132.0
133.0
165.0
141.0
174.0
425.0
165.0
132.0
138.0
160.0
158.0
166.0
155.0
469.0
398.0
363.0
412.0
444.0
380.0
384.0
386.0
494.0
409.0
374.0
446.0
162.0
153.0
170.0
130.0
145.0
174.0
134.0
142.0
385.0
175.0
165.0
176.0
148.0
156.0
166.0
143.0
167.0
150.0
140.0
143.0
161.0
146.0
134.0
155.0
136.0
150.0
144.0
475.0
172.0
156.0
133.0
384.0
153.0
132.0
158.0
149.0
175.0
154.0
153.0
167.0
172.0
143.0
158.0
154.0
148.0
494.0
137.0
138.0
483.0
139.0
419.0
142.0
422.0
174.0
134.0
152.0
173.0
166.0
138.0
170.0
130.0
167.0
146.0
171.0
141.0
148.0
163.0
151.0
164.0
494.0
159.0
137.0
160.0
174.0
171.0
487.0
138.0
139.0
155.0
145.0
444.0
164.0
144.0
162.0
144.0
158.0
167.0
139.0
157.0
491.0
159.0
432.0
463.0
364.0
170.0
403.0
367.0
494.0
398.0
448.0
435.0
376.0
442.0
425.0
408.0
370.0
438.0
442.0
443.0
140.0
153.0
168.0
162.0
176.0
158.0
145.0
162.0
154.0
162.0
152.0
438.0
397.0
400.0
400.0
384.0
451.0
165.0
161.0
152.0
157.0
159.0
131.0
136.0
473.0
138.0
158.0
134.0
168.0
146.0
176.0
152.0
139.0
155.0
155.0
164.0
140.0
160.0
159.0
136.0
166.0
158.0
167.0
400.0
153.0
139.0
165.0
149.0
169.0
171.0
132.0
403.0
469.0
421.0
422.0
431.0
442.0
389.0
401.0
464.0
429.0
375.0
480.0
133.0
151.0
168.0
144.0
168.0
140.0
172.0
167.0
474.0
149.0
147.0
163.0
142.0
144.0
154.0
172.0
155.0
148.0
154.0
155.0
136.0
145.0
149.0
136.0
141.0
148.0
149.0
411.0
166.0
171.0
159.0
435.0
169.0
160.0
162.0
131.0
138.0
146.0
159.0
134.0
147.0
160.0
154.0
170.0
172.0
390.0
136.0
142.0
375.0
134.0
370.0
148.0
489.0
131.0
170.0
147.0
152.0
174.0
177.0
170.0
157.0
133.0
145.0
167.0
133.0
130.0
150.0
147.0
169.0
471.0
161.0
174.0
142.0
177.0
170.0
384.0
176.0
171.0
147.0
132.0
469.0
172.0
159.0
140.0
176.0
162.0
174.0
162.0
169.0
472.0
146.0
377.0
431.0
489.0
169.0
394.0
441.0
421.0
482.0
419.0
392.0
463.0
487.0
364.0
458.0
422.0
389.0
366.0
419.0
135.0
156.0
143.0
139.0
174.0
161.0
134.0
134.0
157.0
168.0
176.0
469.0
460.0
447.0
374.0
402.0
390.0
160.0
149.0
146.0
188.0
163.0
167.0
175.0
414.0
140.0
152.0
143.0
159.0
131.0
149.0
176.0
140.0
167.0
130.0
144.0
166.0
167.0
165.0
162.0
163.0
142.0
163.0
375.0
154.0
153.0
146.0
165.0
151.0
169.0
171.0
369.0
408.0
392.0
472.0
407.0
391.0
453.0
368.0
420.0
482.0
368.0
372.0
165.0
176.0
156.0
150.0
143.0
157.0
141.0
162.0
392.0
170.0
144.0
175.0
161.0
147.0
162.0
146.0
153.0
150.0
162.0
152.0
175.0
148.0
153.0
142.0
117.0
137.0
161.0
401.0
144.0
159.0
175.0
448.0
173.0
173.0
143.0
131.0
131.0
139.0
160.0
148.0
173.0
169.0
176.0
165.0
150.0
364.0
164.0
152.0
425.0
140.0
399.0
150.0
410.0
174.0
162.0
169.0
138.0
161.0
142.0
161.0
142.0
138.0
132.0
171.0
152.0
147.0
139.0
142.0
175.0
411.0
159.0
150.0
147.0
157.0
170.0
367.0
174.0
171.0
157.0
145.0
467.0
143.0
143.0
152.0
148.0
159.0
143.0
153.0
131.0
491.0
130.0
456.0
449.0
394.0
172.0
456.0
461.0
461.0
465.0
392.0
434.0
480.0
427.0
446.0
397.0
410.0
471.0
488.0
492.0
137.0
145.0
165.0
141.0
162.0
153.0
133.0
156.0
160.0
146.0
155.0
443.0
386.0
427.0
387.0
419.0
479.0
174.0
152.0
136.0
186.0
183.0
166.0
132.0
459.0
173.0
143.0
176.0
172.0
160.0
176.0
144.0
132.0
165.0
134.0
175.0
143.0
155.0
154.0
154.0
132.0
132.0
165.0
486.0
149.0
133.0
143.0
166.0
165.0
140.0
132.0
460.0
472.0
452.0
457.0
378.0
391.0
429.0
394.0
398.0
434.0
447.0
363.0
139.0
174.0
131.0
144.0
138.0
168.0
155.0
137.0
442.0
165.0
147.0
156.0
163.0
177.0
153.0
163.0
165.0
137.0
131.0
176.0
131.0
167.0
160.0
149.0
132.0
138.0
156.0
369.0
174.0
148.0
148.0
443.0
139.0
149.0
152.0
135.0
167.0
132.0
165.0
151.0
158.0
165.0
167.0
139.0
174.0
447.0
155.0
172.0
367.0
145.0
431.0
163.0
428.0
155.0
173.0
154.0
160.0
134.0
159.0
139.0
150.0
154.0
147.0
136.0
165.0
157.0
130.0
118.0
130.0
369.0
140.0
141.0
144.0
145.0
172.0
487.0
163.0
154.0
165.0
136.0
427.0
155.0
148.0
161.0
144.0
169.0
154.0
132.0
148.0
402.0
142.0
390.0
438.0
365.0
154.0
475.0
471.0
382.0
493.0
386.0
380.0
388.0
424.0
466.0
397.0
381.0
374.0
377.0
458.0
154.0
176.0
165.0
171.0
139.0
154.0
150.0
175.0
153.0
169.0
158.0
443.0
371.0
441.0
465.0
386.0
402.0
131.0
137.0
158.0
184.0
196.0
138.0
132.0
417.0
134.0
131.0
147.0
148.0
138.0
145.0
133.0
144.0
137.0
139.0
151.0
133.0
162.0
172.0
173.0
148.0
137.0
152.0
482.0
168.0
131.0
177.0
163.0
136.0
175.0
161.0
379.0
391.0
423.0
429.0
491.0
407.0
426.0
455.0
434.0
490.0
372.0
449.0
166.0
155.0
168.0
145.0
163.0
151.0
137.0
152.0
409.0
161.0
146.0
170.0
139.0
140.0
174.0
151.0
173.0
170.0
168.0
150.0
175.0
155.0
148.0
135.0
116.0
150.0
150.0
423.0
149.0
161.0
151.0
464.0
153.0
130.0
172.0
150.0
175.0
142.0
145.0
138.0
161.0
172.0
155.0
173.0
150.0
423.0
139.0
149.0
438.0
154.0
402.0
132.0
472.0
141.0
174.0
160.0
145.0
138.0
167.0
133.0
171.0
144.0
148.0
133.0
140.0
169.0
143.0
131.0
176.0
392.0
152.0
168.0
143.0
141.0
166.0
374.0
139.0
143.0
176.0
176.0
364.0
130.0
175.0
171.0
144.0
148.0
138.0
158.0
163.0
385.0
139.0
441.0
479.0
473.0
131.0
478.0
472.0
431.0
433.0
387.0
468.0
370.0
405.0
380.0
385.0
439.0
448.0
372.0
421.0
137.0
145.0
139.0
171.0
145.0
165.0
134.0
150.0
158.0
150.0
155.0
402.0
412.0
447.0
425.0
367.0
440.0
141.0
156.0
171.0
165.0
180.0
144.0
138.0
440.0
165.0
177.0
159.0
163.0
175.0
134.0
132.0
154.0
169.0
145.0
164.0
155.0
169.0
176.0
147.0
139.0
177.0
136.0
466.0
139.0
137.0
164.0
139.0
147.0
142.0
163.0
381.0
473.0
364.0
443.0
408.0
483.0
413.0
429.0
475.0
422.0
416.0
367.0
157.0
170.0
145.0
170.0
165.0
136.0
134.0
174.0
381.0
147.0
168.0
152.0
133.0
163.0
154.0
136.0
141.0
158.0
147.0
144.0
145.0
138.0
152.0
140.0
140.0
157.0
147.0
389.0
160.0
170.0
139.0
437.0
169.0
170.0
150.0
165.0
145.0
133.0
173.0
166.0
138.0
143.0
133.0
133.0
175.0
450.0
166.0
145.0
441.0
156.0
434.0
170.0
453.0
135.0
158.0
161.0
150.0
163.0
172.0
138.0
177.0
143.0
166.0
146.0
157.0
158.0
147.0
135.0
167.0
486.0
164.0
166.0
130.0
146.0
173.0
380.0
171.0
171.0
134.0
130.0
368.0
150.0
134.0
155.0
165.0
167.0
131.0
130.0
135.0
388.0
174.0
393.0
475.0
452.0
144.0
379.0
391.0
460.0
425.0
456.0
494.0
384.0
465.0
478.0
489.0
387.0
372.0
449.0
417.0
138.0
140.0
131.0
141.0
156.0
144.0
148.0
174.0
162.0
175.0
136.0
418.0
469.0
479.0
376.0
453.0
445.0
158.0
175.0
147.0
183.0
205.0
148.0
132.0
377.0
161.0
170.0
166.0
131.0
154.0
158.0
133.0
163.0
144.0
162.0
151.0
155.0
139.0
151.0
136.0
169.0
170.0
163.0
473.0
149.0
139.0
154.0
137.0
155.0
155.0
146.0
439.0
395.0
424.0
489.0
480.0
400.0
378.0
420.0
398.0
446.0
373.0
363.0
171.0
174.0
150.0
162.0
137.0
148.0
132.0
172.0
434.0
175.0
132.0
157.0
139.0
132.0
133.0
150.0
169.0
169.0
169.0
145.0
176.0
175.0
169.0
177.0
112.0
150.0
155.0
428.0
177.0
160.0
140.0
396.0
132.0
176.0
146.0
152.0
167.0
164.0
135.0
140.0
135.0
163.0
152.0
162.0
149.0
384.0
134.0
135.0
463.0
131.0
450.0
164.0
481.0
132.0
162.0
151.0
134.0
167.0
164.0
138.0
172.0
158.0
157.0
135.0
161.0
160.0
133.0
123.0
142.0
479.0
143.0
149.0
148.0
159.0
141.0
414.0
136.0
164.0
170.0
147.0
388.0
177.0
145.0
142.0
157.0
136.0
134.0
171.0
160.0
377.0
155.0
372.0
488.0
381.0
160.0
484.0
400.0
438.0
443.0
410.0
468.0
378.0
458.0
371.0
365.0
427.0
404.0
439.0
410.0
147.0
163.0
161.0
139.0
131.0
173.0
163.0
168.0
147.0
141.0
150.0
451.0
486.0
427.0
413.0
478.0
393.0
153.0
168.0
161.0
180.0
182.0
132.0
149.0
457.0
157.0
155.0
155.0
149.0
140.0
167.0
136.0
157.0
143.0
143.0
145.0
131.0
174.0
133.0
154.0
154.0
134.0
141.0
406.0
163.0
153.0
131.0
163.0
139.0
144.0
165.0
407.0
405.0
457.0
365.0
446.0
387.0
431.0
384.0
480.0
484.0
447.0
416.0
139.0
171.0
143.0
153.0
143.0
162.0
177.0
161.0
433.0
133.0
130.0
147.0
158.0
173.0
150.0
171.0
155.0
174.0
136.0
169.0
146.0
143.0
173.0
147.0
121.0
149.0
155.0
406.0
141.0
141.0
134.0
467.0
159.0
170.0
132.0
161.0
159.0
158.0
152.0
150.0
139.0
157.0
152.0
134.0
173.0
394.0
170.0
170.0
375.0
136.0
438.0
144.0
472.0
136.0
154.0
167.0
168.0
165.0
153.0
163.0
152.0
147.0
156.0
151.0
152.0
154.0
142.0
131.0
141.0
421.0
136.0
172.0
130.0
157.0
161.0
490.0
170.0
166.0
160.0
134.0
423.0
146.0
143.0
167.0
165.0
143.0
134.0
167.0
148.0
402.0
169.0
407.0
489.0
391.0
140.0
388.0
429.0
395.0
436.0
374.0
399.0
382.0
466.0
429.0
397.0
488.0
388.0
376.0
456.0
134.0
160.0
134.0
162.0
135.0
168.0
151.0
152.0
175.0
136.0
164.0
390.0
489.0
390.0
476.0
388.0
474.0
132.0
144.0
165.0
158.0
165.0
139.0
156.0
365.0
176.0
160.0
165.0
173.0
162.0
139.0
143.0
153.0
146.0
175.0
152.0
141.0
135.0
136.0
153.0
145.0
160.0
134.0
402.0
159.0
137.0
159.0
148.0
156.0
150.0
160.0
394.0
481.0
478.0
400.0
412.0
482.0
448.0
479.0
415.0
405.0
428.0
464.0
151.0
134.0
155.0
148.0
169.0
171.0
143.0
154.0
370.0
163.0
170.0
156.0
137.0
145.0
166.0
169.0
139.0
133.0
173.0
171.0
158.0
149.0
177.0
166.0
114.0
148.0
164.0
374.0
174.0
163.0
145.0
398.0
167.0
176.0
172.0
176.0
163.0
161.0
139.0
141.0
167.0
163.0
171.0
139.0
147.0
415.0
142.0
165.0
412.0
160.0
472.0
156.0
463.0
151.0
164.0
134.0
166.0
172.0
170.0
157.0
153.0
152.0
173.0
143.0
145.0
149.0
165.0
126.0
160.0
490.0
137.0
136.0
149.0
148.0
142.0
448.0
144.0
161.0
167.0
167.0
409.0
146.0
172.0
148.0
158.0
136.0
151.0
176.0
174.0
473.0
177.0
406.0
411.0
378.0
161.0
448.0
379.0
490.0
452.0
399.0
428.0
482.0
436.0
404.0
412.0
408.0
470.0
394.0
469.0
154.0
174.0
165.0
176.0
131.0
173.0
140.0
155.0
175.0
153.0
153.0
379.0
476.0
381.0
369.0
436.0
400.0
144.0
159.0
176.0
189.0
161.0
167.0
177.0
446.0
155.0
146.0
153.0
177.0
136.0
136.0
166.0
137.0
153.0
173.0
138.0
162.0
152.0
147.0
145.0
130.0
164.0
141.0
443.0
173.0
173.0
149.0
154.0
176.0
155.0
131.0
371.0
385.0
397.0
424.0
427.0
416.0
444.0
420.0
444.0
444.0
399.0
432.0
167.0
163.0
131.0
139.0
153.0
149.0
154.0
161.0
436.0
131.0
142.0
156.0
177.0
149.0
143.0
138.0
164.0
163.0
165.0
152.0
156.0
172.0
141.0
151.0
133.0
168.0
149.0
434.0
143.0
157.0
152.0
465.0
175.0
146.0
158.0
147.0
172.0
163.0
133.0
160.0
149.0
162.0
133.0
158.0
174.0
419.0
135.0
145.0
419.0
161.0
441.0
148.0
402.0
138.0
143.0
165.0
157.0
170.0
140.0
156.0
149.0
151.0
165.0
156.0
145.0
154.0
147.0
116.0
146.0
441.0
171.0
165.0
143.0
160.0
165.0
430.0
163.0
170.0
176.0
143.0
396.0
168.0
163.0
143.0
155.0
152.0
133.0
140.0
159.0
387.0
164.0
427.0
480.0
390.0
156.0
367.0
458.0
370.0
409.0
403.0
426.0
460.0
490.0
415.0
424.0
464.0
490.0
448.0
363.0
153.0
161.0
176.0
170.0
136.0
143.0
172.0
152.0
152.0
153.0
171.0
481.0
385.0
447.0
434.0
399.0
405.0
152.0
177.0
145.0
172.0
203.0
133.0
141.0
445.0
153.0
138.0
165.0
143.0
147.0
161.0
151.0
145.0
174.0
135.0
158.0
165.0
170.0
143.0
176.0
141.0
143.0
175.0
423.0
136.0
146.0
146.0
151.0
176.0
170.0
132.0
406.0
431.0
442.0
486.0
437.0
457.0
394.0
370.0
380.0
480.0
494.0
454.0
144.0
154.0
136.0
140.0
137.0
177.0
169.0
131.0
388.0
150.0
164.0
137.0
172.0
151.0
157.0
133.0
142.0
139.0
150.0
164.0
158.0
153.0
160.0
133.0
112.0
159.0
145.0
420.0
151.0
174.0
138.0
428.0
138.0
163.0
170.0
171.0
143.0
164.0
140.0
148.0
143.0
149.0
140.0
161.0
175.0
460.0
131.0
158.0
388.0
177.0
371.0
161.0
412.0
142.0
163.0
148.0
153.0
141.0
171.0
148.0
132.0
158.0
175.0
159.0
158.0
136.0
157.0
145.0
146.0
411.0
142.0
151.0
177.0
149.0
176.0
425.0
140.0
131.0
134.0
164.0
364.0
157.0
145.0
166.0
170.0
177.0
155.0
162.0
166.0
483.0
160.0
469.0
417.0
494.0
173.0
437.0
460.0
455.0
413.0
384.0
365.0
375.0
377.0
400.0
413.0
446.0
460.0
413.0
466.0
170.0
151.0
138.0
150.0
150.0
137.0
148.0
171.0
138.0
156.0
170.0
401.0
439.0
453.0
428.0
476.0
416.0
167.0
174.0
130.0
168.0
182.0
153.0
130.0
364.0
150.0
135.0
148.0
155.0
145.0
142.0
170.0
151.0
166.0
174.0
166.0
155.0
157.0
148.0
159.0
167.0
160.0
174.0
460.0
174.0
132.0
149.0
138.0
147.0
131.0
157.0
464.0
461.0
387.0
372.0
446.0
399.0
376.0
421.0
442.0
482.0
408.0
387.0
149.0
176.0
142.0
144.0
156.0
152.0
143.0
149.0
391.0
152.0
159.0
151.0
164.0
159.0
147.0
165.0
142.0
169.0
158.0
166.0
175.0
139.0
130.0
174.0
131.0
143.0
173.0
392.0
169.0
176.0
172.0
433.0
175.0
154.0
153.0
133.0
143.0
159.0
146.0
176.0
149.0
160.0
133.0
147.0
149.0
406.0
156.0
136.0
468.0
147.0
437.0
146.0
460.0
133.0
172.0
133.0
134.0
166.0
135.0
131.0
166.0
161.0
137.0
140.0
132.0
147.0
174.0
137.0
130.0
402.0
171.0
159.0
139.0
163.0
171.0
410.0
140.0
175.0
151.0
168.0
485.0
144.0
163.0
171.0
139.0
147.0
154.0
161.0
159.0
373.0
136.0
388.0
453.0
456.0
130.0
471.0
366.0
383.0
449.0
398.0
490.0
485.0
437.0
380.0
433.0
385.0
488.0
492.0
420.0
169.0
152.0
165.0
170.0
169.0
142.0
169.0
174.0
163.0
134.0
135.0
427.0
387.0
400.0
492.0
375.0
463.0
170.0
163.0
161.0
207.0
205.0
138.0
145.0
384.0
155.0
158.0
175.0
168.0
171.0
165.0
173.0
167.0
144.0
165.0
156.0
142.0
156.0
161.0
168.0
156.0
177.0
142.0
365.0
175.0
144.0
164.0
146.0
160.0
132.0
141.0
466.0
442.0
368.0
446.0
461.0
374.0
472.0
448.0
397.0
471.0
427.0
404.0
163.0
148.0
154.0
165.0
148.0
132.0
157.0
133.0
428.0
149.0
149.0
155.0
134.0
140.0
136.0
176.0
144.0
150.0
166.0
173.0
176.0
155.0
162.0
143.0
116.0
146.0
137.0
439.0
135.0
130.0
162.0
457.0
162.0
177.0
140.0
169.0
169.0
134.0
165.0
134.0
140.0
170.0
174.0
137.0
169.0
493.0
150.0
164.0
372.0
159.0
431.0
152.0
393.0
142.0
169.0
134.0
136.0
142.0
154.0
154.0
164.0
172.0
172.0
149.0
142.0
131.0
165.0
131.0
131.0
462.0
156.0
142.0
146.0
166.0
148.0
384.0
142.0
159.0
148.0
152.0
434.0
144.0
170.0
137.0
155.0
147.0
147.0
163.0
132.0
376.0
170.0
430.0
435.0
480.0
173.0
423.0
366.0
373.0
401.0
455.0
431.0
381.0
378.0
467.0
379.0
434.0
400.0
458.0
483.0
173.0
143.0
149.0
136.0
145.0
130.0
166.0
159.0
165.0
161.0
151.0
394.0
380.0
457.0
474.0
483.0
428.0
151.0
165.0
148.0
153.0
183.0
136.0
171.0
385.0
175.0
163.0
142.0
136.0
159.0
139.0
155.0
144.0
137.0
158.0
149.0
149.0
158.0
169.0
156.0
160.0
142.0
157.0
482.0
167.0
174.0
131.0
160.0
148.0
167.0
134.0
391.0
394.0
424.0
401.0
405.0
461.0
442.0
366.0
444.0
398.0
421.0
404.0
163.0
130.0
152.0
137.0
165.0
148.0
140.0
171.0
423.0
173.0
156.0
148.0
164.0
172.0
141.0
130.0
165.0
159.0
152.0
148.0
156.0
164.0
164.0
161.0
132.0
175.0
141.0
476.0
170.0
159.0
158.0
405.0
155.0
140.0
167.0
144.0
175.0
141.0
137.0
149.0
134.0
136.0
151.0
148.0
154.0
461.0
176.0
149.0
375.0
166.0
491.0
166.0
388.0
144.0
157.0
170.0
130.0
139.0
146.0
160.0
133.0
173.0
145.0
138.0
145.0
137.0
147.0
138.0
131.0
408.0
176.0
138.0
155.0
168.0
176.0
423.0
170.0
144.0
161.0
155.0
365.0
134.0
145.0
168.0
150.0
162.0
148.0
168.0
133.0
401.0
151.0
396.0
430.0
380.0
171.0
447.0
376.0
415.0
481.0
396.0
451.0
443.0
398.0
409.0
482.0
420.0
363.0
494.0
463.0
146.0
166.0
160.0
131.0
160.0
165.0
159.0
158.0
165.0
144.0
173.0
404.0
459.0
448.0
383.0
386.0
447.0
144.0
153.0
152.0
199.0
159.0
169.0
134.0
444.0
139.0
157.0
173.0
164.0
168.0
134.0
149.0
159.0
142.0
134.0
149.0
155.0
148.0
131.0
171.0
157.0
176.0
138.0
394.0
166.0
147.0
157.0
154.0
146.0
175.0
162.0
381.0
364.0
426.0
477.0
431.0
466.0
400.0
396.0
438.0
465.0
476.0
448.0
161.0
130.0
145.0
151.0
173.0
175.0
172.0
167.0
464.0
163.0
137.0
147.0
131.0
157.0
176.0
161.0
177.0
172.0
142.0
149.0
157.0
136.0
165.0
169.0
151.0
155.0
174.0
437.0
171.0
137.0
146.0
439.0
168.0
160.0
132.0
159.0
152.0
151.0
136.0
157.0
175.0
140.0
147.0
137.0
136.0
421.0
150.0
158.0
481.0
164.0
401.0
149.0
457.0
144.0
165.0
144.0
172.0
150.0
137.0
164.0
148.0
136.0
172.0
174.0
141.0
137.0
174.0
117.0
162.0
494.0
166.0
148.0
166.0
175.0
156.0
410.0
174.0
173.0
176.0
171.0
476.0
148.0
154.0
177.0
159.0
161.0
176.0
134.0
164.0
408.0
143.0
382.0
493.0
468.0
142.0
375.0
366.0
454.0
464.0
386.0
449.0
388.0
368.0
422.0
487.0
447.0
461.0
490.0
417.0
172.0
165.0
143.0
157.0
154.0
147.0
142.0
132.0
157.0
141.0
152.0
448.0
442.0
424.0
426.0
421.0
390.0
174.0
170.0
160.0
165.0
156.0
167.0
157.0
416.0
143.0
156.0
144.0
177.0
164.0
148.0
169.0
172.0
151.0
138.0
152.0
136.0
174.0
140.0
141.0
163.0
147.0
142.0
393.0
138.0
153.0
173.0
135.0
157.0
165.0
162.0
442.0
446.0
483.0
365.0
406.0
485.0
449.0
381.0
406.0
490.0
449.0
441.0
143.0
135.0
132.0
159.0
143.0
164.0
159.0
131.0
426.0
142.0
167.0
131.0
133.0
166.0
147.0
141.0
157.0
148.0
161.0
166.0
134.0
167.0
151.0
135.0
122.0
136.0
169.0
420.0
170.0
170.0
166.0
395.0
154.0
159.0
148.0
154.0
169.0
150.0
168.0
131.0
166.0
134.0
143.0
141.0
150.0
370.0
174.0
132.0
404.0
159.0
403.0
141.0
450.0
169.0
163.0
158.0
163.0
161.0
156.0
160.0
166.0
153.0
130.0
171.0
150.0
156.0
168.0
144.0
156.0
382.0
153.0
130.0
153.0
170.0
154.0
414.0
174.0
167.0
159.0
169.0
411.0
168.0
164.0
147.0
171.0
143.0
132.0
154.0
166.0
432.0
149.0
379.0
436.0
407.0
161.0
366.0
471.0
389.0
482.0
432.0
398.0
468.0
486.0
402.0
375.0
393.0
474.0
387.0
386.0
175.0
132.0
140.0
175.0
144.0
174.0
157.0
173.0
139.0
132.0
156.0
481.0
399.0
410.0
425.0
377.0
452.0
132.0
150.0
132.0
163.0
158.0
135.0
166.0
410.0
147.0
173.0
163.0
176.0
170.0
163.0
150.0
174.0
160.0
134.0
139.0
145.0
162.0
166.0
145.0
144.0
130.0
136.0
437.0
140.0
154.0
165.0
142.0
168.0
138.0
137.0
441.0
451.0
409.0
416.0
422.0
375.0
440.0
470.0
468.0
385.0
365.0
428.0
142.0
163.0
148.0
163.0
162.0
138.0
130.0
146.0
441.0
138.0
161.0
162.0
173.0
151.0
165.0
159.0
151.0
136.0
149.0
163.0
170.0
150.0
165.0
174.0
115.0
163.0
160.0
481.0
171.0
144.0
152.0
474.0
139.0
172.0
148.0
175.0
139.0
151.0
130.0
151.0
171.0
149.0
167.0
163.0
151.0
387.0
142.0
151.0
427.0
146.0
368.0
145.0
451.0
132.0
139.0
130.0
147.0
151.0
154.0
145.0
133.0
154.0
154.0
169.0
150.0
132.0
159.0
126.0
146.0
369.0
146.0
133.0
157.0
164.0
174.0
495.0
161.0
165.0
149.0
156.0
371.0
158.0
132.0
175.0
133.0
135.0
136.0
170.0
157.0
404.0
163.0
431.0
480.0
446.0
149.0
428.0
411.0
459.0
424.0
415.0
395.0
426.0
374.0
392.0
370.0
388.0
364.0
460.0
450.0
167.0
140.0
144.0
154.0
161.0
165.0
157.0
173.0
144.0
134.0
167.0
403.0
391.0
487.0
426.0
464.0
423.0
172.0
133.0
148.0
189.0
181.0
156.0
135.0
483.0
138.0
136.0
143.0
146.0
177.0
162.0
172.0
154.0
135.0
143.0
149.0
130.0
145.0
141.0
152.0
157.0
149.0
151.0
370.0
134.0
171.0
167.0
168.0
168.0
174.0
131.0
424.0
486.0
374.0
427.0
363.0
414.0
394.0
406.0
422.0
405.0
436.0
409.0
166.0
163.0
156.0
151.0
142.0
134.0
162.0
142.0
389.0
147.0
171.0
170.0
173.0
135.0
159.0
172.0
147.0
167.0
150.0
146.0
167.0
135.0
175.0
141.0
127.0
176.0
136.0
474.0
163.0
132.0
164.0
378.0
144.0
177.0
161.0
143.0
137.0
149.0
173.0
150.0
144.0
161.0
147.0
156.0
140.0
461.0
154.0
138.0
465.0
169.0
452.0
158.0
428.0
148.0
132.0
144.0
171.0
172.0
162.0
146.0
163.0
150.0
155.0
149.0
167.0
174.0
175.0
151.0
148.0
453.0
134.0
131.0
149.0
139.0
154.0
478.0
137.0
132.0
163.0
136.0
489.0
173.0
142.0
134.0
141.0
168.0
175.0
173.0
169.0
452.0
143.0
406.0
416.0
417.0
164.0
473.0
420.0
395.0
482.0
433.0
385.0
366.0
475.0
386.0
403.0
443.0
418.0
366.0
434.0
163.0
173.0
155.0
135.0
164.0
153.0
133.0
173.0
148.0
165.0
131.0
369.0
413.0
440.0
393.0
439.0
392.0
144.0
149.0
133.0
200.0
190.0
177.0
141.0
375.0
133.0
169.0
151.0
159.0
139.0
140.0
145.0
143.0
173.0
160.0
145.0
167.0
143.0
172.0
144.0
138.0
157.0
160.0
414.0
162.0
135.0
159.0
156.0
153.0
145.0
158.0
460.0
386.0
458.0
432.0
433.0
393.0
433.0
495.0
466.0
384.0
456.0
481.0
147.0
141.0
148.0
139.0
142.0
160.0
157.0
134.0
447.0
158.0
141.0
171.0
152.0
130.0
177.0
144.0
170.0
149.0
149.0
156.0
148.0
137.0
153.0
159.0
146.0
160.0
157.0
485.0
141.0
154.0
140.0
473.0
130.0
144.0
149.0
168.0
169.0
176.0
140.0
160.0
151.0
151.0
130.0
133.0
142.0
471.0
155.0
157.0
475.0
172.0
438.0
144.0
432.0
155.0
132.0
140.0
154.0
156.0
164.0
139.0
155.0
154.0
131.0
145.0
168.0
147.0
139.0
149.0
168.0
469.0
149.0
132.0
130.0
136.0
136.0
376.0
168.0
159.0
173.0
143.0
419.0
165.0
162.0
166.0
172.0
171.0
164.0
174.0
176.0
406.0
149.0
481.0
454.0
452.0
135.0
400.0
383.0
480.0
468.0
366.0
432.0
446.0
433.0
429.0
381.0
469.0
439.0
413.0
480.0
140.0
170.0
177.0
159.0
166.0
143.0
133.0
132.0
171.0
169.0
135.0
439.0
450.0
436.0
474.0
474.0
409.0
168.0
155.0
172.0
201.0
187.0
171.0
153.0
437.0
164.0
133.0
168.0
153.0
161.0
134.0
157.0
167.0
141.0
140.0
142.0
177.0
137.0
158.0
135.0
148.0
142.0
132.0
373.0
165.0
142.0
160.0
165.0
171.0
154.0
166.0
366.0
379.0
394.0
435.0
370.0
431.0
435.0
470.0
468.0
405.0
454.0
404.0
130.0
136.0
169.0
153.0
163.0
166.0
176.0
139.0
412.0
161.0
136.0
136.0
149.0
149.0
152.0
172.0
156.0
167.0
140.0
173.0
147.0
146.0
173.0
162.0
117.0
145.0
159.0
364.0
145.0
157.0
161.0
390.0
176.0
166.0
168.0
157.0
148.0
175.0
133.0
145.0
176.0
150.0
154.0
132.0
143.0
391.0
159.0
146.0
410.0
171.0
399.0
135.0
389.0
146.0
145.0
157.0
165.0
175.0
146.0
140.0
166.0
176.0
171.0
138.0
158.0
134.0
158.0
135.0
157.0
375.0
173.0
137.0
154.0
136.0
130.0
468.0
171.0
165.0
144.0
132.0
491.0
149.0
130.0
130.0
172.0
136.0
141.0
148.0
166.0
442.0
151.0
430.0
395.0
454.0
157.0
487.0
493.0
438.0
409.0
385.0
484.0
427.0
487.0
476.0
468.0
368.0
421.0
365.0
420.0
160.0
171.0
155.0
153.0
146.0
149.0
166.0
158.0
137.0
137.0
143.0
431.0
479.0
464.0
440.0
408.0
447.0
164.0
168.0
173.0
199.0
193.0
160.0
141.0
423.0
134.0
159.0
147.0
149.0
155.0
131.0
131.0
169.0
140.0
171.0
175.0
144.0
162.0
149.0
172.0
148.0
171.0
154.0
429.0
176.0
169.0
174.0
164.0
155.0
152.0
167.0
414.0
483.0
433.0
387.0
369.0
419.0
429.0
476.0
400.0
447.0
434.0
370.0
134.0
160.0
143.0
176.0
134.0
175.0
133.0
167.0
422.0
153.0
143.0
164.0
175.0
168.0
154.0
131.0
167.0
135.0
177.0
162.0
151.0
144.0
143.0
174.0
124.0
135.0
139.0
417.0
162.0
150.0
172.0
405.0
138.0
175.0
167.0
162.0
171.0
130.0
146.0
171.0
161.0
177.0
174.0
175.0
159.0
385.0
164.0
149.0
410.0
141.0
364.0
146.0
454.0
140.0
174.0
138.0
131.0
161.0
164.0
160.0
154.0
175.0
171.0
141.0
154.0
150.0
173.0
146.0
139.0
414.0
159.0
169.0
145.0
152.0
165.0
484.0
144.0
171.0
132.0
173.0
403.0
133.0
155.0
166.0
177.0
161.0
158.0
155.0
175.0
473.0
164.0
439.0
379.0
363.0
142.0
442.0
463.0
438.0
480.0
448.0
439.0
426.0
471.0
398.0
399.0
450.0
445.0
373.0
435.0
174.0
148.0
167.0
140.0
143.0
151.0
141.0
138.0
159.0
133.0
134.0
389.0
379.0
464.0
385.0
491.0
376.0
131.0
161.0
159.0
