I_BRKGA_178_6_30_11_CESP
178 6 30 494.0
57573.5
55467.5
56640.5
60652.5
60967.5
58272.5
62160.5
57247.5
59818.5
58060.5
58207.5
63545.5
61607.5
62444.5
57184.5
60600.5
62670.5
58090.5
59179.5
63464.5
56133.5
57192.5
58668.5
63984.5
61836.5
56362.5
54985.5
60736.5
55562.5
56546.5
0.03477959850689306
0.02742272331215005
0.03436534925187706
0.03173292467403455
0.037396253821946265
0.028711406334767754
0.034814523134023646
0.030058785989981705
0.037837365288141925
0.029556806620563023
0.039782355772109486
0.03076243768289496
0.03929699883466829
0.03273822979206175
0.035094927041121535
0.027468908280291186
0.03832629479890407
0.029027024248940863
0.03850008655005746
0.03042417684658411
0.03548467174910863
0.028813399469825085
0.03378086684013775
0.0313331359868595
0.0350840790021768
0.027423346520944813
0.03407801419906287
0.03256504708362538
0.03890198955103639
0.03443827281521017
110.0
114.0
124.0
117.0
111.0
112.0
2557.0
22.0
1261.0
1300.0
67.0
529.0
506.0
1296.0
34.0
515.0
116.0
185.0
47.0
331.0
269.0
381.0
61.0
313.0
223.0
458.0
218.0
1102.0
159.0
357.0
430.0
1382.0
2640.0
1017.0
1040.0
13.0
212.0
507.0
269.0
73.0
252.0
75.0
285.0
14.0
10.0
10.0
12.0
14.0
12.0
14.0
96.0
13.0
12.0
12.0
29.0
357.0
170.0
831.0
1309.0
582.0
350.0
1081.0
299.0
155.0
809.0
4973.0
5797.0
124.0
159.0
327.0
49.0
28.0
194.0
215.0
184.0
488.0
26.0
77.0
65.0
27.0
116.0
28.0
31.0
20.0
119.0
171.0
839.0
49.0
120.0
61.0
46.0
156.0
217.0
321.0
141.0
165.0
70.0
880.0
165.0
148.0
793.0
35.0
66.0
201.0
95.0
14.0
355.0
118.0
21.0
24.0
30.0
8.0
69.0
267.0
113.0
68.0
85.0
56.0
38.0
89.0
153.0
49.0
26.0
57.0
164.0
110.0
87.0
130.0
48.0
65.0
7.0
1535.0
54.0
108.0
54.0
45.0
661.0
810.0
121.0
1351.0
1108.0
26.0
119.0
118.0
273.0
6164.0
214.0
100.0
163.0
276.0
31.0
264.0
30.0
129.0
244.0
81.0
140.0
814.0
124.0
149.0
439.0
313.0
211.0
68.0
1189.0
129.0
123.0
70.0
93.0
113.0
20.0
250.0
193.0
372.0
160.0
39.0
71.0
50.0
203.0
235.0
301.0
202.0
822.0
1221.0
498.0
1264.0
35.0
538.0
111.0
185.0
47.0
336.0
245.0
385.0
61.0
303.0
225.0
461.0
199.0
1069.0
165.0
323.0
425.0
1276.0
2536.0
1088.0
980.0
12.0
230.0
508.0
282.0
72.0
249.0
76.0
300.0
13.0
10.0
10.0
12.0
13.0
11.0
14.0
93.0
13.0
11.0
12.0
27.0
367.0
166.0
844.0
1274.0
584.0
335.0
1094.0
277.0
150.0
800.0
5207.0
5479.0
124.0
171.0
328.0
47.0
28.0
188.0
221.0
177.0
517.0
27.0
78.0
67.0
26.0
119.0
27.0
32.0
19.0
118.0
177.0
831.0
50.0
121.0
65.0
45.0
163.0
201.0
339.0
149.0
162.0
75.0
863.0
152.0
146.0
747.0
37.0
64.0
203.0
98.0
14.0
352.0
119.0
21.0
25.0
32.0
8.0
76.0
252.0
107.0
73.0
90.0
54.0
38.0
83.0
151.0
47.0
25.0
57.0
164.0
105.0
83.0
128.0
46.0
64.0
7.0
1611.0
58.0
115.0
59.0
47.0
611.0
848.0
119.0
1343.0
1069.0
24.0
112.0
108.0
265.0
6297.0
202.0
95.0
160.0
290.0
33.0
266.0
29.0
128.0
237.0
76.0
137.0
800.0
113.0
156.0
453.0
301.0
222.0
69.0
1273.0
131.0
123.0
70.0
89.0
121.0
19.0
250.0
202.0
375.0
163.0
36.0
70.0
51.0
206.0
236.0
320.0
188.0
855.0
1286.0
484.0
1267.0
33.0
533.0
113.0
192.0
47.0
349.0
249.0
366.0
58.0
301.0
221.0
477.0
210.0
1138.0
164.0
349.0
426.0
1312.0
2537.0
1069.0
1008.0
13.0
223.0
514.0
269.0
76.0
247.0
74.0
288.0
14.0
10.0
10.0
11.0
13.0
11.0
14.0
95.0
14.0
12.0
12.0
27.0
373.0
167.0
776.0
1342.0
590.0
333.0
1128.0
284.0
156.0
792.0
5301.0
5662.0
120.0
170.0
314.0
51.0
27.0
182.0
224.0
179.0
515.0
28.0
74.0
66.0
26.0
119.0
27.0
33.0
19.0
117.0
163.0
896.0
50.0
121.0
64.0
45.0
151.0
216.0
325.0
151.0
171.0
74.0
799.0
155.0
146.0
757.0
35.0
64.0
212.0
98.0
13.0
336.0
120.0
20.0
25.0
31.0
8.0
72.0
258.0
113.0
71.0
90.0
56.0
38.0
88.0
139.0
48.0
27.0
55.0
163.0
110.0
84.0
131.0
47.0
62.0
7.0
1604.0
54.0
114.0
55.0
46.0
633.0
867.0
123.0
1371.0
1041.0
24.0
119.0
114.0
266.0
6470.0
209.0
93.0
158.0
283.0
33.0
267.0
30.0
126.0
249.0
82.0
141.0
760.0
114.0
151.0
447.0
313.0
210.0
70.0
1219.0
128.0
127.0
68.0
85.0
121.0
19.0
253.0
205.0
354.0
164.0
37.0
70.0
52.0
198.0
236.0
314.0
200.0
899.0
1244.0
514.0
1224.0
35.0
546.0
112.0
187.0
44.0
330.0
265.0
390.0
59.0
313.0
227.0
490.0
210.0
1042.0
158.0
340.0
430.0
1380.0
2584.0
1112.0
1023.0
13.0
221.0
521.0
288.0
72.0
243.0
80.0
294.0
14.0
10.0
10.0
12.0
13.0
12.0
13.0
91.0
14.0
12.0
12.0
29.0
371.0
163.0
842.0
1333.0
586.0
328.0
1147.0
282.0
152.0
856.0
5079.0
5924.0
131.0
169.0
307.0
51.0
29.0
188.0
206.0
194.0
514.0
27.0
77.0
62.0
25.0
118.0
28.0
33.0
18.0
110.0
176.0
859.0
52.0
131.0
63.0
43.0
151.0
212.0
318.0
153.0
172.0
70.0
843.0
156.0
153.0
771.0
35.0
66.0
205.0
95.0
14.0
330.0
120.0
20.0
25.0
32.0
8.0
74.0
257.0
110.0
73.0
89.0
56.0
39.0
87.0
142.0
47.0
25.0
57.0
164.0
101.0
84.0
136.0
46.0
62.0
7.0
1535.0
54.0
119.0
55.0
47.0
612.0
859.0
114.0
1337.0
1131.0
26.0
119.0
112.0
275.0
6799.0
199.0
98.0
152.0
276.0
32.0
288.0
30.0
119.0
245.0
79.0
141.0
796.0
116.0
154.0
431.0
317.0
209.0
65.0
1258.0
134.0
119.0
66.0
87.0
119.0
18.0
266.0
188.0
361.0
171.0
36.0
70.0
52.0
195.0
223.0
302.0
201.0
834.0
1236.0
487.0
1307.0
35.0
546.0
111.0
185.0
47.0
327.0
259.0
380.0
61.0
289.0
234.0
502.0
214.0
1110.0
162.0
342.0
408.0
1278.0
2658.0
1074.0
995.0
13.0
226.0
550.0
274.0
71.0
238.0
76.0
278.0
14.0
10.0
10.0
11.0
14.0
12.0
14.0
92.0
13.0
12.0
12.0
29.0
350.0
158.0
782.0
1266.0
564.0
330.0
1167.0
290.0
157.0
858.0
5115.0
5927.0
122.0
172.0
318.0
50.0
28.0
194.0
205.0
181.0
530.0
27.0
72.0
66.0
26.0
118.0
29.0
31.0
20.0
110.0
179.0
814.0
49.0
127.0
66.0
46.0
165.0
214.0
321.0
154.0
167.0
73.0
845.0
158.0
139.0
736.0
37.0
66.0
201.0
91.0
13.0
335.0
119.0
21.0
25.0
32.0
8.0
69.0
261.0
104.0
74.0
88.0
54.0
39.0
82.0
154.0
46.0
27.0
54.0
164.0
109.0
85.0
131.0
47.0
63.0
7.0
1583.0
58.0
118.0
57.0
47.0
609.0
792.0
120.0
1329.0
1046.0
26.0
118.0
118.0
264.0
6440.0
206.0
93.0
163.0
275.0
30.0
287.0
30.0
121.0
246.0
79.0
133.0
824.0
121.0
157.0
446.0
329.0
220.0
68.0
1186.0
130.0
118.0
72.0
93.0
116.0
19.0
258.0
198.0
354.0
174.0
37.0
67.0
52.0
196.0
224.0
317.0
195.0
899.0
1240.0
472.0
1338.0
36.0
557.0
117.0
185.0
48.0
348.0
270.0
393.0
58.0
314.0
226.0
496.0
206.0
1055.0
157.0
324.0
445.0
1400.0
2520.0
1045.0
982.0
13.0
231.0
548.0
267.0
75.0
239.0
82.0
275.0
14.0
10.0
10.0
11.0
14.0
12.0
14.0
91.0
13.0
11.0
12.0
29.0
362.0
171.0
782.0
1336.0
599.0
344.0
1082.0
275.0
145.0
838.0
5226.0
5926.0
122.0
164.0
311.0
46.0
27.0
192.0
223.0
194.0
513.0
27.0
75.0
62.0
26.0
122.0
27.0
33.0
20.0
112.0
166.0
829.0
53.0
124.0
67.0
43.0
166.0
204.0
329.0
141.0
167.0
73.0
843.0
152.0
147.0
753.0
36.0
66.0
211.0
94.0
13.0
351.0
118.0
20.0
26.0
29.0
8.0
76.0
252.0
112.0
72.0
89.0
54.0
40.0
87.0
145.0
48.0
25.0
57.0
151.0
107.0
84.0
136.0
48.0
62.0
7.0
1588.0
59.0
111.0
54.0
44.0
602.0
814.0
121.0
1319.0
1072.0
26.0
122.0
119.0
256.0
6730.0
201.0
97.0
165.0
280.0
31.0
285.0
28.0
120.0
243.0
79.0
137.0
814.0
112.0
159.0
445.0
302.0
224.0
71.0
1161.0
130.0
118.0
67.0
87.0
117.0
19.0
267.0
188.0
370.0
165.0
39.0
65.0
53.0
202.0
238.0
314.0
194.0
837.0
1228.0
483.0
1316.0
35.0
509.0
113.0
179.0
48.0
346.0
244.0
383.0
55.0
294.0
226.0
463.0
215.0
1125.0
172.0
342.0
437.0
1283.0
2536.0
1022.0
958.0
13.0
212.0
543.0
288.0
76.0
231.0
82.0
293.0
14.0
10.0
10.0
12.0
14.0
11.0
14.0
92.0
13.0
12.0
11.0
28.0
360.0
157.0
777.0
1283.0
582.0
358.0
1126.0
291.0
145.0
871.0
5201.0
5770.0
122.0
166.0
335.0
50.0
28.0
187.0
212.0
177.0
524.0
27.0
76.0
65.0
25.0
118.0
27.0
33.0
19.0
116.0
169.0
856.0
52.0
122.0
62.0
44.0
162.0
213.0
326.0
142.0
163.0
76.0
825.0
155.0
143.0
759.0
35.0
66.0
198.0
96.0
13.0
341.0
120.0
20.0
25.0
31.0
8.0
74.0
261.0
103.0
68.0
88.0
54.0
38.0
88.0
153.0
47.0
27.0
54.0
156.0
109.0
86.0
138.0
44.0
66.0
7.0
1567.0
56.0
114.0
55.0
45.0
624.0
806.0
119.0
1334.0
1085.0
24.0
120.0
115.0
253.0
6592.0
198.0
100.0
156.0
271.0
33.0
269.0
29.0
130.0
249.0
76.0
135.0
794.0
123.0
159.0
449.0
303.0
221.0
68.0
1246.0
129.0
120.0
73.0
89.0
113.0
19.0
258.0
191.0
349.0
170.0
36.0
66.0
52.0
206.0
240.0
314.0
203.0
822.0
1321.0
477.0
1344.0
35.0
520.0
112.0
175.0
48.0
347.0
266.0
387.0
57.0
307.0
229.0
462.0
207.0
1053.0
165.0
345.0
418.0
1319.0
2682.0
1074.0
1044.0
13.0
219.0
519.0
285.0
71.0
230.0
81.0
302.0
14.0
10.0
10.0
12.0
13.0
12.0
14.0
92.0
14.0
12.0
12.0
29.0
358.0
160.0
803.0
1381.0
586.0
347.0
1083.0
300.0
147.0
799.0
4982.0
5615.0
130.0
173.0
306.0
49.0
27.0
182.0
213.0
187.0
490.0
27.0
72.0
65.0
26.0
120.0
29.0
32.0
19.0
119.0
171.0
872.0
53.0
126.0
67.0
46.0
160.0
219.0
325.0
144.0
166.0
73.0
812.0
155.0
138.0
763.0
37.0
60.0
206.0
98.0
13.0
345.0
126.0
21.0
25.0
30.0
8.0
75.0
273.0
108.0
71.0
83.0
59.0
41.0
82.0
150.0
47.0
25.0
53.0
158.0
103.0
83.0
127.0
46.0
65.0
7.0
1503.0
57.0
111.0
58.0
45.0
632.0
813.0
120.0
1303.0
1052.0
24.0
118.0
113.0
274.0
6591.0
206.0
100.0
153.0
277.0
31.0
263.0
28.0
118.0
244.0
78.0
135.0
827.0
116.0
151.0
454.0
299.0
220.0
67.0
1270.0
132.0
116.0
73.0
94.0
120.0
19.0
263.0
189.0
364.0
162.0
39.0
68.0
49.0
205.0
235.0
305.0
199.0
846.0
1223.0
509.0
1272.0
36.0
522.0
118.0
175.0
46.0
323.0
255.0
379.0
59.0
295.0
227.0
490.0
203.0
1117.0
163.0
341.0
427.0
1393.0
2685.0
1102.0
1017.0
13.0
228.0
560.0
295.0
73.0
253.0
81.0
277.0
13.0
10.0
10.0
12.0
13.0
11.0
13.0
94.0
14.0
11.0
12.0
29.0
364.0
172.0
829.0
1283.0
561.0
363.0
1167.0
280.0
156.0
869.0
5446.0
5703.0
124.0
164.0
319.0
50.0
28.0
176.0
222.0
192.0
497.0
26.0
79.0
63.0
26.0
121.0
28.0
33.0
19.0
117.0
169.0
815.0
51.0
128.0
64.0
45.0
162.0
215.0
314.0
152.0
169.0
74.0
835.0
159.0
146.0
737.0
36.0
66.0
202.0
95.0
13.0
331.0
127.0
20.0
24.0
32.0
8.0
75.0
274.0
112.0
69.0
86.0
59.0
41.0
86.0
143.0
46.0
25.0
56.0
157.0
111.0
82.0
127.0
48.0
62.0
7.0
1601.0
56.0
112.0
58.0
47.0
638.0
821.0
117.0
1345.0
1149.0
26.0
120.0
112.0
267.0
6649.0
205.0
93.0
152.0
297.0
32.0
279.0
29.0
129.0
255.0
80.0
131.0
800.0
123.0
152.0
432.0
308.0
218.0
64.0
1171.0
124.0
127.0
69.0
88.0
114.0
20.0
251.0
205.0
371.0
165.0
36.0
65.0
52.0
194.0
220.0
299.0
197.0
852.0
1293.0
487.0
1232.0
33.0
528.0
110.0
188.0
45.0
324.0
255.0
395.0
56.0
296.0
233.0
467.0
217.0
1038.0
171.0
352.0
414.0
1400.0
2734.0
1041.0
1008.0
13.0
217.0
505.0
292.0
71.0
245.0
75.0
296.0
14.0
10.0
10.0
11.0
14.0
12.0
13.0
91.0
14.0
12.0
12.0
29.0
372.0
165.0
843.0
1376.0
577.0
358.0
1164.0
282.0
159.0
806.0
5077.0
5692.0
130.0
166.0
303.0
51.0
27.0
175.0
204.0
180.0
521.0
28.0
77.0
65.0
25.0
117.0
28.0
32.0
19.0
114.0
165.0
820.0
52.0
126.0
61.0
45.0
151.0
201.0
327.0
155.0
162.0
70.0
834.0
159.0
148.0
767.0
37.0
66.0
214.0
92.0
14.0
347.0
125.0
21.0
24.0
29.0
8.0
73.0
263.0
105.0
72.0
84.0
58.0
41.0
82.0
145.0
49.0
25.0
56.0
161.0
107.0
82.0
131.0
45.0
66.0
7.0
1550.0
58.0
117.0
58.0
47.0
627.0
843.0
121.0
1344.0
1079.0
25.0
113.0
114.0
267.0
6633.0
205.0
93.0
164.0
284.0
32.0
279.0
30.0
127.0
239.0
81.0
135.0
760.0
123.0
156.0
456.0
298.0
207.0
65.0
1181.0
131.0
121.0
68.0
86.0
114.0
19.0
247.0
188.0
367.0
163.0
36.0
71.0
50.0
194.0
232.0
323.0
203.0
851.0
1265.0
503.0
1296.0
34.0
546.0
116.0
185.0
44.0
321.0
256.0
380.0
59.0
306.0
220.0
493.0
209.0
1081.0
165.0
323.0
418.0
1386.0
2618.0
1111.0
1044.0
13.0
227.0
519.0
292.0
76.0
245.0
82.0
293.0
14.0
10.0
9.0
12.0
14.0
12.0
13.0
93.0
14.0
12.0
12.0
28.0
352.0
172.0
843.0
1281.0
561.0
335.0
1080.0
281.0
144.0
862.0
5013.0
6030.0
122.0
169.0
333.0
50.0
28.0
187.0
224.0
186.0
522.0
26.0
73.0
65.0
25.0
124.0
27.0
31.0
19.0
110.0
177.0
848.0
49.0
122.0
64.0
42.0
164.0
211.0
334.0
152.0
160.0
76.0
813.0
154.0
149.0
745.0
35.0
64.0
209.0
98.0
14.0
332.0
122.0
19.0
25.0
30.0
8.0
71.0
261.0
110.0
70.0
90.0
54.0
41.0
87.0
147.0
45.0
26.0
58.0
163.0
102.0
82.0
133.0
45.0
65.0
7.0
1542.0
58.0
109.0
57.0
44.0
620.0
798.0
121.0
1378.0
1045.0
26.0
114.0
112.0
270.0
6803.0
196.0
94.0
155.0
288.0
33.0
266.0
28.0
120.0
252.0
76.0
138.0
795.0
116.0
148.0
439.0
327.0
205.0
68.0
1162.0
126.0
116.0
73.0
90.0
113.0
20.0
262.0
207.0
347.0
162.0
38.0
70.0
52.0
201.0
227.0
324.0
204.0
829.0
1325.0
497.0
1217.0
35.0
509.0
109.0
180.0
48.0
347.0
267.0
388.0
58.0
299.0
234.0
481.0
215.0
1137.0
164.0
355.0
430.0
1304.0
2732.0
1012.0
977.0
12.0
226.0
554.0
266.0
73.0
254.0
76.0
298.0
14.0
9.0
10.0
12.0
14.0
12.0
14.0
94.0
14.0
12.0
12.0
29.0
349.0
165.0
784.0
1352.0
590.0
345.0
1138.0
298.0
149.0
831.0
5302.0
5513.0
125.0
159.0
314.0
48.0
27.0
180.0
210.0
181.0
529.0
27.0
72.0
65.0
25.0
120.0
29.0
30.0
20.0
119.0
170.0
886.0
53.0
127.0
63.0
44.0
154.0
213.0
327.0
152.0
168.0
73.0
799.0
161.0
146.0
734.0
38.0
66.0
202.0
92.0
13.0
329.0
120.0
19.0
25.0
31.0
8.0
74.0
273.0
104.0
70.0
90.0
54.0
40.0
83.0
142.0
46.0
26.0
58.0
163.0
110.0
81.0
131.0
45.0
63.0
7.0
1521.0
54.0
108.0
58.0
48.0
622.0
837.0
119.0
1320.0
1137.0
26.0
118.0
112.0
278.0
6717.0
212.0
98.0
153.0
270.0
32.0
287.0
29.0
126.0
254.0
77.0
132.0
786.0
119.0
151.0
462.0
319.0
204.0
67.0
1212.0
134.0
118.0
73.0
94.0
110.0
20.0
268.0
187.0
345.0
174.0
38.0
66.0
53.0
197.0
222.0
301.0
202.0
820.0
1200.0
485.0
1258.0
35.0
528.0
114.0
181.0
48.0
345.0
264.0
376.0
60.0
293.0
231.0
475.0
219.0
1076.0
157.0
335.0
410.0
1274.0
2720.0
1067.0
1055.0
12.0
214.0
536.0
286.0
75.0
246.0
76.0
279.0
13.0
10.0
10.0
11.0
14.0
12.0
14.0
92.0
13.0
12.0
12.0
28.0
349.0
168.0
790.0
1304.0
557.0
363.0
1178.0
277.0
153.0
799.0
5162.0
5680.0
122.0
173.0
306.0
47.0
28.0
177.0
222.0
188.0
487.0
26.0
79.0
64.0
26.0
120.0
28.0
31.0
19.0
111.0
162.0
835.0
50.0
127.0
63.0
45.0
164.0
204.0
309.0
147.0
160.0
74.0
867.0
161.0
147.0
772.0
38.0
65.0
212.0
91.0
14.0
339.0
117.0
20.0
26.0
31.0
8.0
70.0
276.0
112.0
68.0
90.0
57.0
38.0
86.0
152.0
46.0
25.0
56.0
152.0
111.0
83.0
127.0
48.0
67.0
7.0
1658.0
55.0
109.0
57.0
45.0
607.0
850.0
120.0
1423.0
1074.0
24.0
120.0
118.0
266.0
6778.0
212.0
96.0
152.0
289.0
33.0
284.0
28.0
128.0
247.0
75.0
138.0
832.0
116.0
145.0
450.0
310.0
215.0
71.0
1271.0
132.0
127.0
67.0
88.0
120.0
20.0
272.0
202.0
360.0
172.0
36.0
67.0
49.0
205.0
220.0
320.0
201.0
889.0
1246.0
498.0
1224.0
34.0
546.0
110.0
185.0
47.0
323.0
253.0
382.0
59.0
316.0
214.0
471.0
199.0
1061.0
163.0
334.0
430.0
1295.0
2738.0
1030.0
1015.0
12.0
226.0
515.0
269.0
74.0
248.0
78.0
295.0
14.0
10.0
10.0
12.0
13.0
12.0
13.0
96.0
13.0
12.0
12.0
27.0
359.0
159.0
844.0
1338.0
590.0
350.0
1105.0
283.0
157.0
790.0
5239.0
5614.0
118.0
166.0
332.0
51.0
29.0
184.0
213.0
193.0
492.0
27.0
74.0
67.0
25.0
124.0
29.0
31.0
19.0
118.0
174.0
880.0
50.0
121.0
62.0
45.0
157.0
219.0
315.0
152.0
161.0
73.0
850.0
166.0
153.0
728.0
36.0
63.0
214.0
92.0
13.0
349.0
126.0
20.0
26.0
29.0
8.0
72.0
261.0
111.0
74.0
91.0
54.0
39.0
83.0
146.0
46.0
27.0
55.0
157.0
107.0
86.0
135.0
46.0
65.0
7.0
1592.0
55.0
108.0
54.0
45.0
624.0
819.0
114.0
1388.0
1136.0
25.0
116.0
108.0
259.0
6553.0
210.0
98.0
154.0
285.0
31.0
264.0
30.0
121.0
246.0
82.0
135.0
815.0
114.0
146.0
449.0
318.0
204.0
65.0
1232.0
129.0
127.0
67.0
88.0
120.0
20.0
250.0
204.0
367.0
160.0
36.0
71.0
49.0
203.0
222.0
295.0
199.0
823.0
1262.0
488.0
1332.0
36.0
554.0
120.0
179.0
46.0
350.0
263.0
366.0
57.0
307.0
232.0
473.0
200.0
1043.0
161.0
339.0
417.0
1356.0
2671.0
1077.0
978.0
13.0
217.0
557.0
273.0
70.0
246.0
82.0
282.0
14.0
10.0
10.0
12.0
14.0
12.0
13.0
93.0
14.0
12.0
11.0
28.0
358.0
170.0
838.0
1372.0
588.0
357.0
1159.0
290.0
145.0
847.0
5064.0
5943.0
120.0
169.0
334.0
49.0
27.0
176.0
223.0
194.0
502.0
27.0
76.0
65.0
27.0
121.0
27.0
32.0
19.0
109.0
171.0
864.0
48.0
122.0
65.0
45.0
166.0
217.0
316.0
153.0
164.0
75.0
833.0
167.0
149.0
760.0
38.0
61.0
202.0
97.0
14.0
328.0
129.0
21.0
26.0
31.0
8.0
74.0
277.0
112.0
72.0
90.0
54.0
37.0
85.0
140.0
47.0
25.0
57.0
152.0
102.0
84.0
133.0
44.0
66.0
7.0
1552.0
54.0
111.0
56.0
44.0
625.0
802.0
113.0
1410.0
1121.0
25.0
119.0
117.0
273.0
6472.0
202.0
95.0
152.0
277.0
32.0
284.0
29.0
123.0
241.0
76.0
133.0
754.0
123.0
159.0
418.0
319.0
212.0
64.0
1178.0
132.0
116.0
71.0
91.0
122.0
20.0
268.0
198.0
356.0
175.0
37.0
67.0
52.0
193.0
222.0
299.0
195.0
868.0
1199.0
481.0
1286.0
35.0
531.0
115.0
182.0
44.0
345.0
262.0
394.0
56.0
315.0
233.0
482.0
207.0
1069.0
171.0
324.0
411.0
1400.0
2502.0
1082.0
1012.0
13.0
226.0
549.0
289.0
73.0
243.0
77.0
280.0
13.0
10.0
10.0
12.0
14.0
12.0
14.0
91.0
14.0
12.0
12.0
28.0
359.0
162.0
832.0
1284.0
588.0
354.0
1079.0
294.0
152.0
866.0
5027.0
5932.0
123.0
169.0
324.0
48.0
29.0
187.0
214.0
193.0
507.0
28.0
79.0
62.0
26.0
118.0
28.0
33.0
19.0
119.0
170.0
863.0
52.0
124.0
61.0
43.0
161.0
201.0
328.0
155.0
162.0
69.0
843.0
162.0
148.0
730.0
38.0
61.0
197.0
95.0
14.0
356.0
118.0
20.0
26.0
29.0
8.0
72.0
254.0
103.0
69.0
91.0
56.0
38.0
88.0
148.0
47.0
25.0
53.0
162.0
108.0
86.0
128.0
44.0
65.0
7.0
1617.0
59.0
110.0
55.0
45.0
655.0
840.0
123.0
1308.0
1085.0
26.0
121.0
119.0
278.0
6661.0
203.0
101.0
151.0
279.0
31.0
271.0
30.0
118.0
257.0
81.0
131.0
808.0
119.0
144.0
463.0
329.0
217.0
68.0
1242.0
127.0
120.0
66.0
85.0
122.0
18.0
272.0
197.0
338.0
172.0
36.0
71.0
49.0
195.0
230.0
320.0
195.0
884.0
1313.0
472.0
1274.0
33.0
515.0
111.0
187.0
47.0
328.0
265.0
389.0
60.0
297.0
217.0
471.0
206.0
1074.0
165.0
334.0
449.0
1310.0
2624.0
1072.0
1018.0
13.0
220.0
507.0
274.0
71.0
232.0
79.0
298.0
14.0
10.0
10.0
12.0
13.0
12.0
14.0
96.0
14.0
12.0
12.0
29.0
366.0
164.0
823.0
1350.0
545.0
344.0
1080.0
289.0
145.0
872.0
5232.0
5506.0
124.0
167.0
326.0
49.0
27.0
180.0
226.0
193.0
495.0
27.0
72.0
64.0
27.0
123.0
27.0
30.0
19.0
116.0
170.0
888.0
53.0
128.0
62.0
43.0
158.0
203.0
331.0
152.0
170.0
75.0
884.0
160.0
145.0
750.0
37.0
61.0
207.0
97.0
13.0
348.0
120.0
21.0
25.0
32.0
8.0
69.0
266.0
108.0
73.0
87.0
55.0
40.0
86.0
142.0
45.0
26.0
56.0
153.0
104.0
81.0
137.0
46.0
62.0
7.0
1656.0
54.0
119.0
56.0
44.0
644.0
846.0
119.0
1319.0
1102.0
26.0
121.0
112.0
253.0
6466.0
205.0
95.0
164.0
289.0
33.0
268.0
30.0
122.0
257.0
75.0
141.0
779.0
124.0
156.0
442.0
297.0
224.0
69.0
1161.0
130.0
119.0
68.0
94.0
114.0
20.0
245.0
194.0
362.0
159.0
36.0
66.0
52.0
204.0
226.0
304.0
201.0
871.0
1315.0
468.0
1305.0
34.0
557.0
110.0
179.0
44.0
342.0
269.0
388.0
58.0
304.0
229.0
471.0
208.0
1073.0
165.0
322.0
426.0
1268.0
2721.0
1031.0
1008.0
12.0
213.0
513.0
281.0
74.0
235.0
79.0
297.0
14.0
10.0
10.0
12.0
14.0
11.0
14.0
98.0
13.0
12.0
12.0
29.0
357.0
160.0
770.0
1383.0
593.0
349.0
1125.0
301.0
147.0
849.0
5318.0
5447.0
130.0
160.0
319.0
50.0
29.0
187.0
210.0
178.0
507.0
28.0
75.0
64.0
25.0
127.0
29.0
33.0
19.0
114.0
175.0
879.0
52.0
130.0
64.0
45.0
158.0
221.0
342.0
145.0
162.0
69.0
841.0
167.0
143.0
777.0
38.0
61.0
207.0
94.0
14.0
342.0
126.0
21.0
26.0
31.0
8.0
73.0
270.0
105.0
72.0
87.0
57.0
41.0
82.0
144.0
48.0
27.0
58.0
152.0
111.0
83.0
129.0
48.0
63.0
7.0
1630.0
54.0
119.0
59.0
45.0
609.0
829.0
123.0
1312.0
1105.0
25.0
123.0
119.0
275.0
6282.0
213.0
96.0
158.0
293.0
33.0
273.0
28.0
124.0
257.0
79.0
140.0
771.0
122.0
147.0
436.0
321.0
216.0
71.0
1165.0
122.0
122.0
68.0
88.0
113.0
20.0
247.0
189.0
351.0
175.0
37.0
66.0
49.0
194.0
222.0
310.0
186.0
894.0
1206.0
519.0
1329.0
35.0
538.0
116.0
180.0
46.0
329.0
253.0
382.0
58.0
305.0
235.0
497.0
207.0
1044.0
168.0
346.0
442.0
1353.0
2585.0
1013.0
973.0
12.0
227.0
525.0
293.0
73.0
231.0
81.0
287.0
13.0
10.0
10.0
12.0
13.0
12.0
14.0
93.0
13.0
12.0
11.0
29.0
357.0
173.0
815.0
1308.0
588.0
345.0
1125.0
301.0
144.0
849.0
5046.0
5838.0
123.0
171.0
326.0
50.0
28.0
185.0
212.0
196.0
482.0
27.0
72.0
64.0
27.0
124.0
28.0
33.0
20.0
113.0
178.0
865.0
52.0
123.0
66.0
46.0
164.0
212.0
329.0
155.0
172.0
72.0
826.0
154.0
150.0
762.0
37.0
65.0
208.0
89.0
13.0
343.0
129.0
21.0
26.0
31.0
8.0
75.0
253.0
110.0
68.0
83.0
59.0
38.0
81.0
148.0
46.0
26.0
57.0
150.0
109.0
81.0
129.0
48.0
65.0
7.0
1540.0
59.0
108.0
56.0
47.0
596.0
838.0
113.0
1345.0
1090.0
25.0
118.0
110.0
269.0
6680.0
199.0
93.0
163.0
272.0
32.0
285.0
28.0
130.0
250.0
83.0
139.0
818.0
115.0
147.0
447.0
311.0
205.0
65.0
1218.0
132.0
122.0
71.0
86.0
115.0
20.0
261.0
204.0
357.0
174.0
39.0
69.0
53.0
204.0
240.0
314.0
186.0
878.0
1283.0
493.0
1330.0
34.0
539.0
115.0
185.0
47.0
322.0
258.0
393.0
56.0
302.0
231.0
465.0
217.0
1126.0
158.0
341.0
416.0
1338.0
2506.0
1095.0
969.0
12.0
215.0
534.0
278.0
72.0
252.0
81.0
293.0
13.0
10.0
10.0
12.0
13.0
12.0
13.0
92.0
14.0
12.0
12.0
29.0
347.0
162.0
789.0
1337.0
575.0
331.0
1113.0
288.0
144.0
806.0
5060.0
5972.0
131.0
168.0
333.0
47.0
28.0
177.0
210.0
187.0
530.0
27.0
74.0
67.0
25.0
120.0
27.0
31.0
19.0
118.0
172.0
863.0
48.0
128.0
63.0
45.0
151.0
217.0
320.0
152.0
173.0
76.0
812.0
153.0
144.0
733.0
36.0
64.0
198.0
95.0
14.0
332.0
126.0
20.0
24.0
32.0
8.0
74.0
277.0
111.0
71.0
89.0
58.0
40.0
85.0
142.0
46.0
26.0
55.0
150.0
106.0
82.0
132.0
44.0
63.0
7.0
1619.0
57.0
111.0
58.0
48.0
624.0
844.0
118.0
1410.0
1079.0
26.0
119.0
112.0
257.0
6804.0
209.0
95.0
161.0
286.0
33.0
263.0
30.0
118.0
252.0
81.0
135.0
824.0
120.0
151.0
432.0
325.0
213.0
65.0
1231.0
134.0
117.0
72.0
93.0
115.0
19.0
257.0
199.0
352.0
164.0
38.0
71.0
50.0
203.0
230.0
296.0
187.0
893.0
1270.0
489.0
1323.0
33.0
526.0
113.0
183.0
48.0
348.0
258.0
391.0
57.0
307.0
217.0
493.0
202.0
1034.0
163.0
348.0
428.0
1310.0
2622.0
1089.0
993.0
12.0
216.0
526.0
293.0
71.0
239.0
79.0
275.0
13.0
10.0
10.0
11.0
14.0
12.0
13.0
93.0
14.0
12.0
12.0
29.0
347.0
172.0
766.0
1337.0
586.0
339.0
1093.0
298.0
145.0
821.0
5133.0
5464.0
130.0
162.0
310.0
50.0
27.0
185.0
224.0
177.0
502.0
28.0
72.0
65.0
27.0
119.0
29.0
33.0
19.0
119.0
172.0
891.0
52.0
129.0
67.0
43.0
156.0
210.0
325.0
151.0
163.0
70.0
807.0
164.0
145.0
775.0
38.0
65.0
213.0
97.0
14.0
342.0
128.0
20.0
26.0
32.0
8.0
72.0
253.0
113.0
74.0
82.0
58.0
40.0
84.0
153.0
46.0
26.0
55.0
152.0
101.0
83.0
129.0
47.0
61.0
7.0
1635.0
56.0
110.0
56.0
48.0
631.0
875.0
116.0
1335.0
1062.0
25.0
114.0
117.0
259.0
6261.0
215.0
95.0
159.0
279.0
31.0
260.0
30.0
124.0
260.0
79.0
135.0
779.0
122.0
149.0
426.0
323.0
213.0
70.0
1265.0
134.0
126.0
68.0
92.0
112.0
19.0
255.0
187.0
366.0
164.0
36.0
64.0
52.0
191.0
228.0
324.0
186.0
881.0
1201.0
497.0
1336.0
33.0
515.0
116.0
176.0
44.0
330.0
246.0
372.0
56.0
293.0
228.0
478.0
213.0
1078.0
159.0
354.0
449.0
1343.0
2573.0
1062.0
1030.0
13.0
215.0
506.0
266.0
74.0
235.0
79.0
294.0
13.0
10.0
10.0
12.0
14.0
11.0
14.0
100.0
14.0
12.0
12.0
28.0
366.0
164.0
780.0
1260.0
593.0
354.0
1114.0
278.0
153.0
856.0
5099.0
5898.0
121.0
161.0
329.0
48.0
27.0
186.0
225.0
188.0
484.0
26.0
77.0
61.0
26.0
126.0
29.0
32.0
20.0
112.0
170.0
891.0
50.0
121.0
66.0
45.0
163.0
206.0
319.0
144.0
162.0
75.0
816.0
168.0
148.0
789.0
38.0
66.0
215.0
92.0
14.0
338.0
118.0
20.0
24.0
31.0
8.0
73.0
273.0
102.0
69.0
85.0
54.0
41.0
87.0
146.0
47.0
25.0
58.0
159.0
107.0
83.0
131.0
48.0
65.0
7.0
1666.0
54.0
111.0
55.0
45.0
611.0
796.0
111.0
1368.0
1062.0
24.0
123.0
110.0
252.0
6663.0
213.0
95.0
161.0
290.0
33.0
267.0
30.0
122.0
240.0
79.0
140.0
790.0
113.0
145.0
458.0
312.0
204.0
68.0
1185.0
125.0
124.0
72.0
93.0
116.0
19.0
252.0
194.0
342.0
166.0
36.0
67.0
50.0
188.0
232.0
314.0
200.0
873.0
1254.0
516.0
1241.0
35.0
527.0
113.0
189.0
45.0
327.0
258.0
375.0
56.0
304.0
233.0
463.0
219.0
1118.0
171.0
348.0
430.0
1330.0
2654.0
1046.0
973.0
13.0
229.0
526.0
284.0
70.0
250.0
75.0
299.0
14.0
10.0
10.0
12.0
14.0
12.0
14.0
98.0
14.0
12.0
12.0
28.0
351.0
165.0
829.0
1307.0
563.0
358.0
1082.0
289.0
145.0
827.0
5505.0
5778.0
125.0
172.0
332.0
47.0
29.0
192.0
226.0
183.0
525.0
26.0
74.0
63.0
27.0
123.0
29.0
30.0
20.0
117.0
179.0
816.0
49.0
129.0
62.0
45.0
165.0
200.0
314.0
140.0
169.0
72.0
801.0
159.0
153.0
769.0
36.0
65.0
213.0
96.0
13.0
340.0
118.0
20.0
25.0
29.0
8.0
76.0
253.0
103.0
70.0
90.0
55.0
40.0
87.0
141.0
45.0
27.0
53.0
154.0
101.0
85.0
127.0
47.0
67.0
7.0
1603.0
55.0
115.0
54.0
48.0
632.0
867.0
113.0
1438.0
1144.0
25.0
120.0
108.0
260.0
6424.0
198.0
97.0
159.0
280.0
30.0
272.0
30.0
123.0
235.0
76.0
135.0
770.0
118.0
150.0
429.0
308.0
214.0
66.0
1288.0
131.0
119.0
68.0
87.0
114.0
19.0
254.0
189.0
358.0
161.0
37.0
67.0
52.0
188.0
220.0
319.0
198.0
870.0
1260.0
495.0
1243.0
35.0
508.0
114.0
193.0
48.0
332.0
249.0
387.0
56.0
303.0
213.0
500.0
216.0
1048.0
168.0
357.0
441.0
1393.0
2698.0
1069.0
982.0
12.0
220.0
505.0
291.0
74.0
239.0
77.0
292.0
14.0
10.0
10.0
12.0
14.0
12.0
14.0
96.0
14.0
12.0
12.0
28.0
368.0
170.0
772.0
1258.0
570.0
356.0
1166.0
277.0
144.0
874.0
5189.0
5930.0
119.0
163.0
310.0
49.0
29.0
182.0
207.0
190.0
510.0
27.0
72.0
66.0
26.0
117.0
27.0
31.0
20.0
114.0
171.0
882.0
51.0
121.0
65.0
45.0
155.0
221.0
335.0
146.0
161.0
75.0
846.0
162.0
147.0
794.0
38.0
62.0
212.0
89.0
13.0
354.0
125.0
19.0
25.0
32.0
8.0
74.0
261.0
103.0
72.0
88.0
56.0
40.0
84.0
151.0
47.0
27.0
58.0
151.0
105.0
83.0
131.0
45.0
64.0
7.0
1530.0
58.0
113.0
57.0
45.0
619.0
846.0
123.0
1436.0
1108.0
26.0
116.0
119.0
258.0
6551.0
214.0
92.0
156.0
280.0
32.0
281.0
29.0
118.0
244.0
79.0
129.0
772.0
115.0
144.0
428.0
309.0
212.0
71.0
1245.0
130.0
127.0
69.0
94.0
112.0
20.0
270.0
192.0
348.0
159.0
37.0
67.0
50.0
193.0
232.0
309.0
200.0
848.0
1260.0
516.0
1351.0
35.0
549.0
117.0
189.0
44.0
332.0
250.0
365.0
58.0
320.0
213.0
503.0
210.0
1137.0
155.0
330.0
421.0
1361.0
2508.0
1055.0
964.0
13.0
230.0
520.0
279.0
69.0
250.0
82.0
294.0
14.0
10.0
9.0
11.0
14.0
12.0
14.0
100.0
13.0
12.0
12.0
28.0
344.0
170.0
765.0
1347.0
577.0
339.0
1164.0
300.0
144.0
814.0
5232.0
5761.0
118.0
170.0
303.0
47.0
29.0
192.0
204.0
185.0
523.0
26.0
77.0
67.0
27.0
128.0
28.0
32.0
20.0
118.0
174.0
848.0
50.0
130.0
61.0
44.0
162.0
219.0
341.0
150.0
160.0
76.0
877.0
156.0
145.0
783.0
38.0
65.0
214.0
89.0
13.0
339.0
121.0
21.0
25.0
31.0
8.0
76.0
272.0
109.0
70.0
86.0
56.0
38.0
84.0
145.0
46.0
26.0
54.0
153.0
106.0
86.0
128.0
45.0
61.0
7.0
1614.0
55.0
109.0
56.0
44.0
635.0
854.0
117.0
1445.0
1124.0
26.0
114.0
118.0
252.0
6298.0
204.0
96.0
164.0
290.0
33.0
271.0
27.0
121.0
257.0
81.0
141.0
781.0
114.0
146.0
448.0
324.0
210.0
69.0
1274.0
132.0
120.0
69.0
85.0
112.0
20.0
254.0
195.0
354.0
164.0
36.0
67.0
52.0
194.0
230.0
315.0
204.0
815.0
1247.0
495.0
1249.0
35.0
509.0
118.0
183.0
46.0
349.0
265.0
391.0
61.0
300.0
220.0
488.0
212.0
1068.0
168.0
350.0
431.0
1367.0
2692.0
1098.0
959.0
13.0
218.0
516.0
269.0
71.0
238.0
79.0
278.0
13.0
10.0
10.0
12.0
14.0
12.0
14.0
92.0
14.0
12.0
12.0
29.0
374.0
158.0
799.0
1388.0
588.0
338.0
1197.0
290.0
153.0
792.0
5169.0
5989.0
123.0
165.0
318.0
46.0
28.0
188.0
216.0
192.0
533.0
27.0
76.0
66.0
26.0
125.0
28.0
30.0
20.0
114.0
169.0
819.0
51.0
123.0
61.0
45.0
162.0
217.0
337.0
140.0
173.0
73.0
807.0
159.0
153.0
792.0
38.0
64.0
213.0
96.0
13.0
350.0
121.0
20.0
24.0
31.0
8.0
69.0
259.0
106.0
68.0
86.0
58.0
40.0
88.0
143.0
45.0
27.0
53.0
154.0
100.0
84.0
137.0
47.0
61.0
7.0
1597.0
55.0
115.0
55.0
48.0
630.0
829.0
118.0
1441.0
1151.0
26.0
112.0
109.0
272.0
6779.0
195.0
101.0
157.0
296.0
31.0
280.0
28.0
127.0
250.0
78.0
134.0
832.0
113.0
157.0
442.0
328.0
209.0
70.0
1250.0
128.0
116.0
69.0
93.0
117.0
19.0
246.0
205.0
365.0
173.0
39.0
69.0
51.0
202.0
240.0
318.0
195.0
814.0
1266.0
471.0
1241.0
33.0
520.0
113.0
186.0
46.0
321.0
256.0
366.0
57.0
297.0
236.0
500.0
212.0
1103.0
171.0
324.0
449.0
1277.0
2674.0
1060.0
961.0
13.0
218.0
559.0
294.0
71.0
234.0
81.0
297.0
13.0
10.0
10.0
11.0
14.0
12.0
13.0
95.0
14.0
11.0
12.0
28.0
371.0
170.0
774.0
1287.0
581.0
329.0
1184.0
291.0
146.0
871.0
5054.0
5819.0
126.0
167.0
325.0
49.0
27.0
193.0
213.0
180.0
498.0
27.0
79.0
61.0
27.0
122.0
27.0
33.0
19.0
113.0
163.0
833.0
50.0
124.0
64.0
44.0
159.0
213.0
326.0
150.0
161.0
74.0
874.0
164.0
150.0
795.0
36.0
66.0
210.0
92.0
13.0
326.0
125.0
20.0
25.0
30.0
8.0
75.0
269.0
113.0
73.0
85.0
58.0
41.0
82.0
139.0
49.0
26.0
58.0
161.0
108.0
82.0
129.0
46.0
61.0
7.0
1608.0
57.0
118.0
55.0
48.0
646.0
860.0
120.0
1349.0
1148.0
25.0
120.0
115.0
261.0
6521.0
216.0
101.0
155.0
282.0
31.0
287.0
30.0
125.0
254.0
83.0
137.0
779.0
117.0
154.0
429.0
303.0
220.0
66.0
1239.0
129.0
117.0
73.0
85.0
117.0
20.0
268.0
205.0
354.0
175.0
39.0
68.0
52.0
195.0
227.0
303.0
206.0
846.0
1270.0
475.0
1320.0
35.0
534.0
109.0
187.0
45.0
331.0
250.0
395.0
57.0
319.0
228.0
494.0
205.0
1075.0
166.0
328.0
430.0
1344.0
2615.0
1044.0
1053.0
13.0
227.0
517.0
287.0
70.0
252.0
79.0
285.0
14.0
10.0
10.0
12.0
14.0
12.0
14.0
91.0
14.0
12.0
12.0
29.0
353.0
166.0
823.0
1266.0
595.0
356.0
1169.0
284.0
146.0
827.0
5061.0
5645.0
121.0
163.0
332.0
47.0
29.0
180.0
207.0
179.0
504.0
28.0
76.0
65.0
27.0
122.0
29.0
33.0
19.0
112.0
179.0
887.0
51.0
119.0
66.0
46.0
164.0
221.0
333.0
151.0
159.0
74.0
848.0
161.0
144.0
793.0
35.0
65.0
197.0
90.0
14.0
350.0
121.0
20.0
26.0
32.0
8.0
69.0
266.0
110.0
73.0
87.0
56.0
38.0
83.0
149.0
49.0
25.0
55.0
151.0
106.0
84.0
131.0
44.0
62.0
7.0
1607.0
59.0
112.0
56.0
46.0
657.0
875.0
121.0
1345.0
1121.0
26.0
117.0
116.0
271.0
6738.0
199.0
94.0
161.0
286.0
33.0
282.0
29.0
128.0
243.0
82.0
133.0
830.0
115.0
150.0
423.0
301.0
207.0
65.0
1284.0
126.0
121.0
70.0
88.0
113.0
20.0
253.0
188.0
370.0
171.0
37.0
68.0
53.0
195.0
228.0
321.0
188.0
891.0
1309.0
503.0
1237.0
36.0
552.0
110.0
186.0
47.0
339.0
261.0
381.0
59.0
311.0
216.0
469.0
217.0
1126.0
161.0
339.0
429.0
1318.0
2560.0
1097.0
970.0
13.0
229.0
547.0
284.0
69.0
237.0
80.0
295.0
13.0
10.0
10.0
12.0
14.0
12.0
13.0
93.0
14.0
12.0
12.0
28.0
346.0
173.0
828.0
1373.0
574.0
338.0
1105.0
295.0
158.0
830.0
5453.0
5957.0
127.0
169.0
326.0
49.0
29.0
182.0
207.0
179.0
514.0
26.0
72.0
61.0
25.0
122.0
29.0
30.0
19.0
117.0
167.0
873.0
49.0
120.0
67.0
43.0
164.0
214.0
318.0
143.0
174.0
76.0
857.0
159.0
148.0
775.0
37.0
63.0
208.0
91.0
14.0
337.0
129.0
20.0
26.0
30.0
8.0
74.0
267.0
111.0
73.0
88.0
58.0
40.0
85.0
149.0
48.0
26.0
58.0
160.0
109.0
83.0
127.0
48.0
65.0
7.0
1635.0
58.0
110.0
57.0
46.0
621.0
857.0
116.0
1315.0
1124.0
25.0
115.0
114.0
266.0
6527.0
196.0
100.0
154.0
278.0
33.0
285.0
29.0
124.0
243.0
78.0
127.0
767.0
120.0
151.0
462.0
323.0
218.0
71.0
1279.0
123.0
122.0
68.0
92.0
115.0
19.0
247.0
190.0
353.0
167.0
38.0
69.0
52.0
191.0
239.0
320.0
197.0
900.0
1244.0
492.0
1272.0
34.0
506.0
116.0
193.0
46.0
323.0
249.0
386.0
60.0
302.0
235.0
482.0
198.0
1111.0
163.0
344.0
406.0
1321.0
2640.0
1059.0
973.0
13.0
220.0
548.0
291.0
75.0
247.0
75.0
276.0
13.0
10.0
10.0
12.0
13.0
12.0
14.0
100.0
13.0
12.0
12.0
27.0
351.0
173.0
821.0
1319.0
575.0
356.0
1128.0
290.0
159.0
810.0
5480.0
5995.0
122.0
167.0
331.0
51.0
27.0
191.0
215.0
195.0
533.0
28.0
74.0
65.0
26.0
126.0
29.0
31.0
20.0
110.0
162.0
848.0
49.0
130.0
67.0
44.0
167.0
201.0
333.0
145.0
169.0
75.0
865.0
152.0
141.0
783.0
35.0
61.0
202.0
97.0
13.0
325.0
122.0
19.0
26.0
32.0
8.0
71.0
262.0
103.0
69.0
84.0
55.0
39.0
86.0
152.0
46.0
25.0
58.0
160.0
111.0
87.0
131.0
45.0
67.0
7.0
1574.0
55.0
109.0
59.0
48.0
603.0
807.0
115.0
1332.0
1114.0
26.0
122.0
118.0
266.0
6784.0
212.0
94.0
161.0
296.0
33.0
282.0
29.0
126.0
257.0
80.0
139.0
776.0
120.0
148.0
441.0
300.0
218.0
66.0
1278.0
125.0
118.0
70.0
89.0
117.0
19.0
249.0
195.0
343.0
175.0
36.0
71.0
52.0
204.0
229.0
312.0
199.0
886.0
1315.0
195.0
193.0
151.0
140.0
437.0
158.0
162.0
170.0
134.0
162.0
168.0
136.0
145.0
162.0
167.0
159.0
160.0
138.0
170.0
176.0
146.0
140.0
176.0
461.0
134.0
137.0
154.0
153.0
136.0
148.0
133.0
452.0
430.0
480.0
475.0
364.0
435.0
489.0
491.0
441.0
413.0
407.0
451.0
163.0
145.0
164.0
135.0
165.0
140.0
141.0
153.0
455.0
149.0
161.0
155.0
141.0
151.0
133.0
151.0
136.0
133.0
154.0
138.0
167.0
132.0
163.0
149.0
117.0
164.0
176.0
442.0
168.0
151.0
176.0
377.0
166.0
148.0
151.0
131.0
156.0
134.0
173.0
157.0
172.0
135.0
142.0
169.0
153.0
406.0
176.0
149.0
476.0
171.0
430.0
140.0
479.0
174.0
170.0
151.0
144.0
152.0
154.0
154.0
152.0
132.0
142.0
146.0
161.0
174.0
158.0
134.0
146.0
442.0
149.0
145.0
168.0
168.0
166.0
456.0
135.0
140.0
148.0
134.0
422.0
135.0
154.0
175.0
132.0
163.0
137.0
169.0
159.0
375.0
161.0
447.0
439.0
472.0
159.0
396.0
475.0
450.0
389.0
409.0
469.0
480.0
396.0
478.0
446.0
442.0
395.0
408.0
414.0
148.0
160.0
142.0
146.0
152.0
134.0
135.0
148.0
155.0
168.0
159.0
444.0
409.0
371.0
437.0
428.0
373.0
146.0
136.0
134.0
160.0
199.0
148.0
140.0
448.0
145.0
171.0
158.0
171.0
149.0
172.0
151.0
153.0
131.0
147.0
172.0
148.0
146.0
132.0
135.0
130.0
152.0
161.0
433.0
138.0
176.0
138.0
174.0
144.0
165.0
140.0
435.0
439.0
466.0
443.0
430.0
455.0
375.0
375.0
389.0
364.0
443.0
381.0
151.0
146.0
174.0
136.0
149.0
163.0
138.0
152.0
458.0
161.0
151.0
148.0
148.0
146.0
150.0
145.0
142.0
174.0
144.0
151.0
132.0
148.0
133.0
156.0
134.0
164.0
165.0
390.0
144.0
134.0
134.0
383.0
162.0
150.0
176.0
146.0
149.0
145.0
149.0
176.0
138.0
162.0
171.0
145.0
139.0
376.0
149.0
151.0
428.0
176.0
475.0
134.0
375.0
170.0
167.0
134.0
139.0
170.0
147.0
145.0
145.0
151.0
136.0
174.0
165.0
159.0
141.0
129.0
167.0
477.0
172.0
167.0
132.0
157.0
166.0
473.0
133.0
169.0
131.0
143.0
443.0
157.0
164.0
147.0
138.0
170.0
136.0
176.0
153.0
405.0
131.0
457.0
414.0
415.0
138.0
378.0
458.0
472.0
409.0
370.0
478.0
409.0
452.0
415.0
444.0
463.0
408.0
462.0
418.0
162.0
158.0
153.0
158.0
170.0
173.0
135.0
168.0
152.0
157.0
157.0
469.0
390.0
371.0
420.0
422.0
481.0
177.0
155.0
146.0
192.0
190.0
174.0
161.0
471.0
141.0
139.0
137.0
145.0
131.0
132.0
133.0
145.0
172.0
144.0
161.0
149.0
139.0
154.0
165.0
159.0
134.0
154.0
366.0
130.0
134.0
177.0
154.0
137.0
171.0
176.0
372.0
400.0
426.0
408.0
487.0
364.0
438.0
385.0
488.0
443.0
458.0
419.0
150.0
150.0
141.0
139.0
147.0
130.0
146.0
161.0
376.0
165.0
141.0
142.0
162.0
145.0
141.0
131.0
164.0
144.0
164.0
167.0
147.0
154.0
132.0
170.0
131.0
176.0
145.0
433.0
155.0
171.0
171.0
375.0
164.0
154.0
162.0
155.0
168.0
145.0
139.0
142.0
156.0
152.0
145.0
174.0
133.0
426.0
146.0
173.0
439.0
135.0
401.0
154.0
458.0
134.0
171.0
176.0
136.0
169.0
131.0
148.0
170.0
176.0
161.0
144.0
176.0
152.0
138.0
122.0
165.0
422.0
175.0
141.0
153.0
141.0
159.0
468.0
155.0
143.0
130.0
152.0
366.0
155.0
141.0
159.0
175.0
131.0
168.0
166.0
132.0
399.0
138.0
410.0
405.0
365.0
138.0
374.0
411.0
399.0
454.0
426.0
463.0
456.0
384.0
431.0
374.0
364.0
417.0
366.0
423.0
155.0
170.0
159.0
162.0
152.0
148.0
133.0
140.0
143.0
140.0
158.0
467.0
414.0
425.0
403.0
379.0
493.0
156.0
171.0
141.0
187.0
174.0
139.0
150.0
386.0
130.0
154.0
156.0
170.0
143.0
144.0
155.0
169.0
156.0
174.0
173.0
146.0
168.0
132.0
143.0
154.0
135.0
160.0
432.0
139.0
171.0
173.0
142.0
150.0
137.0
137.0
404.0
447.0
472.0
487.0
424.0
420.0
420.0
482.0
404.0
451.0
385.0
426.0
172.0
133.0
138.0
153.0
136.0
169.0
131.0
157.0
444.0
160.0
148.0
164.0
136.0
146.0
170.0
149.0
166.0
134.0
163.0
136.0
170.0
149.0
177.0
148.0
147.0
138.0
141.0
396.0
131.0
166.0
157.0
402.0
140.0
143.0
135.0
145.0
164.0
150.0
135.0
138.0
156.0
154.0
169.0
169.0
149.0
465.0
152.0
137.0
470.0
158.0
413.0
149.0
470.0
168.0
159.0
132.0
137.0
170.0
145.0
161.0
170.0
159.0
163.0
175.0
177.0
134.0
151.0
120.0
152.0
389.0
173.0
155.0
153.0
160.0
151.0
468.0
138.0
147.0
157.0
147.0
483.0
134.0
136.0
158.0
175.0
176.0
138.0
176.0
146.0
414.0
167.0
414.0
446.0
422.0
158.0
471.0
435.0
438.0
492.0
400.0
423.0
414.0
383.0
384.0
363.0
462.0
426.0
369.0
430.0
158.0
176.0
165.0
132.0
172.0
161.0
177.0
134.0
136.0
139.0
143.0
407.0
466.0
372.0
445.0
485.0
480.0
146.0
133.0
144.0
192.0
174.0
163.0
151.0
370.0
160.0
131.0
177.0
155.0
160.0
136.0
168.0
138.0
157.0
133.0
169.0
138.0
164.0
142.0
137.0
136.0
143.0
175.0
478.0
167.0
139.0
177.0
143.0
161.0
137.0
145.0
478.0
397.0
428.0
398.0
475.0
464.0
407.0
394.0
478.0
389.0
397.0
422.0
131.0
166.0
153.0
177.0
163.0
157.0
137.0
133.0
410.0
138.0
147.0
150.0
169.0
155.0
169.0
145.0
144.0
141.0
160.0
147.0
141.0
138.0
142.0
136.0
112.0
141.0
160.0
454.0
164.0
142.0
149.0
483.0
166.0
155.0
142.0
157.0
176.0
171.0
137.0
163.0
151.0
149.0
166.0
139.0
142.0
399.0
153.0
142.0
481.0
151.0
473.0
163.0
487.0
153.0
133.0
151.0
146.0
130.0
150.0
164.0
151.0
133.0
134.0
156.0
152.0
174.0
131.0
152.0
137.0
452.0
146.0
167.0
165.0
160.0
153.0
440.0
162.0
173.0
162.0
172.0
411.0
141.0
151.0
146.0
137.0
167.0
170.0
177.0
148.0
368.0
143.0
464.0
481.0
432.0
146.0
392.0
440.0
398.0
438.0
384.0
486.0
370.0
485.0
485.0
414.0
489.0
392.0
405.0
376.0
166.0
134.0
154.0
157.0
139.0
175.0
145.0
174.0
130.0
139.0
168.0
377.0
423.0
440.0
364.0
370.0
464.0
154.0
141.0
163.0
172.0
187.0
152.0
152.0
385.0
175.0
146.0
149.0
149.0
158.0
140.0
142.0
138.0
163.0
136.0
134.0
144.0
168.0
152.0
143.0
176.0
156.0
175.0
488.0
137.0
165.0
132.0
139.0
165.0
143.0
132.0
453.0
391.0
481.0
404.0
422.0
492.0
406.0
431.0
488.0
443.0
407.0
470.0
165.0
137.0
173.0
141.0
150.0
155.0
157.0
177.0
415.0
138.0
149.0
133.0
131.0
150.0
145.0
156.0
131.0
176.0
170.0
169.0
172.0
165.0
145.0
171.0
125.0
170.0
134.0
483.0
149.0
153.0
146.0
371.0
139.0
133.0
168.0
151.0
132.0
156.0
133.0
137.0
165.0
144.0
145.0
131.0
144.0
455.0
136.0
173.0
474.0
134.0
384.0
141.0
401.0
143.0
138.0
163.0
149.0
141.0
152.0
156.0
157.0
171.0
174.0
176.0
147.0
144.0
141.0
114.0
162.0
413.0
155.0
175.0
144.0
177.0
142.0
452.0
163.0
135.0
153.0
173.0
458.0
158.0
130.0
176.0
158.0
148.0
138.0
147.0
134.0
408.0
136.0
457.0
471.0
383.0
176.0
393.0
414.0
476.0
489.0
480.0
414.0
493.0
467.0
463.0
444.0
417.0
445.0
418.0
400.0
140.0
146.0
145.0
159.0
151.0
138.0
155.0
153.0
149.0
166.0
139.0
479.0
466.0
397.0
441.0
389.0
487.0
176.0
173.0
170.0
156.0
198.0
164.0
163.0
363.0
148.0
174.0
131.0
177.0
151.0
173.0
150.0
159.0
148.0
162.0
156.0
165.0
160.0
166.0
163.0
137.0
139.0
168.0
460.0
139.0
167.0
175.0
161.0
165.0
147.0
136.0
366.0
393.0
488.0
384.0
474.0
409.0
465.0
439.0
471.0
368.0
434.0
449.0
174.0
161.0
142.0
168.0
167.0
149.0
162.0
158.0
391.0
157.0
160.0
171.0
133.0
174.0
151.0
166.0
139.0
160.0
155.0
159.0
174.0
142.0
170.0
136.0
147.0
173.0
151.0
374.0
146.0
148.0
161.0
462.0
141.0
131.0
160.0
156.0
174.0
167.0
133.0
160.0
149.0
149.0
150.0
164.0
175.0
459.0
132.0
171.0
485.0
169.0
368.0
153.0
439.0
148.0
157.0
158.0
166.0
139.0
134.0
171.0
140.0
132.0
161.0
153.0
154.0
150.0
154.0
130.0
138.0
410.0
140.0
174.0
140.0
169.0
137.0
365.0
145.0
146.0
156.0
161.0
413.0
152.0
167.0
170.0
133.0
164.0
173.0
143.0
163.0
487.0
165.0
364.0
419.0
486.0
162.0
494.0
479.0
396.0
395.0
403.0
408.0
405.0
403.0
423.0
401.0
375.0
478.0
413.0
368.0
139.0
141.0
163.0
156.0
136.0
135.0
149.0
167.0
131.0
155.0
138.0
372.0
476.0
366.0
476.0
436.0
418.0
139.0
175.0
154.0
167.0
192.0
174.0
136.0
409.0
153.0
174.0
135.0
140.0
140.0
134.0
137.0
132.0
173.0
149.0
135.0
159.0
132.0
140.0
155.0
142.0
135.0
146.0
466.0
139.0
136.0
166.0
171.0
133.0
145.0
138.0
471.0
390.0
438.0
464.0
394.0
383.0
366.0
419.0
394.0
450.0
438.0
459.0
175.0
161.0
130.0
163.0
153.0
155.0
146.0
141.0
451.0
143.0
152.0
153.0
143.0
153.0
137.0
162.0
153.0
140.0
170.0
145.0
159.0
151.0
143.0
154.0
133.0
139.0
149.0
487.0
146.0
172.0
141.0
468.0
140.0
150.0
164.0
161.0
136.0
175.0
165.0
136.0
145.0
158.0
171.0
159.0
168.0
376.0
136.0
170.0
445.0
165.0
426.0
156.0
393.0
162.0
147.0
170.0
137.0
146.0
158.0
138.0
153.0
136.0
156.0
150.0
145.0
133.0
142.0
117.0
157.0
378.0
134.0
164.0
154.0
169.0
176.0
466.0
154.0
130.0
142.0
151.0
442.0
159.0
174.0
137.0
164.0
156.0
154.0
131.0
165.0
425.0
134.0
378.0
390.0
493.0
134.0
493.0
410.0
392.0
482.0
433.0
454.0
494.0
423.0
474.0
403.0
433.0
381.0
439.0
438.0
146.0
132.0
141.0
135.0
159.0
135.0
140.0
177.0
148.0
166.0
157.0
441.0
386.0
375.0
457.0
449.0
373.0
168.0
168.0
148.0
163.0
166.0
144.0
164.0
373.0
147.0
172.0
174.0
166.0
155.0
175.0
150.0
136.0
149.0
141.0
146.0
173.0
143.0
143.0
175.0
162.0
159.0
172.0
460.0
150.0
166.0
155.0
168.0
164.0
138.0
165.0
432.0
431.0
397.0
457.0
431.0
483.0
475.0
424.0
367.0
468.0
398.0
464.0
173.0
174.0
174.0
146.0
135.0
170.0
140.0
177.0
458.0
175.0
141.0
176.0
137.0
138.0
142.0
150.0
160.0
158.0
148.0
174.0
135.0
162.0
155.0
152.0
140.0
169.0
165.0
376.0
165.0
163.0
158.0
430.0
147.0
150.0
172.0
131.0
133.0
153.0
146.0
166.0
162.0
142.0
158.0
132.0
175.0
371.0
174.0
137.0
382.0
146.0
415.0
147.0
476.0
166.0
147.0
147.0
166.0
157.0
165.0
171.0
172.0
135.0
132.0
173.0
169.0
137.0
156.0
152.0
168.0
404.0
171.0
151.0
165.0
175.0
161.0
388.0
150.0
133.0
154.0
134.0
453.0
145.0
142.0
156.0
132.0
132.0
176.0
175.0
144.0
487.0
154.0
370.0
377.0
461.0
156.0
444.0
387.0
383.0
395.0
468.0
371.0
476.0
371.0
489.0
420.0
391.0
420.0
371.0
411.0
136.0
140.0
170.0
130.0
137.0
135.0
144.0
159.0
166.0
159.0
139.0
375.0
428.0
366.0
468.0
367.0
386.0
162.0
170.0
146.0
185.0
180.0
155.0
168.0
416.0
140.0
174.0
134.0
170.0
142.0
152.0
132.0
170.0
175.0
172.0
150.0
151.0
152.0
136.0
150.0
161.0
166.0
134.0
401.0
137.0
154.0
166.0
150.0
150.0
164.0
133.0
408.0
422.0
397.0
422.0
428.0
443.0
492.0
421.0
493.0
473.0
480.0
372.0
154.0
135.0
151.0
145.0
132.0
152.0
141.0
140.0
396.0
163.0
140.0
147.0
158.0
171.0
166.0
168.0
148.0
162.0
170.0
158.0
158.0
136.0
131.0
162.0
117.0
137.0
149.0
437.0
154.0
132.0
161.0
372.0
160.0
164.0
149.0
148.0
168.0
164.0
177.0
169.0
136.0
164.0
147.0
138.0
147.0
409.0
140.0
157.0
415.0
169.0
407.0
145.0
485.0
140.0
176.0
170.0
151.0
151.0
139.0
134.0
146.0
170.0
160.0
167.0
149.0
138.0
161.0
120.0
165.0
453.0
135.0
132.0
146.0
133.0
139.0
445.0
170.0
158.0
136.0
142.0
446.0
143.0
160.0
143.0
169.0
175.0
137.0
163.0
137.0
393.0
164.0
390.0
429.0
473.0
169.0
412.0
483.0
381.0
409.0
428.0
375.0
418.0
476.0
423.0
455.0
401.0
438.0
438.0
393.0
159.0
165.0
137.0
176.0
152.0
158.0
149.0
157.0
136.0
161.0
168.0
483.0
392.0
409.0
370.0
451.0
417.0
141.0
152.0
160.0
167.0
154.0
132.0
151.0
393.0
160.0
168.0
159.0
166.0
146.0
138.0
172.0
137.0
150.0
148.0
143.0
160.0
157.0
136.0
147.0
155.0
163.0
139.0
452.0
170.0
151.0
153.0
140.0
152.0
135.0
169.0
437.0
464.0
485.0
437.0
486.0
409.0
370.0
442.0
405.0
405.0
428.0
446.0
154.0
139.0
168.0
153.0
150.0
147.0
159.0
133.0
432.0
163.0
170.0
133.0
165.0
169.0
161.0
163.0
150.0
134.0
133.0
177.0
144.0
133.0
175.0
140.0
125.0
157.0
138.0
470.0
176.0
177.0
145.0
464.0
140.0
167.0
131.0
139.0
157.0
147.0
158.0
158.0
159.0
158.0
138.0
145.0
174.0
477.0
176.0
169.0
440.0
135.0
395.0
174.0
405.0
154.0
130.0
144.0
143.0
172.0
157.0
154.0
170.0
158.0
156.0
165.0
168.0
154.0
166.0
149.0
142.0
363.0
150.0
159.0
160.0
140.0
146.0
408.0
166.0
144.0
172.0
162.0
392.0
170.0
151.0
166.0
131.0
176.0
130.0
177.0
149.0
392.0
158.0
433.0
423.0
412.0
156.0
449.0
471.0
407.0
428.0
435.0
439.0
372.0
380.0
387.0
375.0
393.0
476.0
442.0
434.0
166.0
162.0
147.0
139.0
167.0
145.0
144.0
176.0
154.0
135.0
169.0
423.0
490.0
419.0
380.0
463.0
459.0
151.0
142.0
164.0
159.0
184.0
132.0
144.0
410.0
132.0
134.0
144.0
164.0
137.0
144.0
159.0
167.0
149.0
173.0
173.0
135.0
154.0
168.0
176.0
134.0
173.0
157.0
431.0
165.0
143.0
160.0
142.0
169.0
144.0
157.0
378.0
410.0
425.0
379.0
375.0
410.0
494.0
441.0
414.0
465.0
464.0
371.0
153.0
157.0
135.0
131.0
149.0
154.0
168.0
158.0
401.0
136.0
153.0
161.0
135.0
130.0
158.0
136.0
140.0
142.0
141.0
158.0
168.0
167.0
170.0
171.0
137.0
172.0
148.0
372.0
156.0
136.0
155.0
436.0
175.0
155.0
132.0
158.0
157.0
163.0
144.0
163.0
168.0
143.0
160.0
130.0
147.0
458.0
134.0
131.0
461.0
162.0
446.0
170.0
365.0
133.0
165.0
150.0
164.0
167.0
151.0
160.0
139.0
171.0
162.0
138.0
141.0
177.0
166.0
132.0
143.0
387.0
155.0
156.0
135.0
175.0
130.0
445.0
140.0
130.0
132.0
170.0
366.0
154.0
141.0
137.0
155.0
150.0
166.0
161.0
157.0
435.0
144.0
472.0
364.0
373.0
131.0
450.0
393.0
478.0
402.0
383.0
427.0
475.0
455.0
442.0
461.0
380.0
399.0
396.0
428.0
169.0
148.0
166.0
149.0
156.0
149.0
140.0
172.0
145.0
140.0
168.0
472.0
487.0
388.0
397.0
398.0
424.0
135.0
169.0
157.0
168.0
168.0
141.0
155.0
447.0
164.0
177.0
143.0
170.0
143.0
131.0
136.0
155.0
168.0
146.0
160.0
163.0
136.0
146.0
150.0
135.0
139.0
133.0
469.0
165.0
157.0
142.0
170.0
132.0
147.0
136.0
477.0
399.0
383.0
401.0
382.0
392.0
428.0
393.0
434.0
493.0
383.0
383.0
143.0
164.0
130.0
136.0
173.0
154.0
144.0
130.0
436.0
162.0
172.0
148.0
157.0
145.0
147.0
156.0
153.0
166.0
145.0
148.0
166.0
147.0
144.0
151.0
139.0
159.0
175.0
469.0
162.0
170.0
156.0
432.0
153.0
162.0
168.0
147.0
137.0
173.0
170.0
159.0
172.0
135.0
158.0
130.0
141.0
410.0
175.0
173.0
479.0
142.0
443.0
149.0
384.0
144.0
138.0
176.0
142.0
172.0
146.0
172.0
151.0
171.0
166.0
150.0
173.0
137.0
145.0
136.0
132.0
479.0
169.0
132.0
145.0
147.0
174.0
385.0
173.0
151.0
154.0
166.0
472.0
146.0
145.0
161.0
148.0
162.0
156.0
134.0
173.0
466.0
139.0
490.0
393.0
396.0
168.0
383.0
409.0
367.0
373.0
411.0
407.0
369.0
450.0
415.0
407.0
476.0
366.0
463.0
370.0
168.0
134.0
175.0
152.0
167.0
176.0
174.0
145.0
159.0
154.0
151.0
464.0
412.0
459.0
426.0
399.0
441.0
166.0
163.0
153.0
202.0
163.0
170.0
169.0
416.0
142.0
159.0
176.0
141.0
158.0
175.0
154.0
170.0
162.0
142.0
145.0
176.0
171.0
174.0
154.0
146.0
168.0
174.0
383.0
164.0
166.0
154.0
170.0
158.0
163.0
147.0
367.0
468.0
437.0
431.0
445.0
482.0
385.0
384.0
382.0
486.0
389.0
483.0
165.0
174.0
156.0
139.0
157.0
152.0
130.0
132.0
422.0
177.0
170.0
139.0
168.0
156.0
133.0
151.0
146.0
161.0
131.0
151.0
171.0
167.0
175.0
167.0
124.0
138.0
164.0
443.0
163.0
171.0
144.0
412.0
172.0
176.0
143.0
155.0
135.0
167.0
152.0
172.0
157.0
134.0
175.0
151.0
130.0
485.0
147.0
157.0
429.0
159.0
432.0
174.0
395.0
162.0
142.0
161.0
133.0
135.0
141.0
147.0
161.0
135.0
151.0
148.0
132.0
134.0
173.0
114.0
167.0
488.0
150.0
132.0
157.0
145.0
150.0
491.0
165.0
168.0
159.0
168.0
429.0
145.0
157.0
134.0
170.0
162.0
152.0
151.0
168.0
444.0
136.0
407.0
395.0
426.0
154.0
480.0
404.0
402.0
385.0
391.0
421.0
388.0
413.0
455.0
418.0
387.0
474.0
481.0
474.0
169.0
133.0
145.0
138.0
145.0
144.0
136.0
131.0
175.0
135.0
147.0
414.0
385.0
375.0
430.0
385.0
402.0
163.0
150.0
130.0
159.0
185.0
162.0
141.0
447.0
142.0
141.0
159.0
158.0
132.0
167.0
137.0
171.0
154.0
139.0
136.0
155.0
162.0
172.0
175.0
152.0
134.0
137.0
459.0
155.0
141.0
162.0
164.0
175.0
171.0
166.0
471.0
397.0
452.0
377.0
445.0
480.0
442.0
491.0
399.0
438.0
424.0
405.0
163.0
165.0
145.0
132.0
173.0
173.0
165.0
154.0
460.0
150.0
134.0
170.0
176.0
149.0
141.0
134.0
175.0
159.0
156.0
158.0
174.0
144.0
131.0
166.0
138.0
166.0
164.0
467.0
147.0
172.0
135.0
486.0
170.0
173.0
165.0
166.0
137.0
131.0
164.0
131.0
159.0
135.0
159.0
147.0
161.0
374.0
155.0
131.0
469.0
171.0
383.0
136.0
392.0
143.0
155.0
136.0
133.0
171.0
171.0
166.0
167.0
166.0
169.0
153.0
148.0
176.0
174.0
115.0
166.0
474.0
140.0
133.0
135.0
151.0
138.0
378.0
170.0
133.0
151.0
158.0
398.0
146.0
137.0
168.0
149.0
150.0
155.0
161.0
149.0
408.0
147.0
480.0
439.0
420.0
153.0
488.0
468.0
431.0
388.0
402.0
364.0
396.0
405.0
431.0
381.0
446.0
418.0
463.0
405.0
166.0
148.0
142.0
156.0
150.0
140.0
173.0
136.0
167.0
173.0
145.0
400.0
420.0
456.0
444.0
367.0
481.0
131.0
176.0
146.0
189.0
157.0
171.0
167.0
470.0
167.0
138.0
139.0
172.0
145.0
167.0
162.0
138.0
173.0
156.0
143.0
172.0
147.0
142.0
143.0
168.0
147.0
147.0
417.0
139.0
171.0
160.0
171.0
154.0
163.0
160.0
396.0
458.0
445.0
378.0
448.0
411.0
394.0
408.0
439.0
368.0
406.0
393.0
158.0
152.0
176.0
166.0
156.0
156.0
134.0
170.0
488.0
136.0
151.0
172.0
170.0
137.0
145.0
151.0
150.0
163.0
139.0
133.0
169.0
173.0
147.0
171.0
115.0
164.0
140.0
440.0
149.0
140.0
153.0
395.0
170.0
162.0
131.0
154.0
139.0
172.0
157.0
154.0
164.0
137.0
166.0
155.0
138.0
485.0
142.0
134.0
465.0
156.0
467.0
134.0
449.0
175.0
161.0
136.0
157.0
143.0
151.0
144.0
172.0
150.0
161.0
170.0
155.0
148.0
141.0
131.0
169.0
468.0
170.0
156.0
168.0
163.0
137.0
383.0
153.0
173.0
163.0
163.0
477.0
155.0
155.0
170.0
165.0
165.0
162.0
162.0
168.0
457.0
174.0
422.0
424.0
413.0
160.0
431.0
401.0
407.0
436.0
363.0
376.0
378.0
480.0
418.0
382.0
455.0
472.0
420.0
466.0
173.0
165.0
143.0
164.0
133.0
147.0
158.0
161.0
132.0
166.0
168.0
469.0
444.0
376.0
381.0
479.0
488.0
143.0
172.0
145.0
158.0
205.0
168.0
169.0
415.0
167.0
149.0
160.0
169.0
154.0
158.0
175.0
171.0
158.0
141.0
158.0
145.0
144.0
138.0
164.0
134.0
147.0
174.0
377.0
138.0
131.0
145.0
151.0
174.0
163.0
148.0
452.0
466.0
435.0
441.0
381.0
428.0
487.0
389.0
395.0
387.0
448.0
493.0
176.0
148.0
170.0
137.0
132.0
163.0
157.0
167.0
379.0
142.0
145.0
140.0
172.0
166.0
155.0
150.0
137.0
165.0
152.0
170.0
144.0
157.0
164.0
164.0
135.0
142.0
140.0
448.0
138.0
172.0
152.0
469.0
134.0
154.0
153.0
146.0
142.0
160.0
169.0
159.0
136.0
167.0
132.0
146.0
138.0
455.0
147.0
134.0
468.0
175.0
450.0
143.0
402.0
154.0
147.0
171.0
146.0
137.0
133.0
146.0
130.0
168.0
140.0
164.0
177.0
144.0
142.0
136.0
130.0
384.0
138.0
153.0
137.0
145.0
158.0
364.0
174.0
168.0
143.0
162.0
387.0
132.0
134.0
149.0
176.0
133.0
175.0
161.0
151.0
489.0
162.0
408.0
482.0
383.0
145.0
435.0
482.0
438.0
444.0
470.0
488.0
446.0
424.0
434.0
366.0
448.0
472.0
457.0
396.0
136.0
147.0
133.0
142.0
131.0
151.0
148.0
135.0
170.0
163.0
148.0
465.0
413.0
384.0
459.0
454.0
391.0
153.0
170.0
166.0
177.0
207.0
156.0
164.0
403.0
149.0
170.0
132.0
145.0
161.0
147.0
154.0
157.0
132.0
142.0
143.0
135.0
151.0
150.0
177.0
141.0
168.0
158.0
408.0
165.0
164.0
147.0
134.0
174.0
173.0
163.0
416.0
378.0
485.0
474.0
379.0
373.0
453.0
375.0
390.0
406.0
376.0
484.0
156.0
156.0
142.0
177.0
175.0
145.0
177.0
155.0
455.0
131.0
155.0
166.0
149.0
159.0
167.0
154.0
169.0
158.0
146.0
139.0
164.0
149.0
141.0
166.0
122.0
133.0
137.0
393.0
145.0
166.0
153.0
373.0
167.0
160.0
162.0
151.0
157.0
141.0
146.0
131.0
137.0
135.0
146.0
176.0
159.0
430.0
136.0
151.0
468.0
153.0
416.0
142.0
462.0
153.0
137.0
134.0
162.0
147.0
175.0
137.0
138.0
151.0
161.0
173.0
148.0
142.0
171.0
149.0
144.0
435.0
141.0
144.0
146.0
134.0
136.0
442.0
140.0
153.0
135.0
138.0
394.0
157.0
157.0
140.0
174.0
155.0
153.0
130.0
156.0
433.0
167.0
401.0
457.0
443.0
176.0
429.0
418.0
401.0
404.0
415.0
375.0
466.0
378.0
422.0
418.0
365.0
410.0
474.0
376.0
170.0
165.0
134.0
170.0
135.0
152.0
149.0
138.0
146.0
167.0
162.0
476.0
421.0
478.0
410.0
383.0
434.0
162.0
162.0
131.0
195.0
193.0
145.0
134.0
487.0
137.0
174.0
174.0
175.0
136.0
155.0
135.0
167.0
173.0
156.0
130.0
144.0
174.0
177.0
132.0
130.0
152.0
130.0
424.0
169.0
143.0
174.0
138.0
140.0
169.0
157.0
440.0
435.0
385.0
381.0
445.0
381.0
437.0
388.0
481.0
453.0
428.0
451.0
133.0
130.0
155.0
161.0
170.0
130.0
140.0
151.0
492.0
158.0
131.0
138.0
147.0
174.0
131.0
137.0
133.0
132.0
162.0
147.0
169.0
171.0
135.0
132.0
130.0
143.0
161.0
413.0
131.0
148.0
151.0
386.0
130.0
152.0
159.0
168.0
153.0
147.0
134.0
144.0
145.0
167.0
136.0
150.0
166.0
392.0
138.0
145.0
478.0
148.0
448.0
169.0
366.0
138.0
163.0
159.0
171.0
165.0
130.0
175.0
170.0
139.0
139.0
153.0
144.0
173.0
157.0
126.0
138.0
417.0
136.0
167.0
158.0
153.0
169.0
441.0
143.0
130.0
134.0
162.0
437.0
146.0
158.0
135.0
136.0
156.0
172.0
148.0
171.0
486.0
161.0
405.0
478.0
363.0
143.0
389.0
464.0
450.0
396.0
412.0
413.0
472.0
453.0
427.0
440.0
442.0
454.0
478.0
373.0
134.0
155.0
173.0
139.0
144.0
172.0
144.0
176.0
160.0
155.0
159.0
404.0
372.0
394.0
440.0
457.0
491.0
163.0
168.0
176.0
160.0
159.0
139.0
130.0
430.0
138.0
130.0
154.0
156.0
174.0
148.0
133.0
152.0
168.0
172.0
131.0
163.0
162.0
137.0
146.0
132.0
161.0
174.0
378.0
165.0
135.0
135.0
144.0
144.0
138.0
142.0
390.0
450.0
425.0
373.0
438.0
400.0
393.0
440.0
395.0
364.0
442.0
483.0
130.0
174.0
176.0
147.0
164.0
158.0
173.0
162.0
392.0
138.0
153.0
172.0
145.0
160.0
157.0
139.0
131.0
168.0
135.0
162.0
167.0
175.0
154.0
176.0
123.0
154.0
166.0
470.0
146.0
157.0
166.0
426.0
161.0
165.0
176.0
154.0
154.0
146.0
159.0
170.0
172.0
168.0
164.0
165.0
147.0
383.0
175.0
167.0
477.0
159.0
489.0
131.0
378.0
174.0
156.0
131.0
143.0
166.0
141.0
141.0
145.0
146.0
157.0
133.0
177.0
144.0
166.0
139.0
144.0
401.0
174.0
140.0
133.0
165.0
157.0
363.0
135.0
132.0
168.0
132.0
435.0
169.0
142.0
162.0
172.0
143.0
138.0
148.0
164.0
436.0
164.0
370.0
463.0
452.0
156.0
393.0
405.0
472.0
424.0
491.0
473.0
414.0
415.0
438.0
387.0
432.0
366.0
389.0
375.0
135.0
133.0
135.0
164.0
137.0
168.0
138.0
142.0
136.0
148.0
162.0
492.0
473.0
376.0
460.0
420.0
462.0
157.0
167.0
150.0
203.0
185.0
131.0
174.0
476.0
131.0
162.0
147.0
131.0
174.0
150.0
162.0
171.0
140.0
160.0
136.0
157.0
169.0
170.0
173.0
163.0
165.0
172.0
469.0
167.0
142.0
164.0
155.0
143.0
141.0
151.0
463.0
408.0
385.0
431.0
430.0
477.0
421.0
468.0
458.0
379.0
392.0
378.0
136.0
137.0
149.0
156.0
164.0
175.0
138.0
150.0
409.0
131.0
154.0
168.0
151.0
152.0
139.0
130.0
166.0
136.0
168.0
153.0
157.0
157.0
169.0
174.0
147.0
138.0
136.0
425.0
151.0
149.0
176.0
437.0
173.0
167.0
160.0
161.0
169.0
170.0
146.0
167.0
174.0
154.0
172.0
169.0
169.0
411.0
136.0
173.0
434.0
133.0
432.0
149.0
371.0
154.0
133.0
136.0
166.0
165.0
155.0
134.0
130.0
165.0
160.0
162.0
161.0
143.0
172.0
123.0
145.0
488.0
168.0
153.0
134.0
159.0
133.0
429.0
163.0
138.0
167.0
160.0
377.0
141.0
163.0
156.0
158.0
137.0
146.0
135.0
158.0
431.0
136.0
437.0
393.0
369.0
140.0
447.0
432.0
426.0
406.0
492.0
467.0
481.0
373.0
438.0
427.0
441.0
423.0
403.0
473.0
147.0
150.0
173.0
164.0
131.0
170.0
169.0
166.0
138.0
139.0
157.0
433.0
484.0
465.0
367.0
436.0
468.0
145.0
152.0
139.0
161.0
175.0
136.0
161.0
479.0
169.0
134.0
136.0
131.0
168.0
139.0
134.0
173.0
135.0
167.0
169.0
156.0
174.0
143.0
158.0
162.0
156.0
159.0
462.0
160.0
162.0
152.0
135.0
169.0
150.0
168.0
374.0
457.0
375.0
453.0
413.0
400.0
382.0
471.0
441.0
440.0
416.0
402.0
162.0
172.0
164.0
135.0
137.0
151.0
150.0
170.0
459.0
167.0
161.0
147.0
153.0
138.0
163.0
147.0
174.0
172.0
175.0
151.0
156.0
171.0
173.0
162.0
134.0
147.0
159.0
487.0
134.0
158.0
137.0
443.0
139.0
138.0
144.0
145.0
173.0
150.0
154.0
175.0
155.0
143.0
152.0
162.0
142.0
446.0
148.0
145.0
372.0
146.0
427.0
134.0
492.0
142.0
139.0
133.0
134.0
174.0
152.0
160.0
164.0
165.0
167.0
158.0
174.0
131.0
131.0
113.0
175.0
486.0
139.0
136.0
144.0
147.0
158.0
463.0
130.0
141.0
140.0
169.0
461.0
170.0
173.0
175.0
175.0
136.0
142.0
139.0
149.0
483.0
170.0
470.0
437.0
463.0
133.0
474.0
482.0
476.0
426.0
459.0
481.0
482.0
436.0
463.0
406.0
386.0
449.0
473.0
392.0
133.0
162.0
168.0
156.0
175.0
155.0
150.0
151.0
176.0
151.0
158.0
435.0
378.0
466.0
452.0
473.0
364.0
169.0
167.0
131.0
197.0
194.0
147.0
146.0
406.0
169.0
162.0
138.0
157.0
141.0
168.0
138.0
164.0
155.0
144.0
158.0
167.0
143.0
164.0
174.0
138.0
149.0
158.0
408.0
169.0
155.0
152.0
134.0
139.0
140.0
143.0
410.0
416.0
448.0
377.0
489.0
485.0
434.0
479.0
462.0
453.0
392.0
483.0
175.0
174.0
172.0
138.0
158.0
164.0
170.0
158.0
438.0
163.0
136.0
175.0
156.0
153.0
159.0
133.0
145.0
177.0
169.0
145.0
136.0
142.0
167.0
173.0
138.0
168.0
166.0
372.0
153.0
161.0
170.0
407.0
167.0
140.0
145.0
163.0
135.0
130.0
169.0
172.0
147.0
165.0
140.0
157.0
134.0
406.0
131.0
162.0
388.0
164.0
473.0
161.0
493.0
163.0
166.0
140.0
168.0
138.0
137.0
150.0
153.0
142.0
170.0
174.0
131.0
158.0
138.0
122.0
162.0
421.0
172.0
145.0
142.0
147.0
176.0
369.0
134.0
132.0
145.0
152.0
374.0
176.0
140.0
152.0
137.0
150.0
149.0
159.0
145.0
476.0
138.0
393.0
460.0
430.0
165.0
480.0
415.0
388.0
439.0
494.0
493.0
367.0
492.0
493.0
420.0
387.0
443.0
425.0
374.0
151.0
173.0
141.0
147.0
145.0
168.0
131.0
154.0
136.0
165.0
151.0
469.0
378.0
401.0
426.0
384.0
419.0
167.0
142.0
137.0
201.0
188.0
152.0
174.0
448.0
146.0
137.0
144.0
175.0
144.0
175.0
140.0
135.0
133.0
132.0
151.0
172.0
157.0
145.0
169.0
143.0
147.0
156.0
469.0
139.0
131.0
158.0
170.0
158.0
145.0
167.0
393.0
366.0
451.0
401.0
483.0
449.0
476.0
479.0
460.0
408.0
426.0
410.0
146.0
133.0
138.0
174.0
132.0
136.0
160.0
165.0
483.0
157.0
149.0
170.0
170.0
132.0
137.0
131.0
141.0
170.0
168.0
151.0
146.0
131.0
140.0
168.0
148.0
158.0
132.0
442.0
142.0
152.0
171.0
488.0
140.0
150.0
168.0
153.0
140.0
147.0
157.0
166.0
163.0
168.0
168.0
176.0
164.0
481.0
175.0
130.0
387.0
176.0
370.0
137.0
395.0
131.0
145.0
164.0
159.0
171.0
143.0
171.0
137.0
159.0
164.0
130.0
159.0
177.0
131.0
135.0
161.0
429.0
151.0
154.0
152.0
147.0
153.0
368.0
152.0
131.0
138.0
133.0
383.0
143.0
144.0
147.0
167.0
160.0
162.0
168.0
163.0
404.0
130.0
494.0
443.0
487.0
174.0
431.0
428.0
367.0
407.0
494.0
453.0
452.0
369.0
434.0
494.0
492.0
413.0
391.0
461.0
144.0
149.0
168.0
150.0
146.0
150.0
168.0
135.0
151.0
163.0
154.0
477.0
485.0
463.0
448.0
484.0
493.0
141.0
170.0
140.0
198.0
153.0
131.0
157.0
483.0
176.0
147.0
163.0
145.0
164.0
147.0
167.0
174.0
131.0
154.0
139.0
157.0
137.0
135.0
170.0
169.0
165.0
160.0
364.0
153.0
151.0
157.0
159.0
152.0
143.0
147.0
444.0
411.0
391.0
397.0
439.0
465.0
480.0
392.0
469.0
458.0
376.0
466.0
161.0
132.0
155.0
166.0
165.0
177.0
132.0
148.0
390.0
151.0
142.0
176.0
150.0
143.0
151.0
142.0
159.0
173.0
172.0
133.0
139.0
131.0
132.0
135.0
118.0
131.0
157.0
449.0
152.0
166.0
164.0
463.0
151.0
149.0
158.0
139.0
157.0
164.0
169.0
132.0
138.0
132.0
174.0
177.0
176.0
445.0
166.0
153.0
416.0
140.0
381.0
146.0
402.0
139.0
170.0
154.0
134.0
144.0
138.0
139.0
176.0
176.0
151.0
145.0
145.0
132.0
143.0
114.0
161.0
470.0
153.0
143.0
161.0
133.0
170.0
426.0
137.0
160.0
140.0
137.0
384.0
151.0
157.0
154.0
140.0
174.0
143.0
160.0
163.0
453.0
142.0
368.0
475.0
425.0
132.0
468.0
465.0
485.0
375.0
490.0
419.0
466.0
416.0
472.0
443.0
393.0
452.0
386.0
404.0
171.0
156.0
166.0
175.0
147.0
144.0
157.0
149.0
161.0
152.0
153.0
484.0
430.0
370.0
451.0
375.0
446.0
145.0
157.0
163.0
183.0
168.0
149.0
134.0
405.0
153.0
158.0
142.0
144.0
165.0
152.0
169.0
174.0
159.0
139.0
169.0
137.0
139.0
166.0
158.0
165.0
139.0
155.0
429.0
171.0
158.0
155.0
141.0
164.0
140.0
163.0
446.0
458.0
481.0
439.0
460.0
487.0
421.0
408.0
388.0
453.0
400.0
366.0
141.0
138.0
156.0
144.0
132.0
135.0
130.0
144.0
491.0
141.0
132.0
150.0
138.0
148.0
170.0
162.0
157.0
157.0
133.0
153.0
169.0
134.0
176.0
172.0
129.0
159.0
167.0
399.0
156.0
133.0
155.0
424.0
148.0
145.0
172.0
157.0
139.0
138.0
158.0
132.0
145.0
152.0
158.0
160.0
168.0
464.0
170.0
151.0
399.0
142.0
451.0
144.0
427.0
170.0
162.0
165.0
151.0
153.0
135.0
166.0
139.0
137.0
173.0
177.0
155.0
138.0
165.0
147.0
146.0
461.0
130.0
133.0
138.0
167.0
151.0
374.0
153.0
156.0
175.0
134.0
439.0
162.0
152.0
135.0
170.0
150.0
153.0
135.0
148.0
419.0
138.0
490.0
469.0
389.0
139.0
373.0
451.0
390.0
488.0
487.0
390.0
387.0
452.0
409.0
494.0
370.0
438.0
473.0
469.0
163.0
171.0
151.0
173.0
145.0
166.0
136.0
149.0
136.0
146.0
137.0
412.0
469.0
379.0
429.0
376.0
468.0
158.0
134.0
153.0
167.0
165.0
139.0
145.0
440.0
156.0
154.0
145.0
153.0
144.0
165.0
173.0
144.0
173.0
158.0
133.0
167.0
165.0
158.0
177.0
164.0
166.0
132.0
380.0
133.0
156.0
135.0
176.0
150.0
133.0
176.0
447.0
390.0
414.0
400.0
384.0
412.0
404.0
406.0
484.0
392.0
436.0
370.0
163.0
139.0
136.0
154.0
147.0
159.0
168.0
144.0
366.0
139.0
133.0
149.0
141.0
149.0
165.0
142.0
159.0
139.0
143.0
173.0
172.0
156.0
147.0
169.0
124.0
176.0
149.0
433.0
174.0
174.0
131.0
385.0
176.0
159.0
149.0
163.0
167.0
165.0
155.0
144.0
157.0
146.0
151.0
138.0
140.0
424.0
168.0
172.0
458.0
150.0
480.0
174.0
395.0
138.0
153.0
176.0
162.0
154.0
147.0
146.0
131.0
158.0
142.0
139.0
159.0
173.0
163.0
149.0
136.0
409.0
131.0
157.0
158.0
152.0
140.0
374.0
162.0
173.0
168.0
176.0
447.0
147.0
163.0
158.0
135.0
172.0
160.0
140.0
154.0
409.0
168.0
392.0
444.0
368.0
172.0
452.0
454.0
379.0
387.0
463.0
390.0
410.0
484.0
452.0
364.0
364.0
483.0
419.0
439.0
137.0
175.0
142.0
152.0
167.0
165.0
164.0
152.0
140.0
142.0
169.0
456.0
481.0
456.0
423.0
484.0
448.0
164.0
139.0
161.0
191.0
171.0
145.0
175.0
388.0
159.0
147.0
174.0
138.0
151.0
162.0
141.0
130.0
164.0
170.0
144.0
163.0
155.0
173.0
130.0
171.0
164.0
164.0
480.0
136.0
153.0
171.0
138.0
132.0
175.0
133.0
431.0
378.0
386.0
483.0
447.0
416.0
417.0
405.0
468.0
454.0
405.0
385.0
158.0
144.0
131.0
174.0
145.0
177.0
136.0
144.0
404.0
159.0
145.0
177.0
157.0
147.0
139.0
150.0
168.0
163.0
144.0
176.0
173.0
156.0
147.0
161.0
149.0
145.0
162.0
458.0
153.0
146.0
162.0
454.0
145.0
155.0
150.0
148.0
176.0
132.0
145.0
138.0
177.0
167.0
154.0
157.0
145.0
471.0
162.0
175.0
437.0
158.0
378.0
161.0
414.0
157.0
149.0
137.0
136.0
162.0
176.0
176.0
155.0
162.0
157.0
140.0
131.0
159.0
137.0
129.0
136.0
424.0
169.0
159.0
169.0
176.0
131.0
363.0
172.0
145.0
163.0
164.0
446.0
174.0
159.0
154.0
150.0
163.0
165.0
139.0
146.0
408.0
141.0
404.0
395.0
459.0
132.0
431.0
403.0
418.0
418.0
403.0
390.0
451.0
421.0
394.0
493.0
453.0
369.0
484.0
425.0
174.0
136.0
138.0
170.0
162.0
131.0
144.0
163.0
137.0
130.0
144.0
437.0
484.0
491.0
429.0
480.0
436.0
144.0
169.0
131.0
179.0
179.0
175.0
149.0
437.0
135.0
165.0
134.0
131.0
148.0
169.0
163.0
162.0
134.0
154.0
172.0
148.0
161.0
166.0
139.0
151.0
133.0
155.0
474.0
149.0
144.0
152.0
168.0
176.0
173.0
155.0
418.0
453.0
468.0
443.0
464.0
393.0
386.0
441.0
423.0
408.0
440.0
459.0
173.0
133.0
134.0
149.0
145.0
160.0
139.0
145.0
406.0
136.0
143.0
130.0
154.0
171.0
141.0
174.0
160.0
139.0
173.0
165.0
139.0
170.0
141.0
154.0
129.0
155.0
154.0
464.0
139.0
169.0
136.0
465.0
143.0
173.0
139.0
160.0
169.0
174.0
163.0
163.0
138.0
146.0
155.0
159.0
143.0
377.0
167.0
136.0
415.0
151.0
488.0
133.0
469.0
152.0
138.0
156.0
161.0
169.0
162.0
143.0
148.0
142.0
156.0
173.0
176.0
170.0
141.0
142.0
147.0
386.0
173.0
158.0
157.0
155.0
157.0
458.0
149.0
142.0
132.0
149.0
451.0
165.0
154.0
136.0
153.0
144.0
163.0
173.0
138.0
437.0
131.0
484.0
396.0
441.0
160.0
439.0
404.0
373.0
481.0
451.0
399.0
412.0
402.0
405.0
406.0
372.0
493.0
456.0
473.0
155.0
153.0
173.0
166.0
147.0
130.0
147.0
154.0
132.0
165.0
162.0
376.0
492.0
488.0
481.0
400.0
451.0
156.0
143.0
173.0
205.0
200.0
152.0
154.0
406.0
143.0
153.0
143.0
176.0
151.0
164.0
149.0
167.0
132.0
140.0
173.0
161.0
177.0
157.0
143.0
130.0
141.0
160.0
405.0
165.0
175.0
152.0
150.0
169.0
130.0
145.0
471.0
455.0
366.0
479.0
462.0
399.0
410.0
446.0
435.0
427.0
477.0
409.0
175.0
141.0
141.0
131.0
145.0
162.0
142.0
161.0
429.0
165.0
143.0
167.0
154.0
159.0
171.0
160.0
139.0
156.0
149.0
152.0
165.0
132.0
160.0
133.0
133.0
154.0
142.0
479.0
161.0
167.0
155.0
383.0
152.0
135.0
148.0
167.0
149.0
164.0
177.0
139.0
146.0
164.0
141.0
131.0
144.0
375.0
130.0
167.0
481.0
139.0
494.0
154.0
380.0
172.0
150.0
141.0
149.0
135.0
134.0
160.0
163.0
159.0
142.0
152.0
146.0
143.0
165.0
126.0
177.0
385.0
131.0
136.0
159.0
131.0
132.0
479.0
154.0
134.0
141.0
143.0
455.0
158.0
132.0
132.0
148.0
174.0
168.0
142.0
140.0
431.0
155.0
387.0
424.0
487.0
156.0
486.0
409.0
486.0
446.0
452.0
405.0
491.0
480.0
424.0
480.0
478.0
386.0
376.0
394.0
156.0
142.0
142.0
171.0
162.0
131.0
132.0
175.0
145.0
176.0
148.0
374.0
391.0
493.0
413.0
446.0
448.0
169.0
143.0
130.0
