I_BRKGA_178_6_10_5_CESP
178 6 10 495.0
56537.5
60870.5
54820.5
59665.5
60452.5
62824.5
61431.5
59117.5
54668.5
62751.5
0.10802553292756029
0.0812144046882482
0.11556033110445449
0.08278159735614046
0.11003556462685521
0.08458210215848419
0.10816122853510363
0.09226645455323583
0.1104854081317629
0.10688737591815478
106.0
116.0
115.0
120.0
118.0
111.0
2557.0
22.0
1261.0
1300.0
67.0
529.0
480.0
1280.0
36.0
521.0
118.0
185.0
44.0
338.0
249.0
394.0
56.0
299.0
222.0
457.0
203.0
1108.0
161.0
336.0
416.0
1385.0
2570.0
1057.0
960.0
12.0
233.0
555.0
277.0
69.0
231.0
76.0
298.0
14.0
10.0
10.0
12.0
14.0
12.0
14.0
98.0
13.0
12.0
12.0
27.0
358.0
165.0
817.0
1288.0
548.0
353.0
1156.0
287.0
155.0
793.0
5046.0
5583.0
126.0
173.0
325.0
50.0
28.0
181.0
215.0
184.0
533.0
27.0
77.0
66.0
27.0
128.0
27.0
30.0
20.0
113.0
178.0
892.0
50.0
119.0
63.0
43.0
163.0
220.0
318.0
141.0
170.0
69.0
842.0
152.0
142.0
798.0
36.0
61.0
206.0
98.0
14.0
322.0
124.0
20.0
25.0
31.0
8.0
71.0
265.0
113.0
74.0
85.0
55.0
38.0
87.0
149.0
47.0
26.0
58.0
161.0
105.0
82.0
131.0
45.0
64.0
7.0
1570.0
59.0
111.0
58.0
48.0
636.0
836.0
119.0
1381.0
1064.0
26.0
121.0
116.0
254.0
6633.0
202.0
93.0
155.0
285.0
30.0
262.0
29.0
129.0
243.0
82.0
130.0
827.0
119.0
156.0
420.0
304.0
218.0
64.0
1266.0
126.0
121.0
67.0
93.0
111.0
20.0
270.0
190.0
354.0
158.0
38.0
68.0
50.0
205.0
224.0
322.0
189.0
842.0
1237.0
517.0
1292.0
35.0
523.0
112.0
182.0
47.0
317.0
244.0
388.0
61.0
305.0
213.0
502.0
209.0
1047.0
157.0
337.0
435.0
1331.0
2542.0
1050.0
1025.0
13.0
222.0
531.0
285.0
76.0
247.0
79.0
282.0
13.0
9.0
10.0
12.0
13.0
12.0
13.0
96.0
14.0
12.0
12.0
29.0
351.0
171.0
795.0
1266.0
543.0
351.0
1182.0
288.0
152.0
823.0
5114.0
5633.0
124.0
159.0
305.0
48.0
28.0
191.0
217.0
188.0
488.0
28.0
72.0
64.0
27.0
116.0
27.0
33.0
19.0
115.0
179.0
888.0
50.0
123.0
62.0
42.0
157.0
215.0
334.0
145.0
162.0
70.0
855.0
166.0
141.0
748.0
37.0
62.0
195.0
91.0
13.0
346.0
122.0
20.0
24.0
30.0
8.0
72.0
271.0
110.0
72.0
89.0
54.0
38.0
87.0
147.0
49.0
26.0
58.0
156.0
109.0
87.0
137.0
45.0
62.0
7.0
1548.0
59.0
117.0
56.0
45.0
653.0
860.0
118.0
1402.0
1058.0
24.0
120.0
111.0
260.0
6655.0
211.0
97.0
162.0
285.0
32.0
278.0
28.0
118.0
255.0
82.0
130.0
818.0
113.0
159.0
419.0
328.0
224.0
67.0
1254.0
133.0
116.0
71.0
88.0
121.0
18.0
253.0
200.0
355.0
174.0
36.0
68.0
53.0
190.0
240.0
301.0
202.0
892.0
1310.0
507.0
1245.0
35.0
555.0
109.0
178.0
45.0
334.0
262.0
364.0
57.0
288.0
231.0
487.0
216.0
1086.0
161.0
345.0
418.0
1297.0
2661.0
1100.0
961.0
12.0
218.0
538.0
273.0
71.0
233.0
78.0
277.0
14.0
10.0
10.0
11.0
13.0
12.0
13.0
96.0
14.0
12.0
11.0
27.0
356.0
156.0
830.0
1318.0
593.0
342.0
1119.0
293.0
148.0
803.0
5473.0
6034.0
122.0
163.0
329.0
47.0
27.0
178.0
212.0
184.0
485.0
28.0
78.0
61.0
27.0
119.0
29.0
31.0
20.0
113.0
169.0
891.0
49.0
125.0
62.0
46.0
157.0
203.0
339.0
154.0
174.0
72.0
866.0
167.0
148.0
797.0
38.0
60.0
212.0
89.0
14.0
332.0
123.0
20.0
24.0
30.0
8.0
73.0
265.0
113.0
74.0
90.0
56.0
40.0
88.0
145.0
48.0
26.0
54.0
150.0
105.0
85.0
127.0
47.0
61.0
7.0
1609.0
57.0
116.0
56.0
46.0
661.0
852.0
117.0
1321.0
1150.0
26.0
121.0
108.0
267.0
6619.0
210.0
95.0
152.0
280.0
33.0
279.0
28.0
128.0
248.0
82.0
141.0
816.0
119.0
147.0
444.0
307.0
216.0
65.0
1237.0
123.0
118.0
70.0
86.0
111.0
19.0
270.0
203.0
339.0
166.0
36.0
67.0
50.0
188.0
226.0
298.0
187.0
837.0
1276.0
478.0
1328.0
34.0
544.0
111.0
178.0
48.0
347.0
257.0
385.0
60.0
308.0
232.0
477.0
205.0
1072.0
168.0
356.0
411.0
1284.0
2585.0
1092.0
1041.0
12.0
230.0
514.0
269.0
76.0
247.0
79.0
281.0
14.0
10.0
10.0
12.0
14.0
12.0
14.0
96.0
14.0
12.0
12.0
29.0
348.0
167.0
798.0
1268.0
558.0
350.0
1148.0
300.0
159.0
828.0
5095.0
5761.0
127.0
161.0
309.0
51.0
27.0
193.0
220.0
196.0
499.0
28.0
73.0
63.0
27.0
121.0
27.0
31.0
20.0
116.0
172.0
893.0
49.0
120.0
67.0
44.0
166.0
214.0
338.0
154.0
173.0
70.0
877.0
168.0
146.0
737.0
35.0
64.0
215.0
95.0
14.0
321.0
117.0
20.0
26.0
31.0
8.0
71.0
274.0
107.0
69.0
87.0
56.0
38.0
86.0
140.0
46.0
25.0
53.0
164.0
110.0
87.0
138.0
46.0
64.0
7.0
1579.0
56.0
117.0
59.0
45.0
637.0
830.0
122.0
1392.0
1080.0
25.0
112.0
109.0
270.0
6511.0
210.0
98.0
163.0
282.0
31.0
267.0
30.0
128.0
248.0
77.0
130.0
784.0
114.0
144.0
454.0
314.0
223.0
70.0
1190.0
125.0
118.0
67.0
94.0
120.0
20.0
253.0
191.0
357.0
163.0
37.0
71.0
50.0
200.0
225.0
308.0
204.0
889.0
1226.0
491.0
1253.0
33.0
555.0
110.0
185.0
46.0
345.0
264.0
382.0
57.0
317.0
215.0
500.0
218.0
1100.0
169.0
332.0
443.0
1287.0
2598.0
1108.0
1030.0
13.0
231.0
528.0
291.0
75.0
234.0
80.0
274.0
14.0
9.0
10.0
12.0
13.0
11.0
13.0
92.0
14.0
12.0
12.0
27.0
354.0
156.0
814.0
1270.0
587.0
361.0
1096.0
292.0
158.0
848.0
5015.0
5868.0
131.0
164.0
317.0
46.0
29.0
192.0
223.0
196.0
494.0
26.0
76.0
67.0
26.0
128.0
27.0
31.0
20.0
113.0
177.0
831.0
50.0
123.0
62.0
44.0
167.0
221.0
324.0
140.0
174.0
71.0
853.0
152.0
148.0
731.0
38.0
65.0
209.0
96.0
13.0
344.0
117.0
21.0
26.0
32.0
8.0
74.0
275.0
112.0
74.0
89.0
54.0
38.0
81.0
153.0
45.0
25.0
56.0
155.0
108.0
82.0
127.0
47.0
63.0
7.0
1611.0
56.0
119.0
55.0
46.0
652.0
864.0
122.0
1380.0
1119.0
25.0
112.0
108.0
275.0
6459.0
211.0
93.0
154.0
274.0
33.0
267.0
28.0
124.0
243.0
77.0
135.0
768.0
114.0
154.0
433.0
325.0
208.0
65.0
1219.0
133.0
117.0
70.0
88.0
115.0
19.0
263.0
197.0
350.0
173.0
39.0
71.0
48.0
192.0
239.0
321.0
196.0
823.0
1210.0
508.0
1276.0
33.0
556.0
117.0
174.0
47.0
316.0
262.0
389.0
56.0
304.0
231.0
490.0
200.0
1076.0
159.0
357.0
449.0
1376.0
2607.0
1091.0
1045.0
13.0
218.0
531.0
275.0
73.0
245.0
82.0
288.0
13.0
10.0
10.0
12.0
14.0
12.0
14.0
96.0
14.0
11.0
12.0
27.0
375.0
160.0
772.0
1307.0
542.0
360.0
1144.0
281.0
159.0
837.0
5211.0
5696.0
119.0
165.0
313.0
51.0
27.0
185.0
211.0
184.0
495.0
28.0
78.0
67.0
27.0
123.0
28.0
33.0
18.0
112.0
162.0
900.0
50.0
121.0
62.0
46.0
167.0
210.0
321.0
142.0
169.0
69.0
856.0
155.0
140.0
754.0
37.0
62.0
194.0
91.0
14.0
337.0
119.0
21.0
25.0
29.0
8.0
73.0
257.0
111.0
69.0
91.0
56.0
39.0
82.0
149.0
46.0
26.0
58.0
158.0
106.0
79.0
136.0
44.0
62.0
7.0
1530.0
56.0
117.0
55.0
44.0
653.0
845.0
121.0
1436.0
1095.0
24.0
114.0
119.0
256.0
6319.0
195.0
97.0
152.0
271.0
31.0
281.0
30.0
123.0
250.0
82.0
137.0
810.0
113.0
146.0
456.0
318.0
223.0
65.0
1281.0
125.0
121.0
70.0
87.0
114.0
20.0
247.0
207.0
373.0
171.0
37.0
69.0
52.0
187.0
235.0
307.0
193.0
865.0
1210.0
474.0
1251.0
36.0
514.0
118.0
183.0
44.0
321.0
258.0
365.0
56.0
317.0
232.0
458.0
207.0
1064.0
164.0
346.0
424.0
1389.0
2751.0
1056.0
1036.0
12.0
218.0
533.0
282.0
69.0
247.0
75.0
297.0
14.0
10.0
10.0
12.0
14.0
12.0
14.0
100.0
14.0
12.0
12.0
27.0
366.0
168.0
799.0
1364.0
590.0
353.0
1192.0
289.0
147.0
852.0
5501.0
5524.0
131.0
167.0
332.0
47.0
28.0
177.0
225.0
187.0
487.0
26.0
73.0
67.0
26.0
127.0
28.0
31.0
20.0
116.0
163.0
819.0
49.0
131.0
61.0
45.0
152.0
208.0
324.0
154.0
169.0
73.0
876.0
155.0
144.0
731.0
37.0
60.0
201.0
95.0
13.0
325.0
129.0
20.0
24.0
30.0
8.0
75.0
269.0
113.0
69.0
85.0
56.0
41.0
89.0
154.0
45.0
26.0
57.0
160.0
102.0
83.0
126.0
45.0
64.0
7.0
1617.0
57.0
116.0
55.0
46.0
620.0
829.0
112.0
1437.0
1082.0
25.0
116.0
108.0
264.0
6626.0
198.0
101.0
157.0
280.0
33.0
267.0
30.0
121.0
254.0
76.0
137.0
770.0
124.0
154.0
422.0
317.0
203.0
69.0
1173.0
123.0
120.0
69.0
93.0
118.0
20.0
254.0
188.0
363.0
172.0
38.0
65.0
53.0
198.0
232.0
293.0
204.0
837.0
1289.0
472.0
1285.0
35.0
558.0
109.0
183.0
45.0
317.0
253.0
389.0
57.0
315.0
233.0
458.0
199.0
1068.0
170.0
328.0
449.0
1323.0
2584.0
1101.0
1024.0
12.0
219.0
539.0
280.0
69.0
247.0
78.0
291.0
13.0
10.0
10.0
12.0
13.0
11.0
14.0
100.0
14.0
12.0
12.0
28.0
375.0
163.0
803.0
1307.0
598.0
356.0
1096.0
300.0
151.0
791.0
5012.0
5597.0
125.0
161.0
307.0
48.0
27.0
176.0
225.0
188.0
520.0
28.0
74.0
65.0
25.0
118.0
27.0
32.0
20.0
118.0
170.0
840.0
53.0
126.0
67.0
45.0
167.0
203.0
333.0
146.0
171.0
75.0
805.0
167.0
149.0
761.0
37.0
61.0
207.0
89.0
14.0
339.0
123.0
21.0
26.0
32.0
8.0
72.0
269.0
107.0
69.0
84.0
56.0
39.0
86.0
148.0
48.0
27.0
55.0
154.0
107.0
80.0
131.0
45.0
62.0
7.0
1588.0
58.0
111.0
54.0
47.0
602.0
847.0
121.0
1413.0
1088.0
25.0
113.0
108.0
272.0
6185.0
204.0
97.0
154.0
271.0
31.0
271.0
30.0
123.0
256.0
79.0
140.0
806.0
112.0
159.0
450.0
301.0
220.0
66.0
1264.0
126.0
127.0
67.0
94.0
117.0
20.0
252.0
190.0
369.0
173.0
39.0
64.0
51.0
197.0
220.0
305.0
187.0
890.0
1287.0
498.0
1229.0
34.0
546.0
110.0
185.0
45.0
344.0
256.0
393.0
58.0
318.0
224.0
502.0
215.0
1072.0
167.0
350.0
430.0
1317.0
2748.0
1026.0
1001.0
12.0
233.0
511.0
285.0
76.0
238.0
78.0
276.0
13.0
10.0
10.0
12.0
13.0
12.0
14.0
92.0
14.0
12.0
12.0
28.0
348.0
167.0
800.0
1293.0
592.0
329.0
1135.0
283.0
145.0
833.0
5399.0
5493.0
125.0
163.0
318.0
48.0
29.0
189.0
225.0
178.0
510.0
28.0
79.0
61.0
26.0
116.0
28.0
31.0
19.0
119.0
178.0
826.0
53.0
120.0
63.0
44.0
154.0
201.0
313.0
147.0
160.0
75.0
868.0
161.0
149.0
724.0
38.0
60.0
204.0
92.0
13.0
348.0
122.0
21.0
25.0
32.0
8.0
69.0
265.0
110.0
70.0
84.0
56.0
37.0
88.0
142.0
45.0
25.0
58.0
155.0
102.0
79.0
131.0
48.0
61.0
7.0
1547.0
57.0
112.0
59.0
48.0
596.0
810.0
115.0
1361.0
1085.0
24.0
117.0
111.0
269.0
6177.0
204.0
99.0
163.0
292.0
31.0
268.0
27.0
125.0
252.0
76.0
130.0
764.0
118.0
145.0
426.0
312.0
217.0
68.0
1267.0
132.0
126.0
71.0
94.0
122.0
20.0
256.0
193.0
361.0
165.0
39.0
71.0
52.0
186.0
224.0
324.0
205.0
893.0
1204.0
473.0
1314.0
35.0
521.0
111.0
191.0
45.0
341.0
268.0
381.0
56.0
298.0
230.0
482.0
219.0
1042.0
162.0
339.0
431.0
1393.0
2630.0
1082.0
998.0
13.0
212.0
512.0
279.0
76.0
237.0
82.0
300.0
14.0
10.0
10.0
12.0
14.0
12.0
13.0
98.0
14.0
12.0
12.0
27.0
374.0
160.0
766.0
1379.0
549.0
327.0
1127.0
275.0
156.0
845.0
5474.0
5528.0
121.0
170.0
323.0
46.0
27.0
181.0
225.0
182.0
500.0
28.0
79.0
67.0
27.0
125.0
28.0
33.0
19.0
119.0
169.0
898.0
50.0
125.0
64.0
43.0
152.0
212.0
342.0
141.0
166.0
69.0
874.0
164.0
142.0
794.0
35.0
64.0
210.0
95.0
14.0
342.0
118.0
21.0
24.0
30.0
8.0
76.0
274.0
110.0
74.0
87.0
59.0
40.0
83.0
153.0
45.0
25.0
54.0
151.0
109.0
80.0
132.0
47.0
67.0
7.0
1610.0
57.0
118.0
55.0
44.0
624.0
842.0
122.0
1369.0
1111.0
26.0
116.0
117.0
269.0
6833.0
201.0
92.0
151.0
286.0
32.0
279.0
30.0
124.0
249.0
80.0
134.0
776.0
120.0
153.0
434.0
297.0
206.0
67.0
1183.0
129.0
127.0
67.0
91.0
111.0
20.0
248.0
204.0
371.0
165.0
38.0
64.0
53.0
187.0
241.0
307.0
196.0
868.0
1295.0
193.0
194.0
142.0
167.0
402.0
170.0
146.0
166.0
172.0
148.0
151.0
132.0
138.0
138.0
147.0
136.0
158.0
155.0
133.0
166.0
135.0
147.0
143.0
415.0
134.0
136.0
167.0
174.0
160.0
169.0
176.0
385.0
368.0
367.0
391.0
486.0
487.0
429.0
407.0
430.0
456.0
365.0
374.0
143.0
131.0
140.0
144.0
150.0
154.0
165.0
145.0
367.0
130.0
133.0
172.0
145.0
172.0
158.0
143.0
148.0
152.0
134.0
166.0
130.0
152.0
145.0
156.0
120.0
167.0
166.0
440.0
165.0
155.0
158.0
382.0
161.0
162.0
134.0
174.0
158.0
173.0
155.0
140.0
157.0
161.0
141.0
134.0
134.0
368.0
175.0
131.0
397.0
163.0
485.0
143.0
372.0
149.0
158.0
162.0
170.0
170.0
147.0
175.0
168.0
144.0
140.0
171.0
132.0
176.0
168.0
124.0
153.0
492.0
156.0
154.0
156.0
156.0
170.0
486.0
161.0
173.0
139.0
150.0
459.0
158.0
136.0
168.0
145.0
159.0
137.0
169.0
136.0
423.0
175.0
403.0
485.0
446.0
164.0
477.0
386.0
485.0
406.0
431.0
481.0
475.0
456.0
492.0
442.0
395.0
452.0
449.0
383.0
137.0
175.0
149.0
138.0
143.0
139.0
169.0
136.0
154.0
150.0
148.0
393.0
447.0
483.0
463.0
477.0
372.0
155.0
151.0
143.0
155.0
163.0
176.0
152.0
489.0
171.0
161.0
159.0
155.0
135.0
170.0
164.0
132.0
146.0
164.0
176.0
175.0
140.0
142.0
135.0
147.0
163.0
133.0
492.0
147.0
133.0
177.0
169.0
149.0
146.0
172.0
364.0
444.0
418.0
457.0
418.0
401.0
455.0
373.0
441.0
475.0
486.0
473.0
143.0
164.0
163.0
140.0
138.0
143.0
156.0
169.0
461.0
160.0
176.0
145.0
161.0
169.0
157.0
155.0
136.0
173.0
133.0
162.0
135.0
174.0
140.0
164.0
123.0
160.0
151.0
445.0
143.0
152.0
132.0
482.0
144.0
149.0
147.0
137.0
150.0
157.0
163.0
145.0
147.0
143.0
161.0
154.0
166.0
453.0
157.0
176.0
370.0
161.0
423.0
172.0
394.0
162.0
168.0
135.0
168.0
173.0
162.0
165.0
135.0
168.0
146.0
157.0
156.0
170.0
151.0
127.0
161.0
375.0
134.0
167.0
166.0
130.0
149.0
397.0
167.0
151.0
134.0
147.0
446.0
169.0
174.0
146.0
167.0
132.0
139.0
153.0
157.0
416.0
134.0
400.0
474.0
456.0
149.0
490.0
490.0
419.0
452.0
472.0
477.0
414.0
457.0
487.0
373.0
434.0
488.0
457.0
368.0
159.0
165.0
150.0
147.0
172.0
150.0
175.0
159.0
139.0
174.0
140.0
488.0
378.0
403.0
461.0
426.0
460.0
146.0
174.0
146.0
183.0
157.0
155.0
175.0
431.0
135.0
147.0
155.0
173.0
165.0
167.0
146.0
135.0
157.0
166.0
132.0
176.0
132.0
133.0
169.0
150.0
172.0
161.0
457.0
175.0
159.0
156.0
174.0
150.0
154.0
153.0
390.0
486.0
476.0
373.0
421.0
407.0
363.0
469.0
390.0
464.0
472.0
429.0
173.0
151.0
165.0
146.0
157.0
136.0
130.0
158.0
440.0
153.0
136.0
155.0
175.0
133.0
167.0
148.0
171.0
159.0
149.0
131.0
152.0
166.0
135.0
171.0
124.0
167.0
137.0
425.0
171.0
158.0
161.0
393.0
133.0
131.0
151.0
156.0
161.0
158.0
142.0
150.0
170.0
170.0
155.0
136.0
167.0
386.0
170.0
148.0
426.0
159.0
401.0
156.0
409.0
136.0
159.0
146.0
165.0
141.0
133.0
144.0
163.0
134.0
167.0
177.0
132.0
154.0
155.0
137.0
160.0
376.0
147.0
162.0
141.0
131.0
165.0
439.0
138.0
164.0
170.0
154.0
393.0
162.0
135.0
133.0
132.0
140.0
162.0
145.0
173.0
444.0
173.0
393.0
375.0
407.0
162.0
457.0
464.0
488.0
423.0
476.0
405.0
377.0
398.0
487.0
453.0
465.0
468.0
390.0
448.0
142.0
160.0
165.0
162.0
133.0
139.0
167.0
158.0
158.0
169.0
142.0
467.0
477.0
378.0
431.0
425.0
383.0
156.0
156.0
159.0
164.0
202.0
174.0
160.0
382.0
132.0
156.0
146.0
152.0
131.0
166.0
138.0
163.0
163.0
152.0
143.0
154.0
135.0
149.0
157.0
156.0
160.0
153.0
478.0
135.0
145.0
176.0
131.0
147.0
133.0
137.0
399.0
384.0
453.0
389.0
436.0
367.0
457.0
491.0
402.0
406.0
468.0
457.0
171.0
158.0
170.0
161.0
134.0
148.0
146.0
151.0
492.0
144.0
152.0
157.0
131.0
175.0
132.0
144.0
152.0
134.0
138.0
172.0
148.0
130.0
152.0
171.0
142.0
140.0
177.0
485.0
147.0
163.0
142.0
431.0
168.0
151.0
134.0
138.0
157.0
131.0
137.0
152.0
173.0
145.0
147.0
156.0
139.0
472.0
154.0
144.0
483.0
176.0
475.0
140.0
427.0
156.0
156.0
150.0
152.0
130.0
135.0
168.0
170.0
146.0
136.0
173.0
167.0
172.0
147.0
117.0
152.0
493.0
146.0
148.0
150.0
157.0
163.0
391.0
143.0
137.0
150.0
140.0
438.0
155.0
174.0
174.0
161.0
151.0
161.0
168.0
141.0
479.0
155.0
482.0
416.0
459.0
157.0
391.0
377.0
378.0
401.0
372.0
423.0
414.0
368.0
460.0
400.0
481.0
495.0
416.0
472.0
166.0
167.0
175.0
156.0
150.0
169.0
149.0
147.0
156.0
166.0
164.0
461.0
467.0
473.0
451.0
455.0
406.0
169.0
156.0
149.0
154.0
155.0
143.0
176.0
377.0
151.0
130.0
164.0
136.0
166.0
143.0
170.0
133.0
159.0
153.0
162.0
160.0
148.0
173.0
142.0
135.0
167.0
176.0
429.0
148.0
148.0
131.0
143.0
169.0
136.0
140.0
412.0
447.0
373.0
375.0
368.0
380.0
450.0
475.0
396.0
436.0
394.0
442.0
160.0
148.0
164.0
176.0
139.0
175.0
157.0
175.0
480.0
137.0
150.0
161.0
164.0
144.0
139.0
160.0
145.0
153.0
149.0
171.0
156.0
140.0
171.0
138.0
152.0
168.0
151.0
414.0
152.0
132.0
136.0
363.0
152.0
140.0
158.0
137.0
161.0
132.0
146.0
148.0
157.0
162.0
174.0
153.0
132.0
431.0
162.0
140.0
420.0
149.0
368.0
170.0
380.0
162.0
165.0
165.0
143.0
134.0
177.0
153.0
166.0
151.0
152.0
145.0
150.0
155.0
131.0
134.0
158.0
475.0
149.0
172.0
134.0
175.0
173.0
373.0
147.0
156.0
149.0
166.0
417.0
165.0
166.0
154.0
164.0
170.0
163.0
175.0
141.0
485.0
165.0
378.0
386.0
466.0
145.0
467.0
392.0
371.0
372.0
479.0
413.0
478.0
485.0
378.0
435.0
474.0
370.0
395.0
429.0
167.0
173.0
170.0
131.0
133.0
145.0
149.0
136.0
162.0
135.0
133.0
481.0
416.0
374.0
427.0
379.0
441.0
162.0
149.0
173.0
182.0
189.0
137.0
175.0
413.0
150.0
132.0
133.0
132.0
175.0
141.0
138.0
163.0
153.0
175.0
168.0
160.0
146.0
160.0
138.0
158.0
155.0
169.0
458.0
137.0
143.0
150.0
139.0
138.0
133.0
139.0
453.0
367.0
427.0
378.0
452.0
465.0
424.0
390.0
451.0
417.0
482.0
368.0
157.0
141.0
175.0
161.0
170.0
159.0
130.0
137.0
414.0
167.0
154.0
160.0
150.0
155.0
133.0
163.0
176.0
172.0
155.0
149.0
163.0
138.0
165.0
150.0
112.0
168.0
153.0
365.0
175.0
137.0
159.0
454.0
145.0
130.0
151.0
131.0
156.0
151.0
176.0
173.0
172.0
149.0
144.0
175.0
165.0
492.0
158.0
137.0
463.0
151.0
392.0
173.0
471.0
152.0
175.0
130.0
148.0
172.0
158.0
131.0
176.0
140.0
133.0
153.0
135.0
159.0
136.0
144.0
149.0
370.0
131.0
144.0
136.0
174.0
166.0
429.0
139.0
141.0
137.0
136.0
411.0
136.0
145.0
151.0
148.0
158.0
161.0
143.0
174.0
415.0
142.0
388.0
487.0
429.0
143.0
411.0
439.0
481.0
379.0
460.0
472.0
383.0
490.0
413.0
445.0
421.0
494.0
439.0
480.0
163.0
170.0
162.0
173.0
138.0
165.0
170.0
131.0
161.0
144.0
150.0
403.0
479.0
387.0
390.0
369.0
386.0
177.0
133.0
132.0
166.0
159.0
170.0
170.0
434.0
144.0
134.0
168.0
168.0
141.0
145.0
145.0
159.0
158.0
170.0
160.0
176.0
176.0
148.0
150.0
152.0
175.0
166.0
418.0
150.0
134.0
164.0
141.0
174.0
160.0
155.0
405.0
478.0
400.0
459.0
363.0
413.0
375.0
446.0
469.0
379.0
443.0
492.0
133.0
150.0
164.0
130.0
159.0
146.0
168.0
131.0
379.0
169.0
133.0
175.0
142.0
171.0
149.0
163.0
130.0
142.0
173.0
133.0
151.0
134.0
176.0
167.0
112.0
151.0
163.0
452.0
137.0
169.0
170.0
394.0
164.0
132.0
168.0
132.0
157.0
173.0
134.0
162.0
141.0
169.0
147.0
142.0
160.0
383.0
138.0
157.0
382.0
168.0
461.0
166.0
433.0
158.0
157.0
156.0
159.0
152.0
156.0
162.0
160.0
136.0
137.0
151.0
153.0
135.0
153.0
142.0
161.0
399.0
160.0
158.0
146.0
136.0
153.0
480.0
131.0
155.0
163.0
163.0
434.0
155.0
174.0
161.0
152.0
166.0
138.0
176.0
148.0
409.0
131.0
389.0
373.0
386.0
174.0
487.0
380.0
397.0
390.0
363.0
395.0
411.0
477.0
427.0
384.0
392.0
478.0
397.0
396.0
171.0
150.0
152.0
176.0
134.0
176.0
133.0
168.0
171.0
154.0
161.0
417.0
424.0
369.0
371.0
371.0
416.0
160.0
145.0
160.0
178.0
153.0
135.0
162.0
454.0
161.0
174.0
148.0
162.0
153.0
142.0
147.0
176.0
164.0
163.0
171.0
132.0
174.0
169.0
149.0
151.0
157.0
139.0
384.0
175.0
132.0
166.0
166.0
166.0
152.0
161.0
372.0
398.0
406.0
372.0
378.0
445.0
384.0
440.0
419.0
437.0
448.0
436.0
148.0
169.0
157.0
173.0
135.0
142.0
132.0
162.0
410.0
156.0
154.0
150.0
142.0
132.0
162.0
164.0
165.0
135.0
137.0
174.0
144.0
133.0
165.0
170.0
120.0
162.0
152.0
432.0
143.0
155.0
165.0
473.0
132.0
171.0
151.0
154.0
166.0
131.0
161.0
150.0
160.0
131.0
149.0
162.0
139.0
393.0
155.0
153.0
447.0
144.0
472.0
137.0
475.0
149.0
166.0
163.0
130.0
169.0
153.0
151.0
140.0
142.0
132.0
135.0
161.0
145.0
132.0
119.0
175.0
419.0
175.0
144.0
130.0
164.0
174.0
379.0
139.0
160.0
131.0
135.0
372.0
162.0
164.0
164.0
157.0
143.0
162.0
148.0
160.0
460.0
163.0
367.0
441.0
446.0
156.0
369.0
470.0
412.0
375.0
383.0
436.0
449.0
455.0
383.0
451.0
485.0
404.0
363.0
491.0
142.0
135.0
148.0
145.0
139.0
177.0
163.0
157.0
146.0
140.0
152.0
378.0
368.0
491.0
385.0
446.0
376.0
161.0
137.0
139.0
185.0
157.0
148.0
130.0
390.0
133.0
171.0
137.0
154.0
175.0
174.0
153.0
144.0
135.0
136.0
139.0
167.0
151.0
134.0
170.0
143.0
150.0
162.0
386.0
162.0
141.0
142.0
140.0
173.0
130.0
135.0
413.0
378.0
382.0
493.0
376.0
395.0
421.0
432.0
374.0
399.0
407.0
387.0
164.0
148.0
151.0
153.0
163.0
160.0
149.0
136.0
386.0
131.0
150.0
131.0
176.0
136.0
149.0
155.0
162.0
148.0
142.0
133.0
158.0
175.0
163.0
147.0
142.0
168.0
135.0
460.0
172.0
140.0
163.0
488.0
155.0
170.0
151.0
138.0
176.0
148.0
149.0
154.0
168.0
134.0
138.0
143.0
174.0
460.0
133.0
140.0
434.0
141.0
476.0
173.0
425.0
142.0
147.0
160.0
169.0
137.0
135.0
173.0
159.0
167.0
172.0
160.0
144.0
133.0
136.0
144.0
172.0
434.0
132.0
166.0
146.0
165.0
141.0
378.0
152.0
173.0
141.0
174.0
405.0
168.0
169.0
154.0
173.0
161.0
161.0
166.0
168.0
492.0
132.0
439.0
470.0
392.0
136.0
384.0
481.0
458.0
490.0
375.0
366.0
447.0
457.0
424.0
421.0
425.0
449.0
416.0
476.0
154.0
142.0
176.0
145.0
148.0
156.0
134.0
167.0
151.0
167.0
130.0
453.0
466.0
464.0
437.0
378.0
467.0
167.0
139.0
142.0
154.0
190.0
142.0
142.0
443.0
149.0
154.0
158.0
134.0
158.0
156.0
172.0
131.0
153.0
153.0
149.0
152.0
156.0
147.0
165.0
177.0
151.0
131.0
458.0
133.0
141.0
149.0
139.0
134.0
137.0
152.0
409.0
375.0
369.0
389.0
454.0
494.0
430.0
426.0
364.0
375.0
392.0
466.0
167.0
175.0
136.0
171.0
166.0
134.0
143.0
176.0
493.0
170.0
161.0
143.0
139.0
160.0
143.0
155.0
153.0
143.0
141.0
133.0
168.0
136.0
159.0
168.0
126.0
143.0
154.0
468.0
142.0
175.0
152.0
405.0
170.0
131.0
173.0
174.0
164.0
130.0
170.0
161.0
135.0
141.0
150.0
144.0
139.0
487.0
148.0
158.0
486.0
152.0
434.0
163.0
470.0
167.0
156.0
144.0
132.0
136.0
174.0
135.0
135.0
147.0
167.0
167.0
148.0
151.0
132.0
124.0
154.0
369.0
171.0
160.0
166.0
135.0
157.0
486.0
150.0
142.0
149.0
164.0
468.0
170.0
169.0
174.0
169.0
150.0
148.0
147.0
132.0
457.0
172.0
434.0
415.0
437.0
175.0
416.0
406.0
403.0
474.0
448.0
363.0
414.0
398.0
461.0
437.0
449.0
443.0
445.0
486.0
133.0
151.0
170.0
152.0
137.0
175.0
155.0
148.0
146.0
167.0
160.0
484.0
491.0
380.0
488.0
446.0
436.0
169.0
146.0
138.0
