I_BRKGA_178_6_25_9_CESP
178 6 25 495.0
56790.5
59732.5
55848.5
55704.5
56403.5
55011.5
61307.5
58418.5
62336.5
59173.5
59969.5
62521.5
56189.5
58124.5
53997.5
54908.5
55571.5
60357.5
64120.5
60934.5
55599.5
57345.5
57252.5
61349.5
61200.5
0.043622225194890195
0.03854897457785174
0.04151992222236339
0.033464908964505796
0.042501958142203165
0.03458022016227593
0.04425109128780427
0.03420295662243598
0.04072247100398652
0.03807132029091886
0.04799568236250456
0.037045856385636684
0.044572098754646614
0.03230495168373071
0.041109755358464554
0.035797869387869094
0.04056637925788067
0.039209404285696775
0.04662786048050915
0.03647670613072765
0.043360876779938
0.032182843969970655
0.04109616956951062
0.0395192129818828
0.050648284141795785
123.0
108.0
118.0
111.0
126.0
126.0
2557.0
22.0
1261.0
1300.0
67.0
529.0
493.0
1260.0
35.0
552.0
118.0
177.0
45.0
343.0
247.0
398.0
57.0
313.0
236.0
493.0
207.0
1102.0
168.0
351.0
446.0
1286.0
2508.0
1100.0
977.0
12.0
228.0
522.0
273.0
71.0
250.0
78.0
292.0
14.0
10.0
9.0
12.0
13.0
12.0
13.0
92.0
14.0
11.0
11.0
27.0
358.0
167.0
805.0
1329.0
554.0
363.0
1124.0
281.0
151.0
794.0
5038.0
5477.0
126.0
169.0
334.0
50.0
27.0
185.0
213.0
189.0
499.0
28.0
73.0
65.0
26.0
127.0
27.0
31.0
20.0
119.0
167.0
880.0
50.0
125.0
64.0
45.0
153.0
214.0
315.0
146.0
173.0
73.0
813.0
156.0
140.0
736.0
36.0
61.0
206.0
89.0
14.0
330.0
129.0
20.0
24.0
30.0
8.0
72.0
254.0
113.0
73.0
85.0
59.0
41.0
81.0
149.0
47.0
27.0
55.0
158.0
103.0
79.0
127.0
44.0
63.0
7.0
1576.0
55.0
115.0
58.0
44.0
636.0
827.0
120.0
1322.0
1089.0
24.0
116.0
114.0
257.0
6392.0
202.0
93.0
154.0
293.0
33.0
276.0
30.0
126.0
248.0
75.0
132.0
824.0
122.0
144.0
429.0
324.0
213.0
69.0
1225.0
121.0
116.0
67.0
93.0
122.0
19.0
265.0
190.0
339.0
164.0
36.0
65.0
53.0
204.0
238.0
319.0
201.0
846.0
1297.0
494.0
1290.0
36.0
545.0
120.0
191.0
47.0
346.0
259.0
377.0
58.0
304.0
230.0
502.0
211.0
1062.0
163.0
342.0
429.0
1377.0
2696.0
1078.0
1018.0
13.0
233.0
545.0
275.0
71.0
248.0
78.0
279.0
14.0
10.0
10.0
12.0
13.0
12.0
14.0
96.0
13.0
12.0
12.0
28.0
369.0
169.0
821.0
1297.0
592.0
351.0
1125.0
276.0
149.0
839.0
5513.0
5436.0
120.0
169.0
323.0
47.0
27.0
186.0
209.0
193.0
503.0
27.0
72.0
61.0
25.0
119.0
27.0
30.0
19.0
112.0
167.0
822.0
49.0
129.0
67.0
42.0
157.0
209.0
316.0
151.0
163.0
75.0
865.0
159.0
150.0
798.0
38.0
66.0
212.0
98.0
13.0
331.0
126.0
20.0
26.0
32.0
8.0
76.0
263.0
109.0
69.0
85.0
56.0
37.0
87.0
151.0
49.0
25.0
53.0
163.0
108.0
85.0
126.0
45.0
63.0
7.0
1589.0
59.0
109.0
55.0
47.0
641.0
799.0
115.0
1427.0
1104.0
24.0
114.0
112.0
263.0
6842.0
211.0
99.0
157.0
288.0
31.0
270.0
30.0
125.0
246.0
77.0
128.0
829.0
116.0
150.0
444.0
323.0
211.0
68.0
1271.0
134.0
116.0
73.0
86.0
122.0
20.0
261.0
190.0
339.0
159.0
37.0
65.0
50.0
203.0
222.0
312.0
199.0
827.0
1278.0
492.0
1323.0
34.0
529.0
116.0
187.0
44.0
317.0
262.0
393.0
60.0
308.0
214.0
494.0
203.0
1077.0
165.0
330.0
426.0
1281.0
2722.0
1052.0
984.0
13.0
218.0
518.0
269.0
70.0
233.0
80.0
272.0
13.0
10.0
9.0
12.0
13.0
11.0
14.0
93.0
14.0
11.0
12.0
28.0
354.0
164.0
801.0
1296.0
583.0
361.0
1191.0
294.0
157.0
807.0
5106.0
5748.0
126.0
165.0
326.0
49.0
27.0
193.0
213.0
177.0
528.0
27.0
72.0
61.0
26.0
124.0
29.0
30.0
18.0
116.0
162.0
837.0
49.0
122.0
61.0
46.0
165.0
217.0
342.0
150.0
167.0
69.0
834.0
159.0
147.0
778.0
37.0
66.0
207.0
96.0
14.0
352.0
122.0
21.0
25.0
31.0
8.0
75.0
250.0
103.0
71.0
88.0
56.0
40.0
84.0
142.0
48.0
25.0
54.0
149.0
106.0
87.0
135.0
44.0
65.0
7.0
1602.0
57.0
119.0
55.0
45.0
661.0
868.0
115.0
1316.0
1050.0
24.0
122.0
111.0
269.0
6407.0
197.0
99.0
167.0
273.0
31.0
269.0
30.0
119.0
235.0
81.0
130.0
815.0
120.0
148.0
453.0
317.0
205.0
66.0
1275.0
129.0
118.0
72.0
93.0
115.0
19.0
257.0
204.0
365.0
169.0
37.0
68.0
50.0
205.0
219.0
300.0
194.0
878.0
1255.0
497.0
1306.0
35.0
524.0
118.0
190.0
46.0
348.0
260.0
388.0
61.0
306.0
220.0
467.0
216.0
1054.0
169.0
344.0
422.0
1388.0
2638.0
1080.0
1017.0
13.0
233.0
545.0
274.0
71.0
245.0
82.0
283.0
13.0
10.0
10.0
11.0
14.0
12.0
14.0
90.0
13.0
12.0
12.0
28.0
363.0
162.0
840.0
1297.0
550.0
361.0
1103.0
287.0
155.0
813.0
5109.0
5578.0
126.0
170.0
330.0
50.0
27.0
182.0
219.0
184.0
509.0
28.0
78.0
67.0
27.0
116.0
29.0
32.0
19.0
113.0
171.0
824.0
49.0
126.0
66.0
42.0
159.0
211.0
323.0
141.0
161.0
74.0
814.0
161.0
144.0
783.0
38.0
64.0
213.0
93.0
13.0
331.0
118.0
20.0
26.0
30.0
8.0
74.0
261.0
112.0
74.0
84.0
59.0
40.0
82.0
141.0
49.0
26.0
54.0
149.0
106.0
81.0
133.0
48.0
63.0
7.0
1632.0
57.0
117.0
54.0
44.0
621.0
823.0
119.0
1420.0
1101.0
25.0
121.0
115.0
268.0
6629.0
203.0
100.0
159.0
299.0
33.0
274.0
30.0
122.0
242.0
81.0
132.0
765.0
123.0
153.0
426.0
303.0
208.0
65.0
1280.0
133.0
122.0
69.0
90.0
116.0
20.0
249.0
192.0
344.0
168.0
38.0
68.0
52.0
204.0
233.0
299.0
199.0
881.0
1221.0
480.0
1351.0
35.0
507.0
120.0
177.0
44.0
343.0
256.0
362.0
56.0
308.0
216.0
503.0
202.0
1102.0
168.0
351.0
407.0
1328.0
2624.0
1053.0
1041.0
13.0
229.0
520.0
280.0
74.0
239.0
77.0
273.0
14.0
10.0
10.0
12.0
14.0
12.0
13.0
97.0
14.0
12.0
12.0
29.0
370.0
160.0
789.0
1314.0
574.0
328.0
1093.0
285.0
156.0
854.0
5303.0
5535.0
126.0
169.0
310.0
49.0
28.0
181.0
207.0
178.0
528.0
27.0
74.0
65.0
27.0
126.0
29.0
32.0
20.0
116.0
177.0
878.0
49.0
130.0
63.0
46.0
161.0
221.0
329.0
151.0
172.0
75.0
819.0
158.0
142.0
789.0
37.0
62.0
203.0
90.0
14.0
341.0
117.0
20.0
26.0
31.0
8.0
76.0
274.0
113.0
73.0
88.0
57.0
38.0
87.0
141.0
49.0
27.0
55.0
153.0
106.0
79.0
129.0
47.0
66.0
7.0
1502.0
55.0
118.0
57.0
47.0
606.0
838.0
114.0
1396.0
1126.0
24.0
120.0
109.0
272.0
6287.0
201.0
101.0
157.0
295.0
31.0
281.0
29.0
125.0
236.0
76.0
139.0
779.0
114.0
158.0
439.0
323.0
223.0
64.0
1213.0
133.0
122.0
70.0
88.0
113.0
20.0
248.0
205.0
359.0
165.0
36.0
71.0
53.0
205.0
240.0
314.0
195.0
858.0
1314.0
508.0
1243.0
35.0
528.0
114.0
187.0
44.0
326.0
251.0
385.0
58.0
319.0
215.0
501.0
213.0
1131.0
164.0
357.0
421.0
1378.0
2557.0
1081.0
983.0
13.0
218.0
511.0
270.0
73.0
253.0
80.0
299.0
14.0
9.0
10.0
12.0
14.0
12.0
14.0
94.0
14.0
12.0
12.0
27.0
350.0
158.0
822.0
1387.0
601.0
329.0
1128.0
280.0
156.0
847.0
5217.0
5727.0
131.0
164.0
336.0
47.0
28.0
181.0
219.0
190.0
491.0
26.0
75.0
67.0
25.0
116.0
28.0
31.0
19.0
110.0
172.0
889.0
53.0
125.0
67.0
42.0
151.0
200.0
339.0
141.0
172.0
72.0
868.0
152.0
140.0
796.0
37.0
65.0
202.0
91.0
14.0
353.0
122.0
21.0
25.0
32.0
8.0
70.0
261.0
112.0
71.0
90.0
58.0
38.0
83.0
142.0
48.0
26.0
56.0
163.0
110.0
86.0
137.0
47.0
64.0
7.0
1629.0
57.0
113.0
58.0
47.0
656.0
798.0
112.0
1396.0
1083.0
26.0
119.0
113.0
261.0
6426.0
205.0
99.0
159.0
288.0
33.0
284.0
28.0
127.0
248.0
83.0
135.0
795.0
116.0
156.0
433.0
308.0
223.0
68.0
1199.0
123.0
117.0
68.0
90.0
111.0
19.0
261.0
189.0
373.0
159.0
38.0
67.0
53.0
201.0
219.0
324.0
193.0
830.0
1299.0
500.0
1240.0
36.0
539.0
110.0
192.0
47.0
332.0
260.0
394.0
57.0
292.0
218.0
481.0
210.0
1077.0
171.0
340.0
430.0
1285.0
2663.0
1013.0
979.0
13.0
216.0
534.0
295.0
70.0
244.0
76.0
297.0
14.0
10.0
10.0
12.0
14.0
12.0
14.0
95.0
13.0
11.0
11.0
29.0
339.0
159.0
770.0
1259.0
542.0
351.0
1130.0
292.0
146.0
796.0
5065.0
5886.0
125.0
166.0
326.0
48.0
27.0
176.0
225.0
181.0
516.0
28.0
74.0
62.0
26.0
118.0
28.0
32.0
19.0
119.0
165.0
852.0
53.0
129.0
65.0
46.0
161.0
214.0
339.0
144.0
169.0
71.0
845.0
156.0
149.0
730.0
37.0
64.0
213.0
92.0
13.0
356.0
128.0
20.0
25.0
32.0
8.0
74.0
262.0
107.0
70.0
86.0
55.0
40.0
86.0
149.0
47.0
26.0
57.0
160.0
106.0
79.0
138.0
47.0
64.0
7.0
1530.0
58.0
112.0
58.0
44.0
630.0
846.0
123.0
1397.0
1116.0
24.0
123.0
114.0
264.0
6333.0
215.0
101.0
151.0
290.0
30.0
265.0
29.0
128.0
243.0
76.0
135.0
751.0
120.0
153.0
447.0
318.0
212.0
69.0
1265.0
126.0
125.0
67.0
93.0
121.0
20.0
263.0
202.0
361.0
164.0
39.0
70.0
53.0
195.0
239.0
294.0
203.0
866.0
1317.0
498.0
1242.0
34.0
521.0
114.0
184.0
47.0
342.0
248.0
376.0
61.0
302.0
218.0
483.0
209.0
1137.0
166.0
334.0
442.0
1312.0
2695.0
1008.0
988.0
13.0
223.0
513.0
272.0
73.0
233.0
80.0
284.0
14.0
10.0
10.0
12.0
14.0
12.0
14.0
98.0
13.0
12.0
11.0
28.0
345.0
156.0
808.0
1295.0
553.0
361.0
1094.0
276.0
155.0
814.0
5371.0
5573.0
122.0
159.0
336.0
48.0
29.0
183.0
221.0
191.0
507.0
27.0
76.0
65.0
26.0
128.0
27.0
32.0
19.0
111.0
174.0
858.0
49.0
119.0
61.0
44.0
165.0
214.0
311.0
145.0
163.0
76.0
877.0
165.0
138.0
779.0
35.0
62.0
210.0
90.0
13.0
326.0
117.0
21.0
24.0
30.0
8.0
73.0
264.0
109.0
70.0
83.0
54.0
39.0
86.0
152.0
45.0
26.0
57.0
156.0
104.0
84.0
136.0
45.0
62.0
7.0
1540.0
57.0
112.0
59.0
46.0
655.0
827.0
112.0
1410.0
1117.0
26.0
117.0
119.0
275.0
6371.0
201.0
100.0
165.0
288.0
32.0
269.0
29.0
128.0
238.0
80.0
136.0
806.0
117.0
153.0
458.0
322.0
222.0
67.0
1240.0
123.0
127.0
67.0
87.0
115.0
20.0
259.0
195.0
374.0
162.0
39.0
65.0
53.0
206.0
229.0
302.0
189.0
880.0
1213.0
519.0
1279.0
34.0
551.0
120.0
176.0
44.0
317.0
261.0
375.0
57.0
314.0
234.0
458.0
219.0
1086.0
165.0
327.0
407.0
1381.0
2692.0
1098.0
966.0
13.0
215.0
524.0
280.0
72.0
230.0
81.0
285.0
14.0
10.0
9.0
12.0
14.0
12.0
13.0
93.0
14.0
12.0
12.0
27.0
357.0
167.0
801.0
1361.0
550.0
349.0
1087.0
279.0
152.0
829.0
4979.0
5578.0
131.0
166.0
304.0
50.0
28.0
178.0
209.0
190.0
512.0
28.0
77.0
61.0
26.0
117.0
29.0
32.0
18.0
109.0
166.0
816.0
49.0
119.0
62.0
44.0
153.0
210.0
320.0
143.0
173.0
70.0
838.0
164.0
150.0
759.0
38.0
60.0
195.0
92.0
13.0
353.0
123.0
20.0
24.0
31.0
8.0
71.0
254.0
105.0
72.0
83.0
59.0
40.0
85.0
146.0
47.0
26.0
55.0
152.0
104.0
79.0
138.0
44.0
62.0
7.0
1654.0
54.0
108.0
56.0
46.0
637.0
817.0
120.0
1400.0
1055.0
25.0
114.0
109.0
255.0
6349.0
205.0
99.0
164.0
298.0
31.0
263.0
30.0
130.0
253.0
82.0
133.0
757.0
117.0
150.0
420.0
326.0
213.0
67.0
1235.0
134.0
127.0
68.0
89.0
119.0
20.0
271.0
204.0
344.0
175.0
39.0
69.0
52.0
193.0
227.0
321.0
199.0
887.0
1261.0
489.0
1277.0
33.0
509.0
111.0
187.0
44.0
340.0
256.0
390.0
59.0
311.0
230.0
460.0
209.0
1072.0
161.0
328.0
440.0
1379.0
2630.0
1049.0
1001.0
13.0
228.0
534.0
266.0
71.0
233.0
81.0
286.0
13.0
10.0
10.0
12.0
14.0
11.0
14.0
97.0
13.0
11.0
12.0
29.0
361.0
157.0
765.0
1371.0
573.0
335.0
1114.0
272.0
146.0
876.0
5031.0
5802.0
127.0
161.0
323.0
49.0
29.0
183.0
214.0
179.0
534.0
27.0
79.0
64.0
25.0
127.0
27.0
31.0
19.0
109.0
176.0
884.0
49.0
125.0
62.0
43.0
163.0
218.0
328.0
151.0
163.0
76.0
839.0
157.0
145.0
794.0
36.0
62.0
206.0
95.0
14.0
337.0
117.0
21.0
26.0
31.0
8.0
76.0
271.0
105.0
74.0
90.0
56.0
40.0
86.0
150.0
45.0
26.0
54.0
148.0
110.0
86.0
133.0
47.0
65.0
7.0
1581.0
58.0
115.0
54.0
47.0
636.0
844.0
117.0
1364.0
1108.0
25.0
122.0
115.0
256.0
6760.0
203.0
97.0
161.0
270.0
33.0
266.0
29.0
128.0
257.0
82.0
133.0
824.0
120.0
156.0
423.0
307.0
208.0
70.0
1277.0
131.0
121.0
70.0
85.0
115.0
20.0
247.0
197.0
368.0
171.0
38.0
66.0
52.0
203.0
230.0
293.0
186.0
892.0
1250.0
512.0
1347.0
33.0
509.0
112.0
186.0
45.0
341.0
261.0
392.0
56.0
307.0
227.0
479.0
218.0
1099.0
159.0
323.0
412.0
1383.0
2495.0
1063.0
1000.0
13.0
213.0
552.0
290.0
71.0
244.0
76.0
284.0
13.0
10.0
10.0
12.0
14.0
12.0
14.0
98.0
13.0
11.0
12.0
29.0
350.0
167.0
801.0
1263.0
576.0
337.0
1116.0
292.0
150.0
869.0
5082.0
5888.0
122.0
158.0
305.0
47.0
27.0
186.0
207.0
192.0
507.0
27.0
76.0
64.0
25.0
128.0
27.0
30.0
20.0
118.0
171.0
841.0
50.0
119.0
67.0
46.0
153.0
215.0
329.0
148.0
159.0
76.0
808.0
161.0
153.0
732.0
35.0
62.0
197.0
98.0
14.0
355.0
117.0
20.0
26.0
32.0
8.0
72.0
270.0
110.0
73.0
83.0
59.0
39.0
82.0
142.0
48.0
26.0
56.0
157.0
111.0
87.0
133.0
48.0
66.0
7.0
1649.0
58.0
116.0
55.0
48.0
637.0
871.0
121.0
1317.0
1090.0
25.0
116.0
117.0
276.0
6702.0
210.0
99.0
155.0
274.0
31.0
262.0
29.0
126.0
244.0
80.0
130.0
815.0
112.0
149.0
439.0
301.0
207.0
71.0
1160.0
127.0
118.0
71.0
92.0
119.0
19.0
255.0
207.0
374.0
169.0
39.0
66.0
51.0
206.0
241.0
294.0
195.0
869.0
1231.0
482.0
1311.0
34.0
551.0
112.0
176.0
48.0
321.0
263.0
370.0
58.0
317.0
230.0
474.0
203.0
1052.0
159.0
357.0
431.0
1273.0
2711.0
1014.0
977.0
12.0
224.0
535.0
275.0
76.0
252.0
75.0
277.0
13.0
10.0
10.0
12.0
13.0
12.0
13.0
93.0
14.0
12.0
12.0
28.0
353.0
171.0
811.0
1265.0
591.0
331.0
1159.0
277.0
154.0
818.0
5282.0
5979.0
131.0
172.0
327.0
48.0
28.0
178.0
212.0
195.0
526.0
28.0
78.0
66.0
27.0
128.0
29.0
32.0
18.0
110.0
171.0
841.0
52.0
129.0
64.0
46.0
165.0
220.0
337.0
150.0
174.0
73.0
807.0
166.0
149.0
764.0
36.0
64.0
203.0
98.0
13.0
324.0
124.0
21.0
26.0
31.0
8.0
72.0
262.0
111.0
72.0
91.0
54.0
39.0
84.0
141.0
45.0
27.0
53.0
153.0
111.0
81.0
133.0
44.0
61.0
7.0
1578.0
56.0
110.0
54.0
44.0
658.0
857.0
120.0
1428.0
1040.0
25.0
115.0
112.0
265.0
6845.0
207.0
95.0
159.0
288.0
32.0
282.0
29.0
126.0
252.0
75.0
128.0
799.0
121.0
153.0
441.0
319.0
225.0
66.0
1235.0
133.0
116.0
73.0
90.0
118.0
20.0
255.0
191.0
354.0
160.0
38.0
71.0
53.0
199.0
219.0
306.0
188.0
874.0
1222.0
501.0
1324.0
36.0
550.0
118.0
184.0
45.0
342.0
269.0
392.0
61.0
301.0
228.0
479.0
219.0
1065.0
164.0
333.0
429.0
1386.0
2719.0
1061.0
952.0
12.0
229.0
550.0
272.0
69.0
247.0
79.0
289.0
14.0
10.0
10.0
12.0
14.0
12.0
13.0
95.0
14.0
12.0
12.0
28.0
340.0
173.0
840.0
1381.0
582.0
330.0
1180.0
274.0
150.0
857.0
5487.0
5733.0
122.0
158.0
315.0
50.0
27.0
179.0
206.0
185.0
509.0
27.0
78.0
67.0
25.0
119.0
28.0
31.0
19.0
115.0
166.0
842.0
51.0
122.0
67.0
45.0
156.0
214.0
324.0
152.0
175.0
72.0
855.0
157.0
146.0
734.0
36.0
62.0
212.0
98.0
14.0
348.0
121.0
21.0
25.0
30.0
8.0
73.0
256.0
110.0
68.0
85.0
57.0
40.0
89.0
139.0
45.0
27.0
54.0
163.0
108.0
81.0
131.0
48.0
67.0
7.0
1513.0
58.0
108.0
58.0
44.0
648.0
805.0
114.0
1408.0
1152.0
26.0
114.0
113.0
259.0
6811.0
215.0
93.0
164.0
297.0
31.0
260.0
30.0
118.0
245.0
76.0
136.0
758.0
122.0
154.0
426.0
318.0
215.0
70.0
1272.0
122.0
119.0
68.0
89.0
112.0
19.0
264.0
196.0
366.0
171.0
39.0
70.0
48.0
189.0
225.0
318.0
186.0
812.0
1212.0
491.0
1275.0
34.0
512.0
115.0
182.0
48.0
321.0
255.0
396.0
60.0
307.0
214.0
477.0
204.0
1057.0
159.0
355.0
439.0
1352.0
2498.0
1023.0
1035.0
12.0
230.0
550.0
279.0
71.0
254.0
77.0
287.0
14.0
10.0
10.0
11.0
13.0
12.0
13.0
92.0
13.0
11.0
12.0
29.0
355.0
168.0
798.0
1312.0
546.0
334.0
1127.0
297.0
144.0
872.0
5013.0
5922.0
124.0
169.0
326.0
50.0
27.0
184.0
216.0
194.0
489.0
26.0
75.0
64.0
26.0
121.0
28.0
32.0
19.0
116.0
168.0
836.0
50.0
122.0
64.0
43.0
151.0
221.0
336.0
151.0
169.0
74.0
883.0
155.0
143.0
800.0
37.0
64.0
201.0
97.0
14.0
323.0
122.0
21.0
25.0
31.0
8.0
70.0
265.0
105.0
70.0
90.0
57.0
38.0
83.0
144.0
46.0
25.0
55.0
157.0
110.0
80.0
137.0
48.0
64.0
7.0
1580.0
54.0
119.0
56.0
46.0
609.0
797.0
115.0
1328.0
1099.0
26.0
115.0
114.0
260.0
6351.0
213.0
96.0
153.0
295.0
31.0
283.0
28.0
119.0
245.0
78.0
130.0
797.0
119.0
149.0
439.0
301.0
223.0
71.0
1260.0
131.0
124.0
70.0
93.0
117.0
19.0
269.0
202.0
348.0
174.0
38.0
67.0
52.0
193.0
231.0
315.0
199.0
831.0
1268.0
516.0
1307.0
36.0
516.0
116.0
177.0
47.0
331.0
269.0
365.0
60.0
302.0
231.0
474.0
198.0
1103.0
162.0
325.0
423.0
1361.0
2729.0
1095.0
972.0
13.0
232.0
543.0
273.0
75.0
231.0
81.0
281.0
13.0
10.0
10.0
12.0
14.0
12.0
14.0
99.0
13.0
11.0
11.0
27.0
365.0
167.0
773.0
1356.0
574.0
345.0
1151.0
285.0
148.0
793.0
5217.0
5590.0
121.0
162.0
307.0
51.0
28.0
176.0
207.0
188.0
526.0
28.0
73.0
65.0
25.0
124.0
29.0
31.0
19.0
110.0
172.0
844.0
50.0
128.0
62.0
45.0
166.0
219.0
331.0
154.0
172.0
69.0
878.0
158.0
149.0
723.0
37.0
61.0
211.0
96.0
14.0
329.0
129.0
21.0
25.0
31.0
8.0
76.0
268.0
112.0
68.0
88.0
56.0
40.0
85.0
139.0
46.0
27.0
58.0
151.0
110.0
81.0
129.0
48.0
63.0
7.0
1603.0
56.0
110.0
56.0
48.0
621.0
824.0
118.0
1329.0
1054.0
25.0
122.0
114.0
276.0
6194.0
200.0
94.0
166.0
294.0
32.0
260.0
28.0
120.0
247.0
79.0
141.0
773.0
120.0
153.0
463.0
324.0
220.0
69.0
1218.0
132.0
118.0
70.0
87.0
122.0
20.0
270.0
205.0
372.0
175.0
39.0
65.0
52.0
187.0
229.0
309.0
191.0
836.0
1253.0
493.0
1218.0
34.0
537.0
113.0
192.0
45.0
327.0
247.0
379.0
61.0
301.0
226.0
499.0
219.0
1093.0
166.0
324.0
416.0
1399.0
2719.0
1028.0
1034.0
13.0
225.0
520.0
295.0
70.0
231.0
78.0
294.0
13.0
10.0
10.0
12.0
13.0
12.0
13.0
91.0
13.0
11.0
12.0
29.0
362.0
161.0
830.0
1372.0
551.0
349.0
1198.0
300.0
144.0
861.0
5092.0
5458.0
119.0
160.0
317.0
49.0
29.0
187.0
208.0
183.0
534.0
28.0
72.0
65.0
26.0
120.0
28.0
32.0
20.0
116.0
177.0
860.0
52.0
130.0
66.0
43.0
155.0
201.0
327.0
151.0
176.0
74.0
814.0
153.0
146.0
734.0
37.0
65.0
213.0
93.0
13.0
342.0
125.0
21.0
26.0
32.0
8.0
71.0
268.0
111.0
73.0
91.0
56.0
40.0
83.0
146.0
49.0
26.0
58.0
159.0
101.0
87.0
128.0
44.0
62.0
7.0
1666.0
59.0
114.0
57.0
48.0
659.0
798.0
123.0
1304.0
1152.0
26.0
118.0
114.0
263.0
6653.0
202.0
95.0
155.0
291.0
33.0
285.0
29.0
122.0
244.0
76.0
134.0
785.0
119.0
148.0
456.0
319.0
206.0
65.0
1250.0
124.0
115.0
72.0
91.0
115.0
20.0
258.0
191.0
366.0
175.0
37.0
67.0
49.0
187.0
224.0
301.0
198.0
860.0
1236.0
478.0
1270.0
36.0
521.0
111.0
187.0
44.0
320.0
269.0
380.0
61.0
317.0
225.0
491.0
200.0
1042.0
172.0
332.0
448.0
1351.0
2743.0
1043.0
957.0
12.0
233.0
559.0
270.0
76.0
230.0
82.0
273.0
14.0
10.0
10.0
12.0
14.0
12.0
14.0
95.0
14.0
12.0
12.0
27.0
361.0
168.0
781.0
1361.0
566.0
337.0
1153.0
290.0
157.0
804.0
5031.0
6018.0
128.0
172.0
318.0
46.0
28.0
181.0
214.0
191.0
517.0
28.0
73.0
61.0
26.0
116.0
29.0
32.0
19.0
119.0
168.0
826.0
51.0
126.0
67.0
43.0
154.0
211.0
330.0
141.0
164.0
75.0
840.0
154.0
145.0
730.0
36.0
60.0
197.0
91.0
13.0
332.0
127.0
20.0
26.0
32.0
8.0
69.0
274.0
110.0
70.0
84.0
54.0
39.0
84.0
145.0
49.0
26.0
54.0
157.0
102.0
81.0
136.0
46.0
64.0
7.0
1581.0
55.0
115.0
58.0
46.0
622.0
842.0
118.0
1403.0
1068.0
24.0
119.0
109.0
268.0
6365.0
199.0
95.0
161.0
271.0
31.0
275.0
28.0
129.0
239.0
82.0
136.0
763.0
118.0
156.0
425.0
326.0
217.0
65.0
1163.0
128.0
120.0
66.0
92.0
116.0
19.0
255.0
197.0
355.0
169.0
38.0
68.0
50.0
194.0
224.0
313.0
196.0
829.0
1245.0
480.0
1289.0
34.0
539.0
116.0
177.0
47.0
319.0
255.0
401.0
55.0
303.0
227.0
476.0
201.0
1135.0
158.0
355.0
448.0
1390.0
2557.0
1007.0
968.0
13.0
221.0
557.0
282.0
71.0
232.0
78.0
279.0
14.0
10.0
10.0
12.0
14.0
12.0
14.0
95.0
13.0
12.0
12.0
29.0
362.0
172.0
805.0
1379.0
591.0
331.0
1186.0
281.0
147.0
836.0
5359.0
5861.0
120.0
171.0
329.0
49.0
29.0
190.0
218.0
189.0
497.0
27.0
77.0
63.0
25.0
122.0
29.0
30.0
19.0
119.0
176.0
895.0
49.0
123.0
62.0
42.0
160.0
213.0
336.0
148.0
160.0
70.0
823.0
166.0
147.0
800.0
35.0
62.0
211.0
93.0
14.0
324.0
126.0
21.0
26.0
29.0
8.0
74.0
269.0
110.0
72.0
90.0
54.0
39.0
87.0
152.0
46.0
26.0
56.0
163.0
110.0
83.0
126.0
46.0
61.0
7.0
1515.0
57.0
113.0
59.0
44.0
640.0
828.0
122.0
1358.0
1138.0
26.0
121.0
112.0
278.0
6456.0
201.0
92.0
161.0
290.0
31.0
286.0
29.0
128.0
235.0
77.0
140.0
814.0
119.0
147.0
442.0
299.0
212.0
70.0
1205.0
121.0
121.0
71.0
85.0
113.0
20.0
259.0
193.0
350.0
168.0
38.0
67.0
49.0
202.0
226.0
315.0
196.0
880.0
1235.0
514.0
1342.0
33.0
525.0
112.0
186.0
47.0
329.0
263.0
391.0
59.0
293.0
236.0
504.0
201.0
1100.0
167.0
328.0
415.0
1393.0
2619.0
1101.0
1024.0
13.0
227.0
543.0
293.0
72.0
245.0
82.0
298.0
14.0
10.0
10.0
12.0
14.0
12.0
14.0
91.0
14.0
12.0
12.0
29.0
368.0
170.0
834.0
1325.0
598.0
339.0
1114.0
292.0
152.0
860.0
5135.0
5907.0
123.0
165.0
320.0
47.0
29.0
188.0
221.0
177.0
494.0
26.0
74.0
67.0
25.0
118.0
27.0
30.0
20.0
112.0
175.0
901.0
50.0
124.0
62.0
44.0
151.0
206.0
324.0
143.0
167.0
76.0
831.0
163.0
151.0
736.0
37.0
61.0
203.0
97.0
14.0
322.0
129.0
20.0
26.0
30.0
8.0
76.0
259.0
108.0
74.0
85.0
57.0
41.0
85.0
146.0
48.0
27.0
56.0
153.0
109.0
79.0
136.0
44.0
64.0
7.0
1594.0
58.0
110.0
57.0
48.0
654.0
858.0
118.0
1408.0
1080.0
25.0
117.0
118.0
264.0
6388.0
196.0
98.0
152.0
289.0
32.0
279.0
30.0
129.0
260.0
80.0
132.0
757.0
114.0
153.0
444.0
303.0
215.0
64.0
1246.0
134.0
116.0
67.0
93.0
117.0
19.0
265.0
204.0
347.0
175.0
39.0
69.0
53.0
194.0
236.0
297.0
199.0
885.0
1314.0
474.0
1337.0
35.0
512.0
117.0
182.0
47.0
347.0
253.0
371.0
58.0
294.0
215.0
491.0
219.0
1028.0
164.0
344.0
427.0
1264.0
2673.0
1088.0
981.0
13.0
223.0
553.0
270.0
71.0
253.0
80.0
298.0
13.0
10.0
10.0
12.0
14.0
12.0
13.0
91.0
13.0
11.0
12.0
29.0
372.0
162.0
801.0
1321.0
545.0
355.0
1122.0
272.0
150.0
817.0
5199.0
5439.0
121.0
166.0
322.0
50.0
27.0
186.0
210.0
177.0
519.0
28.0
74.0
67.0
26.0
128.0
29.0
32.0
19.0
115.0
168.0
895.0
51.0
120.0
62.0
46.0
152.0
220.0
335.0
145.0
167.0
76.0
805.0
154.0
147.0
786.0
36.0
66.0
198.0
97.0
14.0
351.0
125.0
21.0
25.0
31.0
8.0
74.0
259.0
106.0
72.0
89.0
59.0
37.0
81.0
142.0
48.0
27.0
58.0
154.0
109.0
81.0
129.0
48.0
65.0
7.0
1663.0
56.0
116.0
59.0
47.0
623.0
837.0
120.0
1309.0
1052.0
24.0
117.0
117.0
255.0
6727.0
201.0
101.0
155.0
282.0
33.0
276.0
29.0
130.0
254.0
79.0
136.0
811.0
115.0
153.0
460.0
317.0
213.0
65.0
1183.0
123.0
121.0
71.0
87.0
121.0
20.0
262.0
190.0
373.0
175.0
36.0
67.0
48.0
189.0
239.0
301.0
206.0
864.0
1318.0
468.0
1267.0
35.0
550.0
110.0
190.0
44.0
327.0
246.0
367.0
60.0
313.0
233.0
459.0
208.0
1108.0
169.0
346.0
423.0
1398.0
2702.0
1037.0
1042.0
13.0
215.0
517.0
291.0
73.0
232.0
78.0
294.0
14.0
10.0
9.0
12.0
14.0
12.0
14.0
100.0
14.0
12.0
12.0
29.0
367.0
166.0
809.0
1354.0
584.0
361.0
1166.0
274.0
145.0
790.0
5240.0
5589.0
125.0
168.0
318.0
48.0
28.0
178.0
223.0
178.0
483.0
27.0
77.0
64.0
25.0
117.0
28.0
31.0
19.0
110.0
168.0
898.0
52.0
120.0
65.0
44.0
152.0
217.0
318.0
144.0
170.0
71.0
886.0
158.0
146.0
773.0
35.0
65.0
210.0
96.0
13.0
343.0
127.0
20.0
25.0
30.0
8.0
74.0
271.0
110.0
70.0
86.0
56.0
41.0
81.0
149.0
48.0
27.0
54.0
158.0
105.0
86.0
133.0
44.0
61.0
7.0
1587.0
54.0
116.0
54.0
44.0
661.0
872.0
117.0
1302.0
1150.0
24.0
116.0
115.0
255.0
6808.0
211.0
100.0
166.0
284.0
32.0
264.0
29.0
130.0
247.0
82.0
137.0
818.0
123.0
147.0
424.0
300.0
214.0
66.0
1248.0
128.0
122.0
70.0
94.0
119.0
20.0
254.0
204.0
352.0
165.0
37.0
69.0
49.0
190.0
238.0
306.0
188.0
868.0
1298.0
500.0
1295.0
34.0
538.0
112.0
186.0
44.0
320.0
265.0
361.0
56.0
311.0
233.0
483.0
212.0
1087.0
161.0
343.0
423.0
1307.0
2730.0
1014.0
1032.0
12.0
223.0
548.0
281.0
70.0
235.0
76.0
293.0
13.0
10.0
10.0
12.0
13.0
12.0
13.0
93.0
14.0
12.0
12.0
29.0
371.0
163.0
829.0
1381.0
587.0
341.0
1092.0
277.0
146.0
806.0
5214.0
5865.0
125.0
164.0
336.0
51.0
27.0
179.0
207.0
184.0
493.0
28.0
79.0
67.0
26.0
126.0
28.0
31.0
19.0
115.0
164.0
857.0
53.0
118.0
65.0
44.0
166.0
218.0
324.0
150.0
169.0
71.0
849.0
164.0
147.0
750.0
38.0
63.0
211.0
95.0
14.0
356.0
129.0
21.0
26.0
32.0
8.0
71.0
256.0
113.0
69.0
91.0
57.0
40.0
84.0
145.0
46.0
26.0
58.0
163.0
110.0
87.0
136.0
47.0
63.0
7.0
1533.0
55.0
108.0
58.0
47.0
618.0
865.0
115.0
1442.0
1144.0
25.0
113.0
113.0
261.0
6696.0
203.0
101.0
164.0
293.0
31.0
266.0
27.0
122.0
251.0
79.0
129.0
759.0
120.0
148.0
431.0
319.0
212.0
71.0
1187.0
134.0
125.0
72.0
87.0
119.0
19.0
260.0
192.0
340.0
161.0
36.0
70.0
49.0
188.0
233.0
298.0
200.0
899.0
1273.0
471.0
1281.0
35.0
516.0
110.0
192.0
48.0
351.0
253.0
400.0
58.0
310.0
221.0
469.0
199.0
1096.0
163.0
342.0
443.0
1322.0
2707.0
1071.0
954.0
13.0
231.0
519.0
285.0
70.0
243.0
80.0
295.0
14.0
10.0
10.0
11.0
14.0
12.0
14.0
91.0
14.0
12.0
12.0
27.0
365.0
165.0
794.0
1320.0
588.0
340.0
1140.0
274.0
144.0
809.0
5018.0
5448.0
123.0
173.0
304.0
47.0
27.0
184.0
226.0
192.0
483.0
27.0
79.0
66.0
26.0
117.0
27.0
33.0
19.0
108.0
173.0
827.0
51.0
123.0
66.0
46.0
156.0
202.0
335.0
153.0
176.0
75.0
873.0
163.0
139.0
790.0
35.0
61.0
210.0
97.0
13.0
331.0
121.0
20.0
24.0
31.0
8.0
74.0
251.0
104.0
69.0
90.0
58.0
37.0
88.0
142.0
46.0
27.0
54.0
164.0
111.0
86.0
129.0
45.0
61.0
7.0
1525.0
55.0
113.0
54.0
48.0
640.0
820.0
121.0
1352.0
1113.0
26.0
117.0
114.0
259.0
6562.0
211.0
100.0
155.0
274.0
31.0
273.0
30.0
118.0
260.0
79.0
139.0
822.0
118.0
157.0
430.0
306.0
211.0
68.0
1191.0
122.0
118.0
70.0
94.0
122.0
20.0
258.0
193.0
371.0
166.0
36.0
67.0
49.0
196.0
237.0
308.0
197.0
860.0
1233.0
511.0
1323.0
36.0
557.0
114.0
182.0
45.0
322.0
247.0
383.0
59.0
293.0
225.0
456.0
209.0
1050.0
165.0
341.0
423.0
1393.0
2715.0
1109.0
1020.0
13.0
231.0
519.0
271.0
74.0
249.0
79.0
296.0
14.0
10.0
10.0
11.0
14.0
11.0
14.0
94.0
13.0
11.0
11.0
28.0
342.0
169.0
835.0
1375.0
598.0
340.0
1093.0
300.0
150.0
870.0
5301.0
6014.0
123.0
165.0
322.0
47.0
29.0
193.0
213.0
177.0
515.0
28.0
73.0
67.0
27.0
124.0
29.0
31.0
19.0
112.0
167.0
855.0
49.0
124.0
63.0
44.0
163.0
218.0
324.0
142.0
161.0
71.0
824.0
166.0
141.0
755.0
37.0
65.0
196.0
96.0
14.0
334.0
128.0
21.0
24.0
30.0
8.0
71.0
274.0
105.0
71.0
83.0
59.0
41.0
89.0
148.0
47.0
25.0
54.0
152.0
105.0
83.0
131.0
46.0
66.0
7.0
1644.0
59.0
115.0
58.0
46.0
610.0
796.0
122.0
1371.0
1136.0
26.0
115.0
115.0
271.0
6374.0
195.0
94.0
155.0
287.0
31.0
272.0
30.0
124.0
240.0
77.0
130.0
815.0
122.0
144.0
422.0
318.0
213.0
68.0
1160.0
131.0
117.0
69.0
89.0
111.0
19.0
262.0
200.0
343.0
167.0
37.0
70.0
53.0
197.0
234.0
316.0
202.0
841.0
1255.0
492.0
1234.0
34.0
557.0
119.0
175.0
47.0
345.0
268.0
376.0
56.0
319.0
223.0
481.0
216.0
1118.0
161.0
323.0
433.0
1279.0
2661.0
1014.0
1007.0
13.0
224.0
513.0
267.0
75.0
249.0
82.0
273.0
13.0
10.0
10.0
12.0
14.0
12.0
14.0
97.0
14.0
12.0
12.0
27.0
368.0
162.0
782.0
1358.0
572.0
355.0
1139.0
301.0
144.0
868.0
5250.0
5773.0
129.0
157.0
336.0
51.0
29.0
182.0
208.0
191.0
485.0
28.0
79.0
63.0
26.0
119.0
28.0
33.0
20.0
117.0
169.0
829.0
49.0
128.0
64.0
42.0
161.0
203.0
338.0
145.0
172.0
71.0
835.0
166.0
144.0
749.0
38.0
63.0
197.0
97.0
13.0
355.0
117.0
20.0
25.0
29.0
8.0
74.0
274.0
103.0
69.0
88.0
59.0
39.0
81.0
148.0
47.0
25.0
58.0
161.0
107.0
79.0
134.0
45.0
67.0
7.0
1572.0
55.0
118.0
54.0
47.0
602.0
841.0
115.0
1440.0
1121.0
25.0
115.0
111.0
262.0
6210.0
210.0
92.0
155.0
281.0
32.0
271.0
29.0
119.0
260.0
80.0
131.0
820.0
124.0
147.0
451.0
308.0
221.0
70.0
1240.0
123.0
118.0
71.0
94.0
121.0
19.0
271.0
202.0
361.0
168.0
36.0
68.0
48.0
203.0
225.0
318.0
204.0
827.0
1329.0
154.0
164.0
160.0
153.0
480.0
145.0
132.0
172.0
170.0
140.0
162.0
177.0
156.0
170.0
169.0
146.0
149.0
167.0
133.0
167.0
159.0
146.0
173.0
470.0
167.0
175.0
135.0
176.0
130.0
147.0
176.0
407.0
394.0
466.0
411.0
449.0
460.0
444.0
415.0
365.0
458.0
473.0
389.0
175.0
144.0
130.0
169.0
139.0
168.0
150.0
148.0
474.0
155.0
174.0
135.0
149.0
132.0
154.0
167.0
130.0
141.0
148.0
161.0
167.0
162.0
156.0
177.0
123.0
151.0
132.0
467.0
143.0
172.0
168.0
385.0
144.0
153.0
155.0
165.0
136.0
147.0
161.0
164.0
158.0
153.0
150.0
161.0
155.0
415.0
150.0
142.0
367.0
170.0
414.0
140.0
385.0
141.0
135.0
152.0
160.0
132.0
146.0
137.0
136.0
137.0
164.0
132.0
163.0
155.0
150.0
130.0
169.0
445.0
156.0
162.0
150.0
168.0
140.0
449.0
171.0
136.0
172.0
141.0
450.0
163.0
159.0
153.0
149.0
144.0
167.0
160.0
145.0
483.0
134.0
466.0
391.0
439.0
144.0
401.0
476.0
422.0
431.0
467.0
383.0
380.0
453.0
363.0
413.0
442.0
421.0
448.0
441.0
149.0
135.0
154.0
171.0
167.0
169.0
144.0
133.0
174.0
149.0
159.0
367.0
467.0
405.0
434.0
475.0
454.0
137.0
158.0
139.0
153.0
208.0
159.0
176.0
458.0
174.0
158.0
175.0
134.0
156.0
169.0
174.0
150.0
176.0
138.0
165.0
148.0
136.0
159.0
174.0
131.0
168.0
162.0
391.0
132.0
146.0
177.0
170.0
160.0
146.0
175.0
440.0
477.0
386.0
376.0
458.0
447.0
375.0
465.0
452.0
443.0
366.0
383.0
173.0
158.0
164.0
164.0
131.0
143.0
150.0
168.0
462.0
151.0
160.0
163.0
161.0
169.0
139.0
156.0
135.0
147.0
138.0
172.0
171.0
162.0
135.0
164.0
115.0
162.0
155.0
414.0
167.0
170.0
175.0
433.0
173.0
159.0
154.0
139.0
171.0
170.0
145.0
158.0
170.0
140.0
173.0
134.0
139.0
380.0
152.0
160.0
391.0
162.0
450.0
158.0
446.0
144.0
141.0
158.0
163.0
146.0
170.0
177.0
171.0
175.0
167.0
175.0
152.0
167.0
140.0
130.0
152.0
395.0
155.0
150.0
166.0
158.0
163.0
367.0
147.0
133.0
171.0
169.0
391.0
157.0
148.0
131.0
168.0
177.0
132.0
153.0
162.0
364.0
154.0
490.0
441.0
461.0
173.0
448.0
465.0
490.0
363.0
381.0
448.0
436.0
456.0
424.0
485.0
415.0
471.0
452.0
370.0
175.0
171.0
132.0
139.0
137.0
177.0
136.0
146.0
152.0
165.0
131.0
419.0
377.0
437.0
459.0
391.0
473.0
146.0
141.0
150.0
202.0
205.0
131.0
159.0
488.0
132.0
171.0
146.0
174.0
149.0
141.0
136.0
152.0
152.0
163.0
173.0
132.0
175.0
177.0
169.0
137.0
173.0
173.0
390.0
141.0
139.0
170.0
148.0
167.0
147.0
175.0
376.0
402.0
465.0
369.0
436.0
476.0
485.0
477.0
390.0
411.0
452.0
384.0
138.0
170.0
161.0
168.0
156.0
145.0
137.0
176.0
395.0
142.0
137.0
175.0
168.0
145.0
154.0
140.0
164.0
142.0
141.0
161.0
135.0
176.0
152.0
155.0
125.0
134.0
157.0
487.0
156.0
164.0
153.0
405.0
130.0
176.0
145.0
139.0
144.0
170.0
157.0
171.0
153.0
177.0
164.0
146.0
139.0
472.0
133.0
138.0
429.0
140.0
466.0
138.0
382.0
133.0
174.0
142.0
134.0
132.0
163.0
177.0
176.0
135.0
132.0
136.0
152.0
161.0
162.0
137.0
131.0
405.0
175.0
132.0
134.0
162.0
142.0
460.0
140.0
169.0
159.0
165.0
400.0
130.0
133.0
142.0
173.0
136.0
161.0
166.0
175.0
465.0
141.0
426.0
387.0
483.0
157.0
454.0
370.0
446.0
370.0
364.0
481.0
420.0
424.0
451.0
488.0
490.0
406.0
419.0
385.0
140.0
166.0
164.0
158.0
157.0
134.0
175.0
167.0
145.0
147.0
147.0
452.0
398.0
480.0
441.0
466.0
475.0
173.0
131.0
153.0
197.0
180.0
151.0
136.0
375.0
144.0
166.0
170.0
173.0
139.0
155.0
156.0
171.0
155.0
168.0
157.0
159.0
147.0
156.0
150.0
156.0
163.0
145.0
398.0
153.0
169.0
148.0
168.0
140.0
140.0
135.0
427.0
419.0
424.0
434.0
435.0
433.0
417.0
421.0
385.0
392.0
416.0
378.0
161.0
168.0
135.0
170.0
160.0
163.0
161.0
172.0
429.0
161.0
168.0
136.0
162.0
159.0
149.0
176.0
151.0
177.0
161.0
137.0
145.0
139.0
150.0
148.0
125.0
152.0
135.0
366.0
159.0
145.0
152.0
408.0
141.0
142.0
154.0
175.0
135.0
150.0
160.0
152.0
145.0
156.0
133.0
154.0
152.0
382.0
164.0
160.0
458.0
131.0
486.0
163.0
435.0
150.0
159.0
171.0
156.0
141.0
165.0
140.0
165.0
155.0
154.0
161.0
140.0
175.0
136.0
136.0
174.0
448.0
150.0
155.0
152.0
145.0
164.0
451.0
150.0
133.0
145.0
131.0
370.0
139.0
135.0
166.0
159.0
141.0
155.0
164.0
175.0
370.0
147.0
395.0
462.0
408.0
174.0
487.0
391.0
387.0
433.0
478.0
398.0
433.0
417.0
410.0
426.0
428.0
432.0
415.0
396.0
132.0
171.0
142.0
131.0
153.0
135.0
177.0
157.0
163.0
166.0
165.0
436.0
364.0
408.0
367.0
364.0
411.0
133.0
160.0
147.0
152.0
207.0
157.0
136.0
469.0
166.0
145.0
152.0
134.0
149.0
142.0
139.0
155.0
167.0
136.0
175.0
144.0
153.0
171.0
160.0
175.0
156.0
173.0
398.0
147.0
133.0
145.0
168.0
161.0
169.0
174.0
481.0
409.0
389.0
416.0
386.0
473.0
384.0
370.0
477.0
477.0
379.0
464.0
164.0
173.0
172.0
144.0
157.0
150.0
133.0
170.0
490.0
148.0
151.0
158.0
159.0
159.0
158.0
172.0
176.0
167.0
146.0
174.0
164.0
141.0
176.0
132.0
119.0
169.0
152.0
448.0
174.0
148.0
174.0
426.0
140.0
165.0
133.0
146.0
165.0
148.0
153.0
151.0
139.0
169.0
130.0
160.0
146.0
456.0
143.0
161.0
432.0
132.0
454.0
165.0
395.0
173.0
168.0
152.0
170.0
177.0
147.0
167.0
158.0
141.0
140.0
139.0
153.0
169.0
175.0
150.0
177.0
415.0
132.0
154.0
140.0
159.0
149.0
440.0
137.0
138.0
152.0
170.0
409.0
155.0
152.0
164.0
171.0
175.0
159.0
172.0
148.0
448.0
174.0
476.0
484.0
384.0
138.0
379.0
446.0
419.0
435.0
384.0
400.0
458.0
384.0
400.0
454.0
478.0
380.0
463.0
391.0
142.0
136.0
138.0
170.0
151.0
152.0
157.0
164.0
153.0
146.0
136.0
379.0
421.0
422.0
390.0
484.0
395.0
151.0
177.0
155.0
171.0
201.0
149.0
159.0
451.0
139.0
159.0
171.0
156.0
159.0
153.0
177.0
137.0
152.0
173.0
156.0
132.0
149.0
154.0
147.0
147.0
158.0
159.0
402.0
152.0
174.0
139.0
136.0
131.0
168.0
141.0
442.0
385.0
453.0
456.0
457.0
473.0
494.0
373.0
375.0
450.0
481.0
399.0
166.0
131.0
164.0
140.0
173.0
176.0
151.0
151.0
406.0
139.0
148.0
158.0
159.0
149.0
171.0
151.0
142.0
161.0
166.0
139.0
147.0
147.0
132.0
172.0
137.0
140.0
158.0
383.0
156.0
148.0
143.0
474.0
146.0
146.0
160.0
135.0
164.0
145.0
130.0
135.0
170.0
160.0
164.0
144.0
172.0
462.0
168.0
172.0
479.0
136.0
402.0
137.0
386.0
152.0
133.0
161.0
150.0
150.0
173.0
148.0
174.0
143.0
177.0
149.0
165.0
170.0
143.0
140.0
132.0
477.0
143.0
141.0
155.0
155.0
143.0
380.0
168.0
172.0
131.0
131.0
376.0
145.0
149.0
158.0
171.0
140.0
153.0
166.0
172.0
464.0
143.0
429.0
364.0
411.0
169.0
468.0
470.0
480.0
438.0
419.0
451.0
377.0
490.0
449.0
488.0
492.0
368.0
458.0
419.0
144.0
143.0
132.0
138.0
141.0
172.0
147.0
149.0
163.0
148.0
141.0
375.0
422.0
393.0
445.0
410.0
407.0
170.0
157.0
171.0
176.0
154.0
132.0
169.0
434.0
174.0
156.0
146.0
157.0
176.0
139.0
176.0
162.0
145.0
175.0
137.0
137.0
172.0
165.0
152.0
159.0
168.0
149.0
375.0
164.0
135.0
148.0
177.0
164.0
175.0
140.0
412.0
400.0
413.0
482.0
481.0
461.0
472.0
436.0
399.0
429.0
454.0
393.0
152.0
136.0
161.0
165.0
159.0
163.0
159.0
163.0
395.0
140.0
150.0
140.0
159.0
132.0
164.0
135.0
131.0
176.0
160.0
145.0
160.0
143.0
141.0
134.0
152.0
156.0
167.0
479.0
143.0
166.0
134.0
404.0
143.0
144.0
136.0
158.0
140.0
137.0
131.0
175.0
175.0
163.0
141.0
142.0
161.0
392.0
175.0
174.0
410.0
165.0
435.0
162.0
417.0
146.0
166.0
155.0
160.0
141.0
130.0
155.0
153.0
143.0
132.0
168.0
174.0
156.0
161.0
152.0
151.0
424.0
147.0
139.0
159.0
139.0
135.0
490.0
138.0
157.0
155.0
177.0
396.0
171.0
141.0
152.0
155.0
166.0
142.0
141.0
152.0
446.0
155.0
425.0
409.0
373.0
176.0
387.0
447.0
378.0
469.0
475.0
391.0
425.0
488.0
393.0
445.0
494.0
442.0
468.0
462.0
135.0
156.0
158.0
132.0
164.0
165.0
149.0
162.0
142.0
173.0
146.0
469.0
400.0
464.0
452.0
395.0
417.0
158.0
134.0
132.0
163.0
180.0
164.0
156.0
370.0
165.0
136.0
150.0
164.0
151.0
147.0
140.0
159.0
142.0
146.0
170.0
141.0
143.0
173.0
171.0
136.0
150.0
147.0
416.0
160.0
141.0
149.0
136.0
174.0
156.0
157.0
472.0
393.0
453.0
489.0
396.0
401.0
370.0
412.0
387.0
422.0
408.0
443.0
146.0
175.0
158.0
143.0
134.0
132.0
172.0
144.0
404.0
153.0
159.0
145.0
131.0
138.0
140.0
145.0
140.0
172.0
132.0
142.0
148.0
174.0
173.0
168.0
131.0
158.0
138.0
367.0
152.0
170.0
155.0
483.0
152.0
177.0
173.0
133.0
142.0
166.0
135.0
169.0
171.0
148.0
138.0
171.0
137.0
437.0
146.0
157.0
449.0
140.0
428.0
150.0
421.0
155.0
134.0
160.0
155.0
173.0
132.0
173.0
169.0
149.0
154.0
144.0
137.0
131.0
160.0
118.0
155.0
367.0
159.0
177.0
171.0
174.0
139.0
425.0
159.0
171.0
146.0
135.0
377.0
163.0
141.0
140.0
168.0
172.0
132.0
132.0
148.0
468.0
173.0
456.0
432.0
427.0
159.0
443.0
477.0
455.0
484.0
488.0
422.0
459.0
474.0
434.0
447.0
423.0
487.0
441.0
396.0
159.0
160.0
162.0
153.0
141.0
135.0
166.0
173.0
162.0
144.0
132.0
419.0
454.0
488.0
381.0
384.0
440.0
165.0
157.0
160.0
171.0
165.0
171.0
156.0
376.0
164.0
166.0
142.0
164.0
152.0
167.0
157.0
131.0
177.0
133.0
158.0
170.0
139.0
148.0
155.0
155.0
158.0
140.0
372.0
176.0
175.0
137.0
145.0
150.0
130.0
132.0
451.0
490.0
379.0
448.0
365.0
484.0
399.0
433.0
384.0
370.0
393.0
485.0
151.0
135.0
140.0
140.0
164.0
171.0
148.0
165.0
425.0
137.0
160.0
167.0
150.0
136.0
131.0
133.0
143.0
137.0
145.0
136.0
132.0
158.0
167.0
148.0
127.0
161.0
143.0
438.0
168.0
151.0
169.0
399.0
161.0
172.0
169.0
151.0
148.0
139.0
135.0
173.0
135.0
155.0
163.0
174.0
175.0
364.0
136.0
162.0
436.0
150.0
381.0
147.0
410.0
141.0
167.0
163.0
135.0
160.0
175.0
154.0
145.0
166.0
158.0
164.0
163.0
155.0
159.0
132.0
175.0
410.0
175.0
161.0
139.0
136.0
146.0
474.0
137.0
168.0
170.0
152.0
454.0
161.0
133.0
168.0
148.0
140.0
161.0
130.0
145.0
386.0
157.0
374.0
387.0
485.0
142.0
484.0
399.0
419.0
417.0
473.0
393.0
452.0
407.0
427.0
414.0
486.0
363.0
476.0
383.0
148.0
131.0
166.0
169.0
135.0
156.0
143.0
163.0
138.0
158.0
155.0
419.0
461.0
385.0
406.0
478.0
495.0
159.0
148.0
136.0
179.0
189.0
161.0
142.0
423.0
137.0
172.0
176.0
161.0
162.0
162.0
149.0
146.0
146.0
171.0
148.0
132.0
153.0
151.0
149.0
147.0
134.0
153.0
464.0
136.0
136.0
161.0
153.0
148.0
139.0
163.0
434.0
389.0
381.0
385.0
474.0
379.0
416.0
422.0
435.0
490.0
440.0
430.0
146.0
139.0
132.0
141.0
164.0
176.0
173.0
131.0
458.0
162.0
160.0
148.0
143.0
158.0
174.0
133.0
153.0
130.0
173.0
164.0
134.0
168.0
156.0
160.0
123.0
148.0
174.0
494.0
156.0
154.0
169.0
388.0
133.0
154.0
160.0
156.0
167.0
162.0
161.0
175.0
161.0
172.0
144.0
174.0
138.0
364.0
164.0
144.0
392.0
149.0
455.0
159.0
398.0
151.0
143.0
160.0
176.0
147.0
131.0
166.0
135.0
138.0
132.0
148.0
172.0
135.0
149.0
114.0
166.0
425.0
175.0
152.0
163.0
168.0
151.0
418.0
156.0
133.0
177.0
176.0
456.0
172.0
138.0
136.0
136.0
149.0
172.0
138.0
137.0
468.0
130.0
443.0
425.0
393.0
132.0
454.0
386.0
382.0
391.0
431.0
465.0
404.0
393.0
407.0
417.0
412.0
413.0
463.0
375.0
148.0
143.0
165.0
140.0
169.0
145.0
161.0
177.0
134.0
174.0
167.0
416.0
385.0
368.0
367.0
479.0
417.0
153.0
171.0
168.0
172.0
157.0
154.0
151.0
488.0
157.0
176.0
138.0
171.0
176.0
161.0
162.0
159.0
168.0
152.0
175.0
158.0
136.0
152.0
130.0
147.0
155.0
168.0
427.0
171.0
161.0
153.0
134.0
138.0
154.0
174.0
487.0
384.0
474.0
432.0
452.0
377.0
431.0
443.0
459.0
376.0
410.0
471.0
135.0
167.0
134.0
147.0
164.0
173.0
139.0
167.0
484.0
160.0
134.0
150.0
172.0
145.0
154.0
151.0
132.0
166.0
151.0
146.0
162.0
169.0
170.0
135.0
119.0
160.0
162.0
424.0
175.0
150.0
156.0
364.0
162.0
139.0
158.0
138.0
156.0
172.0
154.0
133.0
161.0
175.0
168.0
173.0
152.0
387.0
173.0
156.0
443.0
151.0
415.0
136.0
452.0
158.0
157.0
134.0
142.0
160.0
149.0
171.0
150.0
133.0
138.0
145.0
173.0
168.0
155.0
122.0
148.0
395.0
176.0
177.0
176.0
143.0
156.0
456.0
140.0
154.0
159.0
169.0
376.0
158.0
175.0
134.0
168.0
173.0
144.0
159.0
146.0
451.0
148.0
423.0
378.0
388.0
176.0
392.0
384.0
399.0
404.0
477.0
457.0
416.0
382.0
466.0
391.0
438.0
406.0
449.0
464.0
169.0
149.0
167.0
132.0
175.0
169.0
172.0
169.0
155.0
165.0
151.0
463.0
477.0
416.0
401.0
371.0
367.0
162.0
169.0
143.0
158.0
171.0
138.0
141.0
457.0
170.0
141.0
168.0
173.0
131.0
134.0
139.0
150.0
165.0
160.0
169.0
159.0
155.0
144.0
133.0
162.0
167.0
131.0
400.0
135.0
171.0
131.0
177.0
136.0
151.0
174.0
401.0
477.0
443.0
435.0
432.0
439.0
478.0
491.0
368.0
463.0
372.0
367.0
156.0
147.0
153.0
147.0
143.0
147.0
176.0
143.0
365.0
140.0
131.0
160.0
170.0
138.0
159.0
133.0
130.0
149.0
162.0
143.0
131.0
144.0
148.0
157.0
139.0
158.0
157.0
430.0
163.0
130.0
132.0
406.0
159.0
164.0
151.0
174.0
148.0
163.0
139.0
137.0
131.0
165.0
153.0
158.0
142.0
481.0
150.0
166.0
388.0
149.0
437.0
161.0
470.0
154.0
171.0
148.0
175.0
164.0
158.0
152.0
162.0
141.0
149.0
169.0
154.0
166.0
136.0
132.0
174.0
379.0
174.0
167.0
175.0
172.0
145.0
415.0
162.0
145.0
166.0
153.0
407.0
146.0
170.0
132.0
134.0
134.0
170.0
158.0
154.0
424.0
152.0
463.0
454.0
461.0
131.0
429.0
408.0
366.0
417.0
421.0
390.0
379.0
415.0
457.0
474.0
405.0
411.0
473.0
426.0
172.0
149.0
171.0
156.0
149.0
147.0
167.0
133.0
143.0
143.0
164.0
482.0
493.0
397.0
448.0
479.0
474.0
130.0
160.0
171.0
181.0
155.0
158.0
156.0
425.0
168.0
146.0
155.0
176.0
171.0
140.0
167.0
154.0
137.0
172.0
174.0
165.0
168.0
166.0
150.0
137.0
133.0
133.0
484.0
143.0
145.0
176.0
153.0
173.0
139.0
177.0
388.0
481.0
432.0
422.0
377.0
408.0
379.0
365.0
408.0
389.0
384.0
424.0
137.0
169.0
147.0
134.0
140.0
165.0
145.0
156.0
485.0
166.0
160.0
134.0
135.0
146.0
169.0
144.0
157.0
159.0
174.0
172.0
146.0
157.0
156.0
138.0
129.0
150.0
161.0
403.0
165.0
173.0
140.0
407.0
141.0
144.0
164.0
161.0
150.0
137.0
136.0
154.0
135.0
142.0
161.0
152.0
153.0
403.0
155.0
134.0
436.0
177.0
452.0
152.0
364.0
172.0
170.0
173.0
138.0
136.0
168.0
131.0
176.0
167.0
150.0
153.0
149.0
148.0
171.0
140.0
156.0
393.0
143.0
134.0
172.0
134.0
158.0
393.0
140.0
159.0
146.0
168.0
486.0
163.0
159.0
167.0
137.0
144.0
162.0
169.0
165.0
463.0
157.0
426.0
461.0
403.0
137.0
463.0
427.0
455.0
364.0
398.0
390.0
481.0
393.0
463.0
398.0
382.0
424.0
493.0
386.0
137.0
131.0
134.0
176.0
134.0
150.0
176.0
161.0
154.0
158.0
147.0
478.0
438.0
413.0
443.0
474.0
369.0
153.0
138.0
145.0
160.0
187.0
157.0
141.0
482.0
155.0
148.0
176.0
173.0
151.0
131.0
165.0
152.0
171.0
175.0
144.0
150.0
169.0
147.0
132.0
159.0
133.0
145.0
420.0
132.0
158.0
135.0
169.0
167.0
169.0
140.0
426.0
374.0
382.0
389.0
419.0
494.0
430.0
399.0
380.0
444.0
436.0
431.0
146.0
168.0
143.0
173.0
157.0
130.0
144.0
166.0
367.0
142.0
136.0
131.0
175.0
176.0
142.0
159.0
161.0
158.0
154.0
175.0
173.0
155.0
153.0
137.0
117.0
131.0
169.0
407.0
170.0
149.0
142.0
441.0
136.0
149.0
154.0
135.0
139.0
143.0
162.0
152.0
143.0
169.0
133.0
154.0
145.0
445.0
163.0
170.0
414.0
134.0
442.0
139.0
439.0
142.0
172.0
132.0
177.0
138.0
142.0
142.0
176.0
152.0
140.0
158.0
163.0
156.0
143.0
133.0
172.0
379.0
174.0
154.0
130.0
157.0
132.0
453.0
152.0
174.0
144.0
167.0
468.0
156.0
149.0
159.0
137.0
174.0
147.0
147.0
152.0
369.0
142.0
451.0
453.0
399.0
170.0
387.0
454.0
465.0
421.0
376.0
415.0
478.0
450.0
463.0
446.0
462.0
459.0
417.0
366.0
159.0
175.0
168.0
131.0
133.0
139.0
174.0
159.0
148.0
157.0
151.0
442.0
479.0
451.0
397.0
384.0
441.0
130.0
153.0
150.0
153.0
186.0
171.0
136.0
435.0
172.0
135.0
152.0
170.0
132.0
166.0
172.0
147.0
172.0
169.0
142.0
163.0
172.0
135.0
177.0
160.0
144.0
167.0
447.0
161.0
147.0
177.0
142.0
166.0
162.0
143.0
442.0
464.0
476.0
392.0
473.0
493.0
444.0
451.0
412.0
447.0
457.0
377.0
177.0
174.0
144.0
154.0
149.0
161.0
159.0
150.0
481.0
135.0
138.0
134.0
162.0
144.0
172.0
139.0
136.0
169.0
161.0
135.0
176.0
140.0
146.0
173.0
121.0
130.0
156.0
471.0
147.0
151.0
130.0
404.0
173.0
149.0
173.0
147.0
163.0
149.0
152.0
162.0
144.0
168.0
149.0
154.0
147.0
463.0
137.0
167.0
484.0
161.0
371.0
153.0
489.0
149.0
130.0
145.0
162.0
156.0
164.0
152.0
145.0
141.0
147.0
170.0
154.0
141.0
164.0
150.0
148.0
476.0
136.0
147.0
135.0
149.0
142.0
458.0
151.0
143.0
177.0
148.0
414.0
135.0
138.0
132.0
143.0
150.0
137.0
157.0
168.0
479.0
138.0
386.0
442.0
463.0
131.0
364.0
442.0
429.0
448.0
490.0
413.0
437.0
428.0
466.0
482.0
430.0
486.0
386.0
440.0
152.0
176.0
151.0
158.0
140.0
175.0
162.0
164.0
156.0
138.0
163.0
396.0
451.0
436.0
397.0
463.0
461.0
164.0
130.0
161.0
207.0
161.0
153.0
174.0
467.0
146.0
141.0
152.0
163.0
130.0
137.0
171.0
151.0
173.0
152.0
155.0
146.0
166.0
160.0
160.0
146.0
139.0
168.0
388.0
140.0
171.0
131.0
136.0
132.0
145.0
137.0
411.0
415.0
487.0
378.0
393.0
460.0
367.0
384.0
440.0
461.0
395.0
364.0
155.0
134.0
160.0
137.0
167.0
143.0
133.0
169.0
462.0
173.0
163.0
139.0
135.0
156.0
131.0
173.0
154.0
169.0
152.0
131.0
147.0
151.0
156.0
131.0
117.0
161.0
135.0
399.0
158.0
166.0
138.0
398.0
161.0
135.0
157.0
154.0
140.0
153.0
174.0
170.0
164.0
176.0
140.0
156.0
149.0
453.0
157.0
157.0
479.0
159.0
401.0
160.0
481.0
133.0
134.0
142.0
168.0
131.0
177.0
166.0
133.0
148.0
167.0
168.0
164.0
140.0
148.0
113.0
157.0
388.0
170.0
138.0
168.0
133.0
175.0
377.0
131.0
159.0
147.0
136.0
486.0
158.0
176.0
155.0
149.0
158.0
168.0
168.0
144.0
460.0
159.0
421.0
435.0
476.0
138.0
493.0
406.0
401.0
462.0
483.0
387.0
436.0
405.0
407.0
438.0
450.0
425.0
462.0
384.0
161.0
136.0
142.0
169.0
162.0
154.0
131.0
141.0
169.0
170.0
166.0
402.0
385.0
372.0
473.0
370.0
395.0
137.0
171.0
171.0
183.0
200.0
133.0
158.0
474.0
153.0
133.0
153.0
147.0
147.0
141.0
173.0
149.0
140.0
149.0
170.0
162.0
142.0
142.0
145.0
141.0
169.0
155.0
463.0
150.0
144.0
151.0
171.0
157.0
176.0
144.0
379.0
459.0
388.0
423.0
395.0
436.0
477.0
422.0
450.0
372.0
470.0
406.0
172.0
135.0
140.0
172.0
176.0
152.0
163.0
151.0
465.0
138.0
153.0
174.0
155.0
151.0
165.0
169.0
137.0
177.0
176.0
135.0
177.0
136.0
135.0
135.0
115.0
159.0
173.0
374.0
147.0
133.0
148.0
483.0
174.0
159.0
157.0
134.0
160.0
136.0
130.0
130.0
156.0
175.0
152.0
147.0
132.0
387.0
175.0
166.0
438.0
174.0
387.0
142.0
372.0
172.0
155.0
145.0
144.0
155.0
164.0
141.0
169.0
141.0
157.0
140.0
164.0
163.0
146.0
134.0
143.0
380.0
167.0
163.0
138.0
130.0
166.0
494.0
176.0
165.0
145.0
151.0
489.0
141.0
132.0
176.0
147.0
135.0
159.0
169.0
170.0
427.0
164.0
492.0
471.0
394.0
156.0
483.0
422.0
377.0
463.0
398.0
381.0
424.0
444.0
468.0
401.0
373.0
440.0
478.0
476.0
157.0
159.0
158.0
132.0
146.0
130.0
176.0
174.0
176.0
146.0
130.0
400.0
437.0
398.0
414.0
403.0
436.0
162.0
145.0
152.0
194.0
203.0
161.0
166.0
470.0
169.0
140.0
150.0
148.0
171.0
136.0
166.0
157.0
169.0
160.0
177.0
152.0
141.0
153.0
155.0
173.0
143.0
171.0
397.0
172.0
145.0
162.0
137.0
167.0
148.0
156.0
363.0
478.0
423.0
482.0
463.0
454.0
375.0
454.0
442.0
461.0
368.0
372.0
175.0
143.0
160.0
172.0
138.0
161.0
142.0
159.0
400.0
170.0
135.0
150.0
142.0
165.0
135.0
146.0
163.0
163.0
158.0
159.0
162.0
139.0
138.0
174.0
129.0
159.0
134.0
491.0
174.0
165.0
155.0
419.0
158.0
177.0
138.0
160.0
165.0
134.0
156.0
141.0
144.0
138.0
150.0
162.0
142.0
470.0
168.0
145.0
433.0
151.0
430.0
160.0
407.0
133.0
164.0
164.0
149.0
142.0
137.0
172.0
147.0
171.0
159.0
149.0
144.0
130.0
160.0
126.0
144.0
376.0
146.0
149.0
149.0
135.0
141.0
476.0
146.0
141.0
135.0
137.0
366.0
164.0
143.0
176.0
156.0
161.0
140.0
148.0
145.0
443.0
176.0
447.0
402.0
457.0
174.0
487.0
479.0
451.0
493.0
477.0
445.0
418.0
376.0
407.0
459.0
457.0
465.0
438.0
413.0
168.0
177.0
139.0
133.0
170.0
156.0
151.0
149.0
132.0
175.0
144.0
424.0
377.0
387.0
464.0
397.0
377.0
137.0
166.0
175.0
186.0
183.0
151.0
140.0
401.0
144.0
160.0
148.0
135.0
132.0
174.0
163.0
137.0
145.0
159.0
161.0
131.0
143.0
147.0
131.0
149.0
177.0
146.0
423.0
169.0
133.0
153.0
155.0
142.0
164.0
160.0
446.0
476.0
462.0
369.0
367.0
449.0
371.0
425.0
380.0
441.0
430.0
465.0
164.0
171.0
153.0
167.0
162.0
150.0
140.0
167.0
410.0
140.0
173.0
176.0
171.0
159.0
139.0
165.0
170.0
175.0
150.0
152.0
137.0
130.0
160.0
148.0
117.0
143.0
166.0
451.0
131.0
171.0
166.0
456.0
159.0
163.0
133.0
139.0
148.0
146.0
162.0
160.0
164.0
146.0
146.0
152.0
173.0
398.0
135.0
149.0
490.0
159.0
371.0
151.0
430.0
149.0
163.0
135.0
144.0
173.0
165.0
173.0
135.0
134.0
139.0
147.0
176.0
160.0
156.0
143.0
141.0
419.0
139.0
174.0
156.0
141.0
164.0
488.0
133.0
161.0
174.0
149.0
422.0
159.0
137.0
142.0
139.0
141.0
149.0
133.0
165.0
427.0
175.0
481.0
489.0
382.0
157.0
432.0
421.0
378.0
482.0
364.0
414.0
461.0
379.0
465.0
491.0
371.0
482.0
455.0
461.0
172.0
132.0
173.0
140.0
143.0
157.0
139.0
168.0
165.0
172.0
142.0
456.0
391.0
440.0
424.0
428.0
455.0
168.0
143.0
148.0
162.0
166.0
132.0
152.0
493.0
144.0
162.0
155.0
171.0
170.0
139.0
176.0
155.0
166.0
151.0
142.0
137.0
136.0
145.0
160.0
148.0
160.0
140.0
385.0
166.0
164.0
167.0
154.0
150.0
155.0
138.0
436.0
444.0
438.0
481.0
388.0
446.0
463.0
447.0
467.0
464.0
391.0
404.0
131.0
160.0
175.0
136.0
142.0
132.0
147.0
160.0
421.0
174.0
137.0
174.0
152.0
152.0
134.0
153.0
150.0
135.0
167.0
147.0
166.0
136.0
145.0
158.0
112.0
133.0
146.0
403.0
132.0
132.0
135.0
428.0
134.0
132.0
165.0
164.0
143.0
145.0
133.0
143.0
132.0
161.0
153.0
142.0
130.0
412.0
155.0
171.0
472.0
171.0
450.0
167.0
425.0
153.0
134.0
147.0
166.0
166.0
145.0
137.0
173.0
146.0
161.0
171.0
171.0
149.0
134.0
146.0
148.0
489.0
131.0
156.0
130.0
156.0
135.0
472.0
168.0
153.0
171.0
175.0
396.0
142.0
175.0
144.0
155.0
161.0
142.0
163.0
146.0
422.0
137.0
442.0
368.0
473.0
164.0
424.0
410.0
423.0
437.0
381.0
406.0
458.0
450.0
388.0
393.0
410.0
409.0
414.0
399.0
174.0
150.0
164.0
166.0
150.0
170.0
170.0
165.0
131.0
162.0
158.0
417.0
394.0
369.0
391.0
462.0
407.0
153.0
143.0
147.0
156.0
201.0
149.0
139.0
410.0
160.0
154.0
163.0
169.0
139.0
171.0
168.0
132.0
163.0
144.0
160.0
143.0
156.0
160.0
161.0
152.0
144.0
164.0
483.0
167.0
161.0
169.0
162.0
153.0
140.0
154.0
399.0
426.0
447.0
465.0
372.0
455.0
443.0
435.0
372.0
475.0
482.0
434.0
152.0
155.0
133.0
131.0
177.0
161.0
175.0
142.0
367.0
157.0
169.0
153.0
171.0
152.0
166.0
164.0
151.0
173.0
167.0
163.0
160.0
150.0
174.0
169.0
138.0
171.0
166.0
384.0
147.0
157.0
160.0
392.0
158.0
164.0
148.0
159.0
152.0
153.0
143.0
170.0
162.0
166.0
148.0
144.0
175.0
436.0
169.0
167.0
405.0
147.0
426.0
170.0
474.0
144.0
131.0
169.0
176.0
148.0
157.0
143.0
158.0
159.0
137.0
148.0
154.0
158.0
164.0
129.0
173.0
487.0
164.0
142.0
131.0
152.0
140.0
445.0
140.0
143.0
167.0
158.0
472.0
173.0
154.0
160.0
168.0
144.0
177.0
165.0
130.0
413.0
150.0
492.0
426.0
385.0
150.0
407.0
385.0
371.0
482.0
429.0
485.0
430.0
388.0
392.0
464.0
402.0
392.0
389.0
453.0
133.0
159.0
164.0
153.0
131.0
167.0
155.0
157.0
157.0
150.0
157.0
408.0
455.0
393.0
458.0
364.0
390.0
147.0
147.0
167.0
153.0
167.0
165.0
162.0
403.0
169.0
152.0
155.0
136.0
166.0
140.0
177.0
165.0
131.0
164.0
149.0
169.0
152.0
174.0
130.0
150.0
131.0
148.0
475.0
134.0
136.0
150.0
138.0
158.0
148.0
171.0
433.0
431.0
401.0
378.0
419.0
375.0
470.0
489.0
441.0
407.0
391.0
414.0
136.0
154.0
134.0
149.0
175.0
137.0
164.0
147.0
425.0
150.0
142.0
153.0
145.0
145.0
138.0
163.0
159.0
143.0
137.0
159.0
136.0
130.0
140.0
166.0
121.0
155.0
171.0
482.0
150.0
174.0
161.0
389.0
132.0
145.0
173.0
176.0
150.0
168.0
145.0
161.0
150.0
156.0
134.0
160.0
135.0
417.0
173.0
172.0
391.0
150.0
380.0
167.0
443.0
149.0
163.0
139.0
161.0
141.0
133.0
134.0
151.0
162.0
154.0
130.0
142.0
171.0
144.0
117.0
162.0
444.0
143.0
132.0
135.0
150.0
157.0
379.0
169.0
164.0
133.0
149.0
475.0
158.0
147.0
135.0
170.0
143.0
158.0
149.0
144.0
373.0
147.0
483.0
445.0
406.0
142.0
391.0
446.0
472.0
419.0
398.0
469.0
449.0
440.0
402.0
389.0
412.0
430.0
492.0
364.0
135.0
140.0
163.0
176.0
170.0
131.0
139.0
143.0
177.0
150.0
131.0
437.0
386.0
402.0
437.0
385.0
453.0
130.0
149.0
173.0
207.0
175.0
160.0
167.0
413.0
167.0
177.0
153.0
160.0
135.0
136.0
162.0
136.0
151.0
155.0
145.0
176.0
138.0
153.0
159.0
171.0
137.0
157.0
401.0
138.0
163.0
140.0
137.0
168.0
140.0
156.0
420.0
415.0
374.0
424.0
385.0
469.0
449.0
436.0
432.0
433.0
454.0
432.0
136.0
139.0
131.0
135.0
154.0
157.0
143.0
157.0
415.0
149.0
169.0
152.0
148.0
145.0
143.0
138.0
139.0
139.0
144.0
135.0
168.0
156.0
156.0
138.0
138.0
159.0
172.0
427.0
140.0
157.0
142.0
405.0
152.0
159.0
175.0
138.0
166.0
145.0
131.0
139.0
162.0
143.0
138.0
144.0
152.0
456.0
143.0
175.0
377.0
170.0
411.0
139.0
427.0
154.0
175.0
152.0
170.0
148.0
165.0
153.0
158.0
161.0
142.0
130.0
146.0
173.0
166.0
123.0
153.0
495.0
171.0
155.0
164.0
162.0
147.0
485.0
157.0
145.0
138.0
157.0
434.0
157.0
165.0
168.0
156.0
134.0
176.0
155.0
169.0
447.0
162.0
444.0
410.0
390.0
135.0
443.0
443.0
485.0
376.0
475.0
364.0
455.0
456.0
408.0
446.0
412.0
439.0
448.0
466.0
145.0
146.0
159.0
161.0
130.0
168.0
169.0
140.0
176.0
160.0
137.0
477.0
379.0
491.0
423.0
443.0
408.0
176.0
167.0
172.0
201.0
173.0
147.0
139.0
366.0
157.0
131.0
177.0
168.0
161.0
147.0
171.0
132.0
159.0
146.0
166.0
167.0
150.0
148.0
160.0
175.0
173.0
174.0
369.0
172.0
153.0
142.0
153.0
177.0
148.0
132.0
411.0
451.0
421.0
433.0
376.0
387.0
396.0
478.0
438.0
418.0
475.0
458.0
130.0
147.0
134.0
130.0
131.0
168.0
169.0
168.0
422.0
176.0
144.0
148.0
175.0
152.0
142.0
136.0
167.0
136.0
168.0
170.0
144.0
173.0
142.0
150.0
136.0
139.0
175.0
387.0
173.0
160.0
148.0
402.0
144.0
158.0
159.0
171.0
132.0
142.0
136.0
174.0
152.0
147.0
161.0
136.0
143.0
494.0
136.0
136.0
455.0
170.0
426.0
167.0
471.0
139.0
154.0
159.0
137.0
176.0
177.0
150.0
131.0
135.0
136.0
163.0
160.0
171.0
158.0
128.0
156.0
476.0
131.0
137.0
148.0
177.0
160.0
370.0
155.0
151.0
150.0
153.0
412.0
156.0
171.0
166.0
151.0
137.0
144.0
150.0
144.0
444.0
149.0
419.0
375.0
481.0
146.0
472.0
380.0
391.0
442.0
423.0
376.0
490.0
418.0
454.0
407.0
412.0
437.0
416.0
452.0
163.0
161.0
164.0
159.0
137.0
153.0
136.0
171.0
161.0
167.0
175.0
423.0
414.0
440.0
420.0
363.0
434.0
137.0
171.0
174.0
188.0
204.0
148.0
160.0
463.0
136.0
159.0
159.0
171.0
172.0
131.0
165.0
167.0
136.0
168.0
158.0
135.0
151.0
168.0
155.0
176.0
171.0
145.0
428.0
130.0
132.0
149.0
136.0
143.0
150.0
158.0
477.0
421.0
421.0
396.0
392.0
415.0
435.0
378.0
412.0
476.0
367.0
425.0
158.0
175.0
157.0
147.0
148.0
165.0
138.0
153.0
398.0
175.0
167.0
168.0
150.0
166.0
175.0
131.0
173.0
138.0
142.0
152.0
176.0
139.0
131.0
174.0
140.0
137.0
139.0
440.0
137.0
169.0
170.0
385.0
150.0
172.0
172.0
164.0
164.0
141.0
177.0
167.0
132.0
134.0
168.0
176.0
132.0
451.0
170.0
130.0
435.0
145.0
451.0
168.0
404.0
130.0
149.0
144.0
144.0
158.0
154.0
169.0
160.0
156.0
152.0
157.0
157.0
169.0
162.0
118.0
159.0
485.0
173.0
147.0
155.0
167.0
174.0
477.0
159.0
158.0
145.0
135.0
447.0
174.0
146.0
172.0
154.0
162.0
164.0
147.0
146.0
457.0
151.0
386.0
404.0
407.0
170.0
409.0
372.0
461.0
371.0
374.0
364.0
410.0
381.0
384.0
473.0
419.0
424.0
383.0
424.0
153.0
157.0
148.0
170.0
155.0
138.0
141.0
154.0
170.0
140.0
152.0
470.0
378.0
372.0
448.0
372.0
367.0
148.0
152.0
147.0
