I_BRKGA_178_6_15_6_CESP
178 6 15 494.0
60382.5
58448.5
61633.5
58799.5
53837.5
58953.5
62477.5
55598.5
56744.5
61934.5
61121.5
62157.5
57181.5
58140.5
57655.5
0.07784859140832832
0.05692035182321944
0.07337397194610634
0.05938615792433133
0.07712740256392252
0.066579155222963
0.07293676225321126
0.06637222771324637
0.07695558360212293
0.053993191693019464
0.07519653434225045
0.0651148859042499
0.07091421793988033
0.06426049531493441
0.04302047034821399
118.0
123.0
109.0
112.0
118.0
110.0
2557.0
22.0
1261.0
1300.0
67.0
529.0
473.0
1344.0
35.0
526.0
115.0
182.0
48.0
347.0
248.0
368.0
59.0
320.0
227.0
506.0
214.0
1067.0
171.0
350.0
413.0
1304.0
2494.0
1020.0
1029.0
12.0
228.0
547.0
275.0
70.0
245.0
78.0
284.0
14.0
10.0
10.0
12.0
14.0
12.0
14.0
95.0
14.0
12.0
12.0
27.0
353.0
173.0
806.0
1347.0
543.0
349.0
1086.0
300.0
155.0
869.0
5029.0
5685.0
122.0
171.0
330.0
50.0
28.0
194.0
212.0
184.0
498.0
28.0
79.0
61.0
26.0
118.0
29.0
33.0
20.0
115.0
179.0
860.0
52.0
124.0
66.0
46.0
161.0
203.0
323.0
146.0
171.0
71.0
859.0
167.0
144.0
736.0
35.0
65.0
213.0
92.0
13.0
352.0
126.0
21.0
26.0
29.0
8.0
75.0
255.0
106.0
74.0
88.0
56.0
39.0
88.0
148.0
48.0
25.0
57.0
151.0
109.0
83.0
138.0
44.0
67.0
7.0
1644.0
57.0
110.0
55.0
46.0
643.0
840.0
115.0
1423.0
1049.0
24.0
115.0
117.0
268.0
6704.0
214.0
98.0
157.0
280.0
33.0
276.0
28.0
129.0
235.0
81.0
128.0
795.0
114.0
153.0
451.0
302.0
211.0
67.0
1237.0
122.0
117.0
73.0
94.0
116.0
20.0
266.0
190.0
364.0
161.0
39.0
71.0
51.0
197.0
234.0
319.0
191.0
896.0
1230.0
519.0
1350.0
33.0
546.0
111.0
182.0
44.0
343.0
251.0
373.0
59.0
294.0
219.0
471.0
202.0
1046.0
162.0
346.0
441.0
1376.0
2720.0
1017.0
997.0
13.0
228.0
530.0
271.0
74.0
244.0
80.0
277.0
13.0
10.0
10.0
12.0
14.0
12.0
14.0
96.0
13.0
11.0
12.0
29.0
352.0
173.0
768.0
1301.0
598.0
341.0
1141.0
284.0
152.0
842.0
5279.0
5593.0
123.0
156.0
329.0
49.0
27.0
188.0
226.0
183.0
517.0
27.0
75.0
66.0
26.0
118.0
28.0
33.0
20.0
112.0
166.0
820.0
51.0
126.0
67.0
44.0
153.0
207.0
323.0
153.0
166.0
71.0
867.0
158.0
150.0
726.0
37.0
66.0
195.0
98.0
14.0
348.0
118.0
21.0
25.0
30.0
8.0
72.0
260.0
112.0
74.0
84.0
57.0
40.0
88.0
154.0
47.0
26.0
55.0
155.0
105.0
85.0
127.0
44.0
61.0
7.0
1646.0
59.0
116.0
55.0
47.0
634.0
823.0
118.0
1389.0
1155.0
25.0
114.0
118.0
254.0
6649.0
206.0
100.0
155.0
274.0
31.0
282.0
29.0
119.0
238.0
78.0
141.0
786.0
118.0
146.0
441.0
307.0
203.0
64.0
1273.0
134.0
127.0
71.0
86.0
112.0
19.0
246.0
204.0
350.0
172.0
37.0
69.0
52.0
193.0
224.0
320.0
192.0
873.0
1267.0
481.0
1306.0
36.0
514.0
115.0
190.0
48.0
345.0
248.0
381.0
60.0
315.0
232.0
487.0
216.0
1054.0
158.0
329.0
425.0
1381.0
2746.0
1095.0
974.0
12.0
211.0
526.0
279.0
72.0
231.0
80.0
296.0
14.0
10.0
10.0
12.0
14.0
12.0
14.0
98.0
13.0
12.0
12.0
27.0
339.0
165.0
790.0
1375.0
572.0
358.0
1102.0
298.0
147.0
809.0
5427.0
5476.0
126.0
165.0
306.0
50.0
29.0
177.0
226.0
183.0
518.0
26.0
72.0
64.0
25.0
125.0
29.0
32.0
20.0
117.0
167.0
902.0
50.0
121.0
66.0
44.0
151.0
202.0
317.0
141.0
170.0
70.0
811.0
165.0
141.0
772.0
35.0
62.0
215.0
96.0
13.0
331.0
126.0
20.0
26.0
29.0
8.0
75.0
256.0
103.0
72.0
91.0
59.0
39.0
82.0
153.0
48.0
27.0
58.0
149.0
108.0
84.0
139.0
45.0
63.0
7.0
1507.0
57.0
118.0
56.0
45.0
651.0
854.0
112.0
1408.0
1093.0
25.0
123.0
109.0
274.0
6723.0
210.0
99.0
161.0
280.0
32.0
260.0
30.0
127.0
256.0
80.0
133.0
762.0
116.0
150.0
459.0
327.0
207.0
70.0
1191.0
131.0
117.0
70.0
91.0
120.0
19.0
261.0
197.0
359.0
175.0
36.0
71.0
51.0
199.0
235.0
310.0
206.0
841.0
1318.0
514.0
1266.0
34.0
557.0
120.0
178.0
48.0
328.0
260.0
385.0
57.0
292.0
228.0
499.0
206.0
1139.0
158.0
346.0
427.0
1322.0
2499.0
1055.0
1055.0
13.0
219.0
517.0
267.0
75.0
243.0
81.0
298.0
14.0
10.0
10.0
12.0
14.0
11.0
14.0
93.0
13.0
12.0
12.0
27.0
344.0
158.0
839.0
1377.0
572.0
354.0
1175.0
286.0
155.0
804.0
5135.0
5976.0
127.0
165.0
336.0
46.0
28.0
185.0
223.0
188.0
484.0
26.0
75.0
64.0
27.0
123.0
29.0
32.0
19.0
116.0
165.0
856.0
48.0
124.0
65.0
45.0
160.0
205.0
338.0
155.0
173.0
70.0
852.0
165.0
140.0
765.0
37.0
62.0
215.0
90.0
14.0
350.0
118.0
21.0
25.0
31.0
8.0
69.0
254.0
112.0
68.0
83.0
59.0
41.0
88.0
142.0
49.0
27.0
58.0
158.0
105.0
82.0
128.0
46.0
62.0
7.0
1524.0
58.0
114.0
57.0
47.0
601.0
807.0
117.0
1393.0
1059.0
26.0
113.0
109.0
262.0
6717.0
196.0
100.0
156.0
278.0
32.0
276.0
28.0
119.0
250.0
82.0
131.0
758.0
124.0
147.0
453.0
304.0
215.0
69.0
1177.0
122.0
115.0
73.0
90.0
118.0
19.0
267.0
192.0
367.0
166.0
38.0
70.0
50.0
192.0
219.0
303.0
198.0
856.0
1228.0
478.0
1232.0
35.0
518.0
113.0
180.0
46.0
351.0
263.0
388.0
58.0
299.0
223.0
504.0
203.0
1092.0
162.0
334.0
422.0
1386.0
2543.0
1040.0
991.0
13.0
226.0
518.0
271.0
72.0
241.0
76.0
282.0
14.0
10.0
10.0
12.0
14.0
12.0
13.0
99.0
13.0
12.0
12.0
27.0
352.0
170.0
796.0
1288.0
564.0
330.0
1079.0
286.0
148.0
825.0
5114.0
5566.0
128.0
167.0
334.0
50.0
29.0
183.0
215.0
194.0
491.0
27.0
73.0
63.0
26.0
125.0
29.0
32.0
20.0
115.0
165.0
900.0
51.0
121.0
61.0
44.0
161.0
212.0
328.0
148.0
164.0
71.0
842.0
154.0
150.0
744.0
36.0
66.0
209.0
98.0
14.0
330.0
123.0
19.0
26.0
30.0
8.0
71.0
250.0
102.0
67.0
83.0
59.0
38.0
89.0
151.0
48.0
26.0
53.0
164.0
110.0
87.0
127.0
46.0
61.0
7.0
1602.0
54.0
109.0
55.0
47.0
598.0
822.0
114.0
1386.0
1090.0
26.0
121.0
119.0
274.0
6178.0
213.0
100.0
154.0
284.0
32.0
284.0
28.0
127.0
243.0
82.0
140.0
825.0
113.0
154.0
442.0
321.0
205.0
65.0
1234.0
125.0
124.0
67.0
91.0
114.0
20.0
272.0
200.0
367.0
165.0
37.0
71.0
53.0
203.0
233.0
300.0
203.0
818.0
1318.0
518.0
1347.0
34.0
528.0
118.0
178.0
47.0
333.0
257.0
377.0
60.0
294.0
232.0
479.0
218.0
1115.0
170.0
341.0
440.0
1336.0
2722.0
1049.0
961.0
13.0
224.0
517.0
289.0
73.0
231.0
79.0
274.0
14.0
10.0
10.0
12.0
14.0
12.0
13.0
91.0
14.0
12.0
12.0
28.0
348.0
169.0
765.0
1364.0
599.0
335.0
1143.0
299.0
148.0
840.0
5301.0
5584.0
131.0
159.0
320.0
50.0
29.0
190.0
220.0
183.0
488.0
26.0
73.0
63.0
25.0
122.0
27.0
33.0
19.0
110.0
177.0
851.0
52.0
127.0
63.0
43.0
165.0
209.0
316.0
149.0
164.0
72.0
821.0
152.0
142.0
749.0
37.0
60.0
197.0
98.0
14.0
334.0
124.0
20.0
24.0
30.0
8.0
72.0
261.0
107.0
68.0
89.0
56.0
40.0
81.0
147.0
47.0
27.0
55.0
157.0
108.0
87.0
135.0
45.0
63.0
7.0
1574.0
55.0
109.0
58.0
44.0
605.0
856.0
121.0
1374.0
1095.0
24.0
113.0
113.0
269.0
6271.0
210.0
97.0
151.0
271.0
30.0
271.0
29.0
119.0
243.0
79.0
132.0
777.0
118.0
149.0
455.0
324.0
203.0
68.0
1163.0
132.0
125.0
69.0
86.0
121.0
20.0
247.0
195.0
365.0
169.0
38.0
65.0
53.0
190.0
240.0
318.0
192.0
817.0
1327.0
476.0
1313.0
35.0
527.0
120.0
184.0
48.0
317.0
260.0
377.0
59.0
302.0
236.0
460.0
205.0
1121.0
166.0
350.0
422.0
1267.0
2525.0
1046.0
1026.0
13.0
220.0
514.0
270.0
70.0
243.0
81.0
281.0
14.0
10.0
10.0
12.0
14.0
11.0
14.0
93.0
13.0
11.0
12.0
27.0
358.0
160.0
765.0
1342.0
595.0
336.0
1091.0
301.0
155.0
835.0
5232.0
5964.0
131.0
168.0
304.0
46.0
29.0
189.0
211.0
187.0
518.0
28.0
76.0
62.0
27.0
121.0
29.0
32.0
20.0
112.0
162.0
849.0
53.0
131.0
64.0
45.0
160.0
207.0
323.0
151.0
174.0
75.0
844.0
164.0
148.0
746.0
36.0
65.0
210.0
97.0
14.0
350.0
121.0
20.0
25.0
30.0
8.0
70.0
263.0
107.0
73.0
84.0
58.0
38.0
87.0
153.0
48.0
27.0
54.0
151.0
100.0
86.0
134.0
46.0
63.0
7.0
1640.0
55.0
109.0
57.0
44.0
630.0
825.0
113.0
1440.0
1139.0
26.0
121.0
115.0
254.0
6261.0
201.0
100.0
166.0
293.0
33.0
275.0
30.0
123.0
238.0
83.0
133.0
824.0
113.0
148.0
456.0
327.0
213.0
71.0
1208.0
124.0
126.0
67.0
87.0
117.0
20.0
255.0
204.0
365.0
170.0
38.0
69.0
50.0
197.0
219.0
293.0
193.0
856.0
1201.0
512.0
1316.0
35.0
547.0
114.0
186.0
45.0
329.0
263.0
373.0
57.0
313.0
214.0
472.0
214.0
1093.0
156.0
356.0
406.0
1335.0
2698.0
1078.0
958.0
12.0
228.0
546.0
288.0
71.0
246.0
76.0
300.0
13.0
10.0
10.0
12.0
13.0
12.0
13.0
98.0
14.0
12.0
12.0
29.0
339.0
161.0
820.0
1350.0
594.0
333.0
1188.0
272.0
155.0
819.0
5394.0
5658.0
121.0
161.0
334.0
51.0
27.0
194.0
206.0
182.0
517.0
26.0
75.0
62.0
26.0
124.0
27.0
31.0
19.0
110.0
167.0
860.0
52.0
122.0
63.0
45.0
164.0
221.0
318.0
152.0
163.0
71.0
858.0
158.0
139.0
769.0
37.0
63.0
198.0
93.0
14.0
356.0
122.0
20.0
26.0
32.0
8.0
71.0
250.0
111.0
68.0
85.0
57.0
37.0
88.0
139.0
49.0
25.0
55.0
160.0
104.0
82.0
129.0
45.0
67.0
7.0
1523.0
59.0
111.0
56.0
45.0
616.0
836.0
113.0
1414.0
1130.0
25.0
115.0
111.0
251.0
6766.0
196.0
96.0
162.0
283.0
32.0
265.0
28.0
119.0
240.0
78.0
138.0
753.0
123.0
158.0
463.0
311.0
215.0
68.0
1172.0
127.0
117.0
72.0
86.0
118.0
19.0
251.0
190.0
362.0
162.0
37.0
67.0
52.0
201.0
237.0
293.0
186.0
844.0
1253.0
481.0
1260.0
34.0
506.0
109.0
182.0
45.0
322.0
259.0
365.0
57.0
290.0
215.0
503.0
204.0
1043.0
155.0
349.0
433.0
1321.0
2746.0
1079.0
1038.0
13.0
211.0
538.0
292.0
76.0
249.0
80.0
300.0
14.0
10.0
9.0
12.0
13.0
12.0
14.0
95.0
14.0
12.0
12.0
29.0
373.0
163.0
835.0
1312.0
549.0
329.0
1098.0
286.0
144.0
867.0
5144.0
5645.0
121.0
156.0
318.0
48.0
27.0
189.0
212.0
186.0
517.0
26.0
79.0
63.0
26.0
125.0
28.0
33.0
19.0
117.0
171.0
869.0
53.0
128.0
62.0
43.0
156.0
218.0
330.0
151.0
172.0
73.0
878.0
154.0
149.0
769.0
35.0
60.0
201.0
93.0
13.0
347.0
119.0
19.0
25.0
31.0
8.0
74.0
265.0
106.0
67.0
91.0
57.0
39.0
82.0
154.0
47.0
27.0
57.0
160.0
105.0
81.0
138.0
45.0
63.0
7.0
1501.0
56.0
108.0
58.0
47.0
618.0
837.0
117.0
1370.0
1043.0
26.0
123.0
111.0
270.0
6808.0
213.0
102.0
151.0
275.0
31.0
264.0
30.0
118.0
236.0
81.0
132.0
775.0
114.0
155.0
425.0
323.0
210.0
65.0
1277.0
126.0
117.0
68.0
91.0
121.0
20.0
266.0
194.0
373.0
159.0
37.0
70.0
49.0
191.0
230.0
308.0
192.0
872.0
1247.0
502.0
1349.0
36.0
557.0
119.0
180.0
44.0
322.0
261.0
401.0
60.0
302.0
234.0
502.0
203.0
1126.0
162.0
354.0
420.0
1343.0
2571.0
1051.0
1030.0
13.0
212.0
516.0
292.0
71.0
238.0
74.0
288.0
14.0
10.0
10.0
11.0
13.0
12.0
14.0
94.0
14.0
12.0
12.0
29.0
348.0
168.0
823.0
1260.0
596.0
358.0
1080.0
274.0
154.0
812.0
5092.0
5869.0
126.0
171.0
333.0
49.0
29.0
184.0
211.0
186.0
490.0
28.0
77.0
64.0
27.0
123.0
29.0
31.0
20.0
108.0
175.0
835.0
50.0
128.0
63.0
45.0
158.0
202.0
328.0
147.0
171.0
72.0
872.0
162.0
147.0
759.0
37.0
63.0
204.0
98.0
14.0
334.0
129.0
20.0
25.0
29.0
8.0
69.0
261.0
106.0
69.0
83.0
55.0
38.0
89.0
154.0
47.0
27.0
55.0
155.0
107.0
86.0
132.0
48.0
63.0
7.0
1506.0
55.0
118.0
59.0
46.0
631.0
837.0
116.0
1342.0
1112.0
26.0
114.0
119.0
251.0
6485.0
209.0
96.0
164.0
294.0
32.0
283.0
28.0
122.0
252.0
80.0
135.0
827.0
123.0
151.0
445.0
299.0
224.0
71.0
1235.0
123.0
120.0
72.0
86.0
110.0
19.0
249.0
193.0
361.0
172.0
37.0
65.0
50.0
202.0
239.0
298.0
194.0
833.0
1328.0
473.0
1298.0
34.0
526.0
110.0
190.0
44.0
321.0
265.0
397.0
60.0
313.0
224.0
496.0
210.0
1083.0
156.0
325.0
425.0
1293.0
2742.0
1017.0
1047.0
13.0
228.0
507.0
275.0
73.0
237.0
77.0
289.0
14.0
10.0
10.0
12.0
14.0
12.0
13.0
93.0
14.0
12.0
12.0
28.0
364.0
167.0
801.0
1341.0
583.0
343.0
1184.0
278.0
156.0
842.0
5387.0
5776.0
126.0
161.0
310.0
47.0
28.0
193.0
220.0
189.0
521.0
28.0
77.0
66.0
27.0
126.0
29.0
32.0
18.0
118.0
172.0
898.0
48.0
126.0
67.0
45.0
167.0
218.0
336.0
145.0
166.0
73.0
855.0
152.0
143.0
774.0
35.0
61.0
194.0
98.0
13.0
334.0
129.0
21.0
24.0
30.0
8.0
74.0
265.0
112.0
68.0
91.0
57.0
38.0
81.0
141.0
49.0
26.0
55.0
156.0
105.0
85.0
127.0
44.0
65.0
7.0
1515.0
54.0
110.0
56.0
48.0
637.0
792.0
120.0
1392.0
1106.0
26.0
117.0
119.0
263.0
6721.0
196.0
93.0
160.0
292.0
33.0
275.0
29.0
121.0
255.0
78.0
135.0
809.0
113.0
145.0
445.0
312.0
210.0
66.0
1240.0
131.0
121.0
70.0
87.0
116.0
20.0
259.0
203.0
344.0
160.0
36.0
70.0
50.0
195.0
238.0
320.0
204.0
884.0
1212.0
507.0
1262.0
34.0
533.0
120.0
183.0
46.0
340.0
255.0
366.0
60.0
309.0
222.0
460.0
203.0
1088.0
157.0
340.0
413.0
1360.0
2661.0
1051.0
1026.0
13.0
220.0
558.0
282.0
72.0
231.0
79.0
273.0
14.0
10.0
10.0
12.0
14.0
12.0
14.0
95.0
14.0
12.0
11.0
29.0
338.0
157.0
821.0
1358.0
568.0
348.0
1192.0
272.0
150.0
823.0
5317.0
5541.0
126.0
160.0
309.0
49.0
29.0
181.0
207.0
183.0
516.0
28.0
75.0
65.0
26.0
124.0
28.0
32.0
19.0
112.0
171.0
853.0
50.0
119.0
63.0
42.0
153.0
219.0
338.0
147.0
175.0
76.0
883.0
153.0
148.0
728.0
37.0
63.0
209.0
96.0
13.0
327.0
121.0
21.0
26.0
32.0
8.0
76.0
258.0
109.0
68.0
90.0
56.0
41.0
86.0
145.0
47.0
26.0
57.0
161.0
103.0
84.0
131.0
44.0
67.0
7.0
1525.0
56.0
108.0
54.0
47.0
659.0
809.0
111.0
1335.0
1076.0
24.0
120.0
115.0
272.0
6634.0
206.0
99.0
159.0
276.0
33.0
275.0
29.0
127.0
256.0
81.0
141.0
755.0
114.0
158.0
462.0
298.0
214.0
64.0
1169.0
130.0
123.0
67.0
92.0
117.0
20.0
271.0
201.0
372.0
171.0
36.0
70.0
51.0
192.0
229.0
311.0
193.0
856.0
1299.0
497.0
1299.0
34.0
544.0
114.0
174.0
46.0
329.0
252.0
366.0
57.0
310.0
230.0
489.0
215.0
1082.0
171.0
330.0
438.0
1278.0
2594.0
1062.0
1005.0
13.0
216.0
517.0
280.0
76.0
237.0
76.0
291.0
14.0
10.0
9.0
12.0
14.0
12.0
14.0
96.0
13.0
11.0
12.0
27.0
347.0
161.0
825.0
1368.0
552.0
338.0
1110.0
301.0
150.0
862.0
5341.0
5851.0
128.0
173.0
314.0
50.0
29.0
190.0
208.0
188.0
531.0
27.0
79.0
62.0
25.0
120.0
29.0
32.0
20.0
110.0
165.0
899.0
49.0
127.0
61.0
46.0
153.0
217.0
336.0
151.0
165.0
76.0
887.0
158.0
148.0
755.0
38.0
61.0
202.0
93.0
14.0
340.0
119.0
20.0
25.0
31.0
8.0
69.0
255.0
105.0
69.0
90.0
59.0
39.0
82.0
149.0
45.0
27.0
57.0
162.0
110.0
81.0
130.0
44.0
62.0
7.0
1581.0
55.0
108.0
59.0
48.0
644.0
836.0
119.0
1330.0
1115.0
24.0
113.0
116.0
260.0
6746.0
208.0
102.0
151.0
293.0
30.0
276.0
30.0
118.0
241.0
83.0
139.0
806.0
118.0
153.0
432.0
325.0
222.0
69.0
1240.0
123.0
125.0
69.0
87.0
112.0
20.0
249.0
199.0
349.0
159.0
38.0
71.0
49.0
197.0
219.0
304.0
190.0
895.0
1259.0
493.0
1316.0
36.0
528.0
115.0
192.0
48.0
346.0
259.0
374.0
58.0
316.0
232.0
487.0
218.0
1058.0
160.0
328.0
429.0
1308.0
2619.0
1018.0
992.0
13.0
215.0
538.0
276.0
69.0
247.0
75.0
280.0
13.0
10.0
10.0
12.0
14.0
12.0
13.0
92.0
14.0
12.0
12.0
29.0
371.0
163.0
815.0
1273.0
576.0
332.0
1197.0
275.0
149.0
820.0
5079.0
5482.0
131.0
171.0
303.0
51.0
28.0
185.0
225.0
177.0
484.0
26.0
74.0
67.0
27.0
126.0
28.0
33.0
19.0
117.0
171.0
815.0
51.0
128.0
63.0
46.0
151.0
214.0
319.0
146.0
173.0
75.0
884.0
157.0
141.0
725.0
35.0
63.0
195.0
90.0
13.0
331.0
120.0
20.0
26.0
32.0
8.0
72.0
266.0
104.0
67.0
89.0
54.0
38.0
88.0
145.0
48.0
25.0
54.0
156.0
100.0
82.0
127.0
44.0
67.0
7.0
1550.0
58.0
117.0
58.0
45.0
629.0
872.0
121.0
1412.0
1067.0
26.0
113.0
109.0
274.0
6600.0
196.0
98.0
158.0
297.0
31.0
268.0
29.0
120.0
235.0
78.0
135.0
769.0
121.0
154.0
452.0
316.0
213.0
67.0
1255.0
130.0
127.0
71.0
86.0
121.0
19.0
252.0
190.0
355.0
174.0
38.0
70.0
53.0
191.0
227.0
294.0
206.0
827.0
1271.0
489.0
1343.0
34.0
538.0
114.0
176.0
44.0
339.0
267.0
363.0
56.0
301.0
216.0
456.0
203.0
1041.0
171.0
325.0
405.0
1391.0
2642.0
1021.0
1055.0
12.0
232.0
523.0
284.0
69.0
247.0
77.0
297.0
14.0
10.0
10.0
12.0
14.0
11.0
14.0
94.0
14.0
12.0
11.0
28.0
363.0
164.0
761.0
1283.0
573.0
339.0
1132.0
291.0
154.0
793.0
5275.0
5692.0
123.0
173.0
319.0
50.0
27.0
193.0
211.0
185.0
522.0
26.0
76.0
63.0
27.0
121.0
29.0
32.0
19.0
114.0
171.0
870.0
49.0
129.0
63.0
45.0
153.0
217.0
331.0
147.0
168.0
69.0
824.0
164.0
153.0
755.0
36.0
62.0
202.0
98.0
13.0
327.0
127.0
20.0
26.0
31.0
8.0
75.0
262.0
109.0
72.0
91.0
59.0
38.0
81.0
145.0
45.0
25.0
57.0
152.0
101.0
79.0
127.0
44.0
63.0
7.0
1555.0
57.0
114.0
56.0
48.0
610.0
812.0
117.0
1398.0
1053.0
24.0
116.0
116.0
264.0
6715.0
199.0
96.0
161.0
298.0
30.0
279.0
29.0
130.0
249.0
80.0
133.0
825.0
115.0
145.0
462.0
320.0
224.0
65.0
1233.0
121.0
127.0
72.0
94.0
117.0
19.0
254.0
202.0
345.0
167.0
39.0
69.0
53.0
205.0
226.0
316.0
190.0
873.0
1279.0
172.0
192.0
143.0
160.0
364.0
151.0
148.0
140.0
134.0
155.0
151.0
146.0
168.0
137.0
136.0
135.0
171.0
158.0
152.0
172.0
162.0
132.0
145.0
381.0
159.0
149.0
146.0
159.0
150.0
175.0
174.0
468.0
478.0
491.0
377.0
456.0
389.0
424.0
428.0
432.0
419.0
472.0
469.0
176.0
174.0
135.0
146.0
176.0
148.0
177.0
158.0
410.0
159.0
173.0
130.0
149.0
134.0
165.0
140.0
162.0
148.0
176.0
153.0
151.0
143.0
155.0
149.0
123.0
159.0
146.0
433.0
138.0
145.0
157.0
490.0
173.0
164.0
174.0
173.0
154.0
156.0
160.0
163.0
147.0
171.0
167.0
167.0
168.0
471.0
149.0
170.0
444.0
157.0
397.0
167.0
475.0
176.0
138.0
153.0
153.0
139.0
164.0
151.0
136.0
158.0
136.0
157.0
169.0
141.0
135.0
122.0
150.0
476.0
167.0
165.0
147.0
150.0
172.0
370.0
157.0
146.0
135.0
166.0
490.0
175.0
130.0
136.0
167.0
139.0
174.0
173.0
158.0
386.0
139.0
423.0
486.0
386.0
171.0
483.0
447.0
430.0
404.0
478.0
433.0
492.0
424.0
457.0
364.0
494.0
491.0
400.0
440.0
157.0
137.0
173.0
155.0
170.0
139.0
165.0
137.0
165.0
136.0
132.0
390.0
468.0
422.0
462.0
472.0
444.0
141.0
154.0
160.0
167.0
188.0
140.0
173.0
424.0
159.0
144.0
148.0
154.0
152.0
165.0
154.0
150.0
152.0
145.0
158.0
156.0
169.0
159.0
140.0
157.0
159.0
167.0
416.0
175.0
152.0
133.0
174.0
171.0
131.0
170.0
439.0
436.0
460.0
385.0
370.0
412.0
401.0
430.0
377.0
489.0
451.0
374.0
174.0
154.0
175.0
169.0
130.0
176.0
177.0
131.0
461.0
155.0
172.0
138.0
172.0
168.0
159.0
150.0
148.0
171.0
151.0
175.0
174.0
146.0
176.0
169.0
111.0
175.0
163.0
410.0
154.0
172.0
170.0
374.0
159.0
167.0
151.0
159.0
146.0
146.0
135.0
142.0
135.0
172.0
141.0
134.0
138.0
435.0
172.0
165.0
429.0
140.0
404.0
135.0
492.0
142.0
157.0
134.0
155.0
142.0
155.0
154.0
169.0
140.0
151.0
141.0
153.0
138.0
176.0
150.0
136.0
470.0
131.0
141.0
155.0
138.0
173.0
484.0
163.0
173.0
176.0
152.0
492.0
170.0
138.0
154.0
177.0
138.0
168.0
145.0
144.0
473.0
173.0
489.0
394.0
460.0
141.0
414.0
492.0
395.0
491.0
474.0
487.0
386.0
391.0
390.0
380.0
446.0
410.0
382.0
365.0
173.0
152.0
145.0
176.0
162.0
155.0
171.0
147.0
173.0
136.0
131.0
492.0
414.0
467.0
442.0
386.0
475.0
151.0
153.0
132.0
203.0
166.0
161.0
155.0
424.0
170.0
146.0
138.0
132.0
139.0
132.0
173.0
155.0
132.0
170.0
143.0
142.0
174.0
135.0
169.0
173.0
143.0
155.0
424.0
149.0
171.0
131.0
147.0
141.0
174.0
137.0
414.0
369.0
411.0
468.0
377.0
448.0
377.0
424.0
391.0
400.0
438.0
412.0
159.0
144.0
155.0
137.0
156.0
148.0
136.0
132.0
431.0
169.0
156.0
154.0
176.0
168.0
174.0
131.0
133.0
151.0
145.0
146.0
158.0
134.0
159.0
147.0
125.0
141.0
137.0
448.0
139.0
131.0
137.0
488.0
174.0
130.0
138.0
155.0
147.0
170.0
143.0
177.0
139.0
141.0
171.0
170.0
141.0
453.0
172.0
149.0
381.0
161.0
388.0
134.0
402.0
167.0
142.0
168.0
158.0
131.0
150.0
172.0
160.0
147.0
149.0
148.0
146.0
144.0
161.0
115.0
149.0
369.0
134.0
149.0
150.0
141.0
175.0
381.0
160.0
169.0
130.0
153.0
398.0
140.0
140.0
131.0
145.0
169.0
164.0
156.0
135.0
446.0
166.0
470.0
477.0
431.0
162.0
457.0
397.0
421.0
417.0
423.0
455.0
441.0
484.0
447.0
447.0
386.0
429.0
412.0
415.0
153.0
131.0
171.0
135.0
148.0
146.0
138.0
170.0
153.0
161.0
163.0
377.0
398.0
428.0
392.0
364.0
417.0
148.0
130.0
135.0
198.0
189.0
149.0
160.0
370.0
130.0
152.0
147.0
143.0
145.0
159.0
162.0
176.0
144.0
133.0
150.0
175.0
171.0
153.0
158.0
141.0
137.0
164.0
492.0
145.0
162.0
171.0
145.0
149.0
136.0
133.0
435.0
466.0
448.0
435.0
397.0
434.0
442.0
478.0
414.0
400.0
428.0
456.0
167.0
147.0
130.0
137.0
141.0
171.0
163.0
159.0
480.0
154.0
171.0
175.0
149.0
133.0
141.0
131.0
139.0
175.0
174.0
136.0
155.0
135.0
163.0
173.0
123.0
149.0
134.0
439.0
170.0
135.0
155.0
467.0
146.0
134.0
143.0
146.0
132.0
175.0
152.0
150.0
175.0
142.0
140.0
150.0
156.0
393.0
133.0
139.0
425.0
137.0
407.0
151.0
437.0
168.0
154.0
163.0
149.0
173.0
139.0
167.0
152.0
155.0
156.0
135.0
146.0
161.0
146.0
144.0
171.0
439.0
162.0
169.0
173.0
160.0
156.0
423.0
139.0
166.0
142.0
165.0
419.0
155.0
155.0
174.0
167.0
163.0
139.0
170.0
145.0
466.0
135.0
473.0
445.0
470.0
149.0
439.0
419.0
398.0
451.0
392.0
432.0
388.0
473.0
398.0
379.0
457.0
387.0
400.0
482.0
150.0
140.0
155.0
132.0
160.0
158.0
173.0
139.0
135.0
151.0
167.0
489.0
366.0
450.0
466.0
443.0
409.0
169.0
151.0
177.0
178.0
163.0
149.0
162.0
379.0
161.0
153.0
137.0
132.0
163.0
165.0
139.0
152.0
168.0
161.0
138.0
163.0
156.0
162.0
164.0
153.0
168.0
177.0
445.0
151.0
151.0
137.0
162.0
148.0
160.0
130.0
405.0
472.0
413.0
373.0
378.0
381.0
390.0
381.0
368.0
410.0
371.0
485.0
160.0
141.0
157.0
177.0
159.0
145.0
160.0
141.0
421.0
135.0
161.0
163.0
137.0
149.0
131.0
155.0
145.0
159.0
169.0
138.0
167.0
159.0
152.0
148.0
143.0
137.0
133.0
425.0
151.0
142.0
163.0
474.0
136.0
173.0
168.0
173.0
144.0
133.0
147.0
170.0
165.0
163.0
154.0
156.0
132.0
410.0
133.0
142.0
402.0
170.0
469.0
141.0
488.0
149.0
157.0
163.0
175.0
171.0
150.0
175.0
168.0
168.0
166.0
132.0
171.0
136.0
167.0
152.0
154.0
387.0
164.0
168.0
151.0
133.0
134.0
399.0
162.0
160.0
151.0
131.0
477.0
161.0
153.0
148.0
167.0
165.0
168.0
136.0
155.0
419.0
146.0
484.0
417.0
395.0
140.0
408.0
456.0
443.0
471.0
434.0
485.0
391.0
403.0
369.0
488.0
474.0
436.0
398.0
412.0
132.0
153.0
160.0
174.0
134.0
151.0
153.0
168.0
170.0
157.0
143.0
369.0
370.0
473.0
401.0
454.0
439.0
130.0
148.0
138.0
198.0
184.0
147.0
172.0
451.0
154.0
166.0
151.0
132.0
156.0
146.0
160.0
154.0
135.0
155.0
141.0
141.0
136.0
164.0
138.0
140.0
155.0
172.0
473.0
165.0
130.0
138.0
142.0
144.0
142.0
147.0
449.0
455.0
370.0
412.0
425.0
457.0
451.0
375.0
365.0
469.0
424.0
404.0
143.0
165.0
172.0
157.0
147.0
130.0
175.0
138.0
485.0
145.0
175.0
152.0
142.0
172.0
144.0
155.0
138.0
132.0
148.0
163.0
159.0
140.0
171.0
142.0
141.0
166.0
138.0
470.0
169.0
175.0
155.0
455.0
158.0
173.0
147.0
160.0
137.0
159.0
153.0
154.0
135.0
139.0
163.0
173.0
169.0
491.0
156.0
169.0
490.0
138.0
394.0
158.0
452.0
133.0
147.0
136.0
163.0
139.0
163.0
174.0
142.0
166.0
132.0
147.0
150.0
144.0
130.0
120.0
157.0
418.0
160.0
163.0
174.0
139.0
155.0
398.0
146.0
138.0
141.0
164.0
483.0
153.0
144.0
168.0
168.0
147.0
166.0
140.0
167.0
492.0
146.0
417.0
375.0
431.0
148.0
383.0
429.0
480.0
440.0
385.0
377.0
422.0
458.0
442.0
481.0
438.0
375.0
402.0
374.0
134.0
155.0
163.0
136.0
174.0
169.0
141.0
152.0
143.0
144.0
149.0
454.0
403.0
451.0
460.0
444.0
392.0
147.0
157.0
149.0
161.0
161.0
147.0
167.0
378.0
164.0
161.0
177.0
137.0
142.0
138.0
174.0
145.0
156.0
163.0
165.0
135.0
177.0
158.0
168.0
159.0
151.0
134.0
455.0
144.0
133.0
161.0
170.0
142.0
139.0
152.0
470.0
441.0
401.0
404.0
410.0
478.0
411.0
431.0
473.0
363.0
385.0
376.0
155.0
136.0
153.0
169.0
133.0
133.0
134.0
133.0
462.0
159.0
131.0
159.0
167.0
161.0
165.0
167.0
160.0
131.0
167.0
158.0
162.0
151.0
141.0
166.0
131.0
169.0
145.0
458.0
169.0
134.0
148.0
368.0
153.0
141.0
164.0
176.0
163.0
174.0
157.0
176.0
140.0
152.0
145.0
135.0
169.0
396.0
173.0
144.0
473.0
158.0
471.0
149.0
410.0
146.0
133.0
154.0
171.0
152.0
147.0
146.0
145.0
174.0
136.0
143.0
153.0
140.0
132.0
132.0
166.0
428.0
149.0
148.0
140.0
132.0
147.0
367.0
162.0
172.0
133.0
156.0
427.0
146.0
175.0
156.0
165.0
174.0
167.0
171.0
150.0
393.0
152.0
452.0
459.0
392.0
146.0
386.0
417.0
422.0
462.0
476.0
493.0
485.0
493.0
477.0
373.0
439.0
483.0
480.0
415.0
171.0
174.0
166.0
174.0
162.0
173.0
162.0
150.0
158.0
157.0
154.0
414.0
395.0
370.0
470.0
465.0
435.0
173.0
164.0
158.0
182.0
198.0
141.0
173.0
420.0
154.0
132.0
156.0
141.0
167.0
169.0
147.0
163.0
167.0
162.0
176.0
161.0
166.0
131.0
174.0
130.0
172.0
174.0
436.0
174.0
134.0
149.0
156.0
176.0
167.0
144.0
484.0
373.0
379.0
404.0
494.0
482.0
363.0
401.0
494.0
478.0
480.0
410.0
150.0
164.0
157.0
139.0
135.0
157.0
174.0
132.0
463.0
173.0
159.0
146.0
147.0
163.0
140.0
141.0
164.0
168.0
136.0
141.0
174.0
145.0
153.0
167.0
146.0
156.0
153.0
417.0
152.0
157.0
151.0
491.0
135.0
166.0
177.0
130.0
155.0
166.0
150.0
135.0
158.0
163.0
141.0
132.0
135.0
436.0
177.0
172.0
453.0
134.0
436.0
156.0
377.0
167.0
173.0
134.0
144.0
158.0
141.0
143.0
131.0
151.0
135.0
169.0
164.0
169.0
167.0
125.0
152.0
379.0
132.0
138.0
153.0
132.0
130.0
407.0
132.0
167.0
176.0
154.0
457.0
149.0
137.0
155.0
173.0
175.0
163.0
134.0
160.0
481.0
166.0
423.0
451.0
380.0
136.0
408.0
436.0
460.0
462.0
428.0
389.0
472.0
417.0
411.0
491.0
451.0
376.0
365.0
439.0
158.0
174.0
142.0
135.0
153.0
165.0
152.0
176.0
170.0
161.0
161.0
452.0
444.0
380.0
483.0
457.0
441.0
155.0
174.0
175.0
195.0
208.0
159.0
142.0
493.0
142.0
165.0
140.0
170.0
164.0
136.0
149.0
169.0
173.0
139.0
148.0
171.0
130.0
142.0
144.0
168.0
138.0
148.0
494.0
172.0
132.0
160.0
168.0
162.0
142.0
160.0
443.0
409.0
371.0
401.0
445.0
401.0
424.0
474.0
393.0
393.0
410.0
433.0
161.0
156.0
155.0
164.0
147.0
152.0
160.0
132.0
411.0
132.0
152.0
140.0
133.0
151.0
131.0
145.0
137.0
168.0
145.0
165.0
157.0
161.0
134.0
138.0
145.0
161.0
145.0
419.0
175.0
145.0
168.0
446.0
136.0
163.0
177.0
149.0
148.0
149.0
154.0
175.0
143.0
148.0
161.0
135.0
147.0
406.0
153.0
177.0
443.0
162.0
489.0
151.0
428.0
145.0
174.0
164.0
135.0
175.0
159.0
133.0
153.0
145.0
152.0
130.0
146.0
170.0
146.0
134.0
153.0
428.0
166.0
161.0
130.0
168.0
177.0
454.0
158.0
153.0
131.0
162.0
480.0
168.0
167.0
157.0
167.0
132.0
149.0
166.0
160.0
429.0
168.0
476.0
387.0
442.0
148.0
372.0
459.0
453.0
438.0
481.0
429.0
365.0
379.0
377.0
416.0
396.0
486.0
485.0
469.0
151.0
152.0
134.0
164.0
145.0
175.0
138.0
165.0
146.0
145.0
142.0
437.0
483.0
385.0
369.0
471.0
431.0
153.0
163.0
169.0
199.0
196.0
140.0
139.0
406.0
170.0
136.0
153.0
135.0
148.0
165.0
157.0
177.0
135.0
140.0
176.0
153.0
146.0
138.0
164.0
134.0
165.0
170.0
400.0
160.0
130.0
162.0
167.0
175.0
162.0
175.0
413.0
426.0
417.0
364.0
428.0
428.0
373.0
379.0
435.0
369.0
465.0
459.0
136.0
168.0
168.0
132.0
170.0
152.0
161.0
134.0
393.0
140.0
136.0
158.0
154.0
159.0
164.0
143.0
139.0
132.0
133.0
160.0
156.0
173.0
141.0
139.0
137.0
130.0
170.0
454.0
143.0
154.0
144.0
462.0
155.0
136.0
136.0
138.0
176.0
174.0
160.0
160.0
139.0
147.0
150.0
156.0
153.0
368.0
131.0
152.0
374.0
168.0
365.0
132.0
371.0
143.0
163.0
163.0
141.0
147.0
144.0
144.0
130.0
152.0
131.0
161.0
168.0
149.0
158.0
132.0
161.0
455.0
136.0
147.0
133.0
159.0
142.0
432.0
135.0
170.0
135.0
164.0
434.0
166.0
150.0
159.0
143.0
144.0
174.0
137.0
157.0
468.0
171.0
492.0
461.0
377.0
177.0
476.0
381.0
489.0
460.0
475.0
487.0
421.0
413.0
414.0
488.0
369.0
382.0
448.0
375.0
154.0
165.0
170.0
170.0
162.0
167.0
154.0
152.0
165.0
130.0
156.0
449.0
482.0
419.0
481.0
420.0
408.0
154.0
133.0
176.0
186.0
169.0
161.0
169.0
401.0
133.0
176.0
166.0
148.0
156.0
132.0
136.0
161.0
153.0
169.0
163.0
137.0
148.0
144.0
173.0
141.0
131.0
170.0
412.0
143.0
146.0
134.0
133.0
159.0
138.0
173.0
397.0
415.0
419.0
443.0
417.0
432.0
430.0
395.0
421.0
462.0
382.0
439.0
133.0
163.0
169.0
147.0
143.0
144.0
152.0
162.0
371.0
173.0
145.0
163.0
164.0
139.0
168.0
132.0
170.0
153.0
136.0
157.0
153.0
138.0
165.0
143.0
113.0
140.0
169.0
466.0
132.0
142.0
170.0
409.0
177.0
154.0
143.0
155.0
153.0
147.0
148.0
132.0
162.0
174.0
157.0
133.0
172.0
395.0
170.0
152.0
407.0
145.0
381.0
153.0
489.0
143.0
156.0
169.0
151.0
172.0
134.0
146.0
176.0
161.0
134.0
153.0
152.0
132.0
162.0
134.0
131.0
424.0
162.0
142.0
131.0
145.0
130.0
485.0
152.0
131.0
155.0
169.0
447.0
172.0
168.0
176.0
170.0
140.0
131.0
160.0
174.0
383.0
150.0
426.0
370.0
366.0
173.0
460.0
454.0
374.0
389.0
400.0
442.0
383.0
415.0
378.0
366.0
428.0
432.0
472.0
438.0
166.0
138.0
132.0
154.0
133.0
162.0
173.0
152.0
143.0
143.0
175.0
436.0
418.0
404.0
389.0
455.0
418.0
136.0
137.0
156.0
197.0
183.0
176.0
135.0
382.0
134.0
140.0
146.0
176.0
170.0
159.0
130.0
130.0
148.0
140.0
157.0
154.0
151.0
146.0
143.0
143.0
160.0
157.0
390.0
152.0
156.0
160.0
136.0
154.0
153.0
164.0
478.0
427.0
388.0
486.0
457.0
486.0
369.0
425.0
448.0
365.0
462.0
381.0
150.0
140.0
146.0
138.0
150.0
143.0
134.0
141.0
391.0
132.0
161.0
152.0
168.0
140.0
157.0
162.0
154.0
141.0
171.0
132.0
158.0
135.0
149.0
136.0
114.0
151.0
151.0
473.0
162.0
144.0
133.0
465.0
152.0
152.0
171.0
137.0
168.0
153.0
132.0
176.0
162.0
143.0
150.0
152.0
153.0
397.0
154.0
161.0
366.0
154.0
405.0
177.0
470.0
134.0
155.0
172.0
150.0
165.0
154.0
173.0
153.0
155.0
131.0
139.0
177.0
137.0
159.0
134.0
167.0
491.0
143.0
141.0
168.0
132.0
156.0
479.0
165.0
158.0
148.0
130.0
382.0
168.0
147.0
144.0
133.0
171.0
131.0
154.0
169.0
443.0
160.0
453.0
427.0
384.0
141.0
491.0
378.0
431.0
391.0
422.0
476.0
489.0
439.0
415.0
442.0
432.0
432.0
391.0
427.0
143.0
143.0
170.0
164.0
171.0
133.0
147.0
148.0
159.0
165.0
177.0
396.0
398.0
438.0
369.0
458.0
363.0
177.0
142.0
150.0
177.0
176.0
147.0
137.0
456.0
158.0
150.0
132.0
160.0
162.0
166.0
147.0
132.0
150.0
166.0
137.0
146.0
138.0
164.0
155.0
170.0
175.0
158.0
463.0
130.0
158.0
159.0
175.0
172.0
146.0
150.0
387.0
367.0
408.0
475.0
439.0
385.0
373.0
408.0
405.0
456.0
423.0
404.0
168.0
130.0
152.0
146.0
155.0
150.0
147.0
170.0
376.0
135.0
160.0
158.0
161.0
169.0
158.0
141.0
168.0
148.0
142.0
163.0
149.0
142.0
152.0
139.0
151.0
160.0
175.0
368.0
172.0
135.0
156.0
460.0
141.0
143.0
155.0
172.0
171.0
156.0
144.0
165.0
163.0
159.0
154.0
170.0
162.0
382.0
146.0
166.0
364.0
144.0
467.0
173.0
366.0
160.0
173.0
131.0
141.0
150.0
158.0
168.0
166.0
173.0
132.0
165.0
137.0
160.0
149.0
116.0
136.0
368.0
170.0
159.0
134.0
173.0
144.0
432.0
132.0
148.0
156.0
161.0
420.0
156.0
142.0
131.0
136.0
174.0
158.0
131.0
157.0
429.0
169.0
371.0
434.0
438.0
158.0
422.0
411.0
387.0
452.0
452.0
426.0
455.0
392.0
434.0
413.0
438.0
470.0
456.0
468.0
162.0
132.0
159.0
146.0
158.0
148.0
171.0
132.0
164.0
144.0
156.0
427.0
382.0
389.0
363.0
442.0
440.0
154.0
133.0
136.0
153.0
206.0
177.0
150.0
437.0
135.0
132.0
135.0
165.0
135.0
134.0
166.0
155.0
176.0
143.0
154.0
145.0
150.0
168.0
151.0
137.0
174.0
144.0
378.0
158.0
136.0
140.0
144.0
134.0
130.0
158.0
400.0
477.0
363.0
463.0
487.0
429.0
477.0
481.0
430.0
488.0
459.0
439.0
169.0
149.0
173.0
172.0
148.0
153.0
146.0
145.0
452.0
152.0
158.0
175.0
144.0
166.0
130.0
147.0
135.0
158.0
146.0
149.0
149.0
165.0
167.0
163.0
139.0
172.0
161.0
446.0
155.0
159.0
164.0
369.0
132.0
153.0
131.0
171.0
141.0
153.0
177.0
165.0
163.0
168.0
167.0
170.0
163.0
469.0
149.0
172.0
459.0
157.0
480.0
174.0
364.0
159.0
167.0
137.0
132.0
141.0
160.0
144.0
137.0
168.0
173.0
171.0
170.0
142.0
142.0
137.0
145.0
372.0
142.0
172.0
151.0
167.0
157.0
448.0
132.0
170.0
138.0
158.0
402.0
139.0
149.0
147.0
160.0
134.0
134.0
168.0
151.0
481.0
131.0
370.0
411.0
474.0
132.0
454.0
377.0
382.0
419.0
363.0
366.0
470.0
386.0
449.0
470.0
377.0
456.0
486.0
393.0
157.0
161.0
145.0
155.0
170.0
136.0
140.0
133.0
176.0
153.0
141.0
412.0
451.0
414.0
479.0
426.0
363.0
169.0
176.0
149.0
167.0
178.0
136.0
132.0
488.0
137.0
167.0
174.0
146.0
167.0
175.0
153.0
176.0
169.0
158.0
170.0
177.0
174.0
136.0
151.0
131.0
166.0
163.0
442.0
154.0
162.0
138.0
139.0
135.0
143.0
166.0
375.0
363.0
429.0
494.0
435.0
486.0
369.0
420.0
397.0
425.0
419.0
393.0
155.0
174.0
150.0
146.0
158.0
159.0
154.0
145.0
423.0
158.0
163.0
163.0
145.0
135.0
153.0
152.0
168.0
142.0
162.0
142.0
153.0
162.0
132.0
133.0
122.0
137.0
150.0
478.0
166.0
158.0
150.0
386.0
164.0
172.0
138.0
153.0
137.0
131.0
152.0
151.0
153.0
141.0
147.0
162.0
145.0
445.0
134.0
131.0
402.0
150.0
482.0
153.0
371.0
140.0
138.0
130.0
164.0
154.0
159.0
135.0
133.0
158.0
173.0
169.0
142.0
153.0
169.0
137.0
132.0
421.0
158.0
134.0
164.0
149.0
137.0
447.0
135.0
145.0
163.0
155.0
437.0
135.0
151.0
132.0
154.0
167.0
158.0
145.0
148.0
384.0
173.0
440.0
447.0
463.0
152.0
424.0
396.0
404.0
422.0
451.0
392.0
453.0
482.0
438.0
413.0
375.0
373.0
475.0
378.0
139.0
159.0
166.0
154.0
133.0
163.0
158.0
131.0
155.0
174.0
177.0
461.0
378.0
463.0
468.0
477.0
424.0
146.0
141.0
176.0
