I_BRKGA_178_6_25_6_CESP
178 6 25 495.0
60608.5
60602.5
60396.5
60623.5
63025.5
63259.5
56920.5
60872.5
57904.5
59434.5
57495.5
59006.5
57026.5
59762.5
55816.5
56371.5
57604.5
58136.5
56784.5
63274.5
62056.5
59275.5
60896.5
58294.5
59048.5
0.04632111392101948
0.037989205009663365
0.04227186201339194
0.03882610449782918
0.04196575024825743
0.03241924791653286
0.04359367185931928
0.03796735476111517
0.04109007677206621
0.03256829833891403
0.044502468943669306
0.03989853488481173
0.04729713395558848
0.03609132029197828
0.04264726198049162
0.03577766218459073
0.04177884148165
0.03242177417643064
0.04121962194909199
0.038224734444246095
0.040533661663354675
0.03819704704376552
0.04368003232850698
0.03209879597373825
0.05061842335997668
110.0
122.0
129.0
123.0
129.0
112.0
2557.0
22.0
1261.0
1300.0
67.0
529.0
476.0
1260.0
34.0
508.0
120.0
183.0
46.0
342.0
266.0
400.0
58.0
320.0
233.0
479.0
208.0
1121.0
163.0
325.0
435.0
1351.0
2496.0
1012.0
1050.0
12.0
231.0
514.0
294.0
70.0
249.0
79.0
290.0
14.0
10.0
10.0
12.0
13.0
11.0
13.0
99.0
14.0
11.0
12.0
29.0
356.0
170.0
791.0
1264.0
600.0
343.0
1183.0
299.0
148.0
854.0
5314.0
5570.0
125.0
169.0
315.0
49.0
27.0
175.0
208.0
186.0
519.0
26.0
79.0
67.0
25.0
126.0
29.0
32.0
20.0
116.0
170.0
904.0
52.0
126.0
66.0
45.0
154.0
214.0
314.0
141.0
163.0
70.0
838.0
167.0
147.0
731.0
36.0
66.0
205.0
97.0
14.0
325.0
117.0
20.0
26.0
30.0
8.0
69.0
272.0
111.0
74.0
85.0
55.0
40.0
81.0
150.0
46.0
26.0
58.0
159.0
111.0
79.0
126.0
45.0
63.0
7.0
1583.0
56.0
115.0
54.0
45.0
657.0
826.0
112.0
1382.0
1078.0
26.0
116.0
114.0
261.0
6493.0
215.0
101.0
163.0
299.0
30.0
284.0
29.0
119.0
252.0
80.0
139.0
770.0
121.0
144.0
444.0
321.0
222.0
67.0
1179.0
132.0
127.0
67.0
87.0
116.0
18.0
268.0
191.0
349.0
167.0
37.0
67.0
51.0
193.0
231.0
296.0
194.0
838.0
1308.0
492.0
1239.0
36.0
506.0
113.0
186.0
44.0
321.0
269.0
380.0
58.0
291.0
216.0
476.0
205.0
1044.0
165.0
339.0
442.0
1316.0
2718.0
1049.0
960.0
13.0
220.0
524.0
282.0
71.0
239.0
82.0
293.0
14.0
10.0
10.0
12.0
14.0
12.0
14.0
98.0
13.0
12.0
12.0
29.0
369.0
172.0
802.0
1256.0
587.0
362.0
1099.0
274.0
147.0
803.0
5015.0
5507.0
122.0
164.0
328.0
50.0
29.0
188.0
217.0
191.0
501.0
26.0
78.0
63.0
25.0
120.0
27.0
31.0
19.0
111.0
168.0
871.0
50.0
119.0
62.0
42.0
160.0
201.0
316.0
145.0
176.0
71.0
808.0
159.0
139.0
734.0
35.0
61.0
210.0
94.0
13.0
322.0
127.0
20.0
25.0
30.0
8.0
73.0
268.0
110.0
68.0
89.0
59.0
38.0
88.0
152.0
47.0
27.0
53.0
156.0
107.0
85.0
136.0
45.0
66.0
7.0
1613.0
57.0
113.0
57.0
48.0
652.0
852.0
117.0
1305.0
1083.0
26.0
117.0
110.0
275.0
6813.0
209.0
98.0
167.0
295.0
31.0
279.0
28.0
129.0
255.0
81.0
133.0
771.0
116.0
144.0
427.0
329.0
225.0
64.0
1199.0
134.0
123.0
68.0
89.0
121.0
20.0
262.0
194.0
349.0
165.0
36.0
65.0
49.0
192.0
218.0
292.0
204.0
845.0
1251.0
468.0
1279.0
36.0
549.0
116.0
193.0
45.0
330.0
265.0
366.0
58.0
306.0
217.0
466.0
200.0
1064.0
162.0
341.0
426.0
1397.0
2703.0
1004.0
976.0
12.0
227.0
510.0
269.0
74.0
249.0
76.0
290.0
14.0
9.0
9.0
11.0
14.0
12.0
13.0
99.0
14.0
12.0
12.0
27.0
370.0
159.0
823.0
1333.0
580.0
347.0
1183.0
277.0
156.0
790.0
5311.0
5940.0
126.0
159.0
336.0
51.0
27.0
189.0
219.0
181.0
533.0
26.0
77.0
63.0
27.0
121.0
28.0
30.0
20.0
108.0
169.0
870.0
48.0
126.0
64.0
45.0
155.0
217.0
341.0
140.0
162.0
71.0
826.0
158.0
148.0
730.0
38.0
62.0
202.0
98.0
13.0
353.0
129.0
21.0
26.0
30.0
8.0
75.0
275.0
108.0
69.0
87.0
58.0
38.0
82.0
148.0
49.0
26.0
53.0
160.0
102.0
85.0
133.0
47.0
63.0
7.0
1575.0
54.0
112.0
58.0
45.0
603.0
837.0
118.0
1438.0
1055.0
24.0
119.0
118.0
269.0
6648.0
212.0
101.0
159.0
274.0
31.0
278.0
28.0
128.0
243.0
75.0
135.0
792.0
118.0
152.0
454.0
318.0
220.0
69.0
1242.0
127.0
116.0
69.0
86.0
112.0
18.0
269.0
197.0
358.0
160.0
39.0
67.0
52.0
202.0
223.0
305.0
204.0
872.0
1252.0
508.0
1272.0
33.0
509.0
110.0
178.0
44.0
337.0
265.0
392.0
60.0
294.0
215.0
482.0
202.0
1104.0
157.0
333.0
419.0
1321.0
2517.0
1068.0
1003.0
13.0
215.0
539.0
273.0
73.0
231.0
82.0
279.0
14.0
10.0
10.0
12.0
14.0
12.0
14.0
95.0
14.0
12.0
12.0
28.0
367.0
164.0
793.0
1368.0
563.0
353.0
1186.0
282.0
154.0
790.0
5131.0
5995.0
130.0
165.0
320.0
51.0
29.0
184.0
216.0
187.0
508.0
27.0
79.0
66.0
25.0
120.0
29.0
30.0
20.0
118.0
163.0
841.0
49.0
124.0
65.0
43.0
157.0
210.0
340.0
153.0
164.0
71.0
811.0
164.0
143.0
758.0
36.0
66.0
215.0
95.0
13.0
350.0
120.0
20.0
26.0
31.0
8.0
74.0
260.0
102.0
72.0
87.0
58.0
39.0
85.0
142.0
45.0
27.0
57.0
164.0
109.0
80.0
139.0
47.0
65.0
7.0
1508.0
58.0
115.0
59.0
47.0
645.0
861.0
123.0
1330.0
1097.0
26.0
123.0
115.0
254.0
6625.0
215.0
95.0
163.0
299.0
31.0
288.0
28.0
118.0
255.0
77.0
138.0
826.0
118.0
145.0
452.0
323.0
211.0
69.0
1180.0
124.0
118.0
67.0
90.0
117.0
19.0
248.0
202.0
374.0
161.0
38.0
71.0
51.0
190.0
225.0
304.0
206.0
868.0
1317.0
508.0
1323.0
34.0
527.0
109.0
190.0
45.0
340.0
251.0
373.0
61.0
315.0
226.0
489.0
209.0
1034.0
171.0
340.0
408.0
1391.0
2554.0
1059.0
1040.0
13.0
226.0
513.0
295.0
74.0
231.0
76.0
300.0
13.0
10.0
9.0
12.0
13.0
11.0
14.0
99.0
13.0
12.0
11.0
27.0
358.0
165.0
786.0
1302.0
548.0
332.0
1096.0
295.0
149.0
812.0
5374.0
5985.0
120.0
165.0
325.0
48.0
28.0
184.0
205.0
184.0
505.0
28.0
73.0
63.0
26.0
123.0
27.0
31.0
20.0
112.0
162.0
900.0
52.0
118.0
61.0
45.0
152.0
206.0
319.0
145.0
173.0
71.0
870.0
164.0
151.0
770.0
37.0
60.0
215.0
98.0
14.0
335.0
129.0
19.0
26.0
30.0
8.0
75.0
252.0
109.0
73.0
91.0
57.0
41.0
88.0
141.0
49.0
25.0
56.0
164.0
109.0
79.0
130.0
46.0
61.0
7.0
1502.0
58.0
119.0
55.0
48.0
645.0
842.0
119.0
1368.0
1053.0
25.0
112.0
113.0
261.0
6783.0
203.0
101.0
166.0
294.0
33.0
276.0
28.0
124.0
253.0
79.0
128.0
799.0
113.0
153.0
437.0
315.0
220.0
67.0
1239.0
125.0
124.0
67.0
90.0
112.0
20.0
269.0
190.0
346.0
165.0
37.0
68.0
52.0
200.0
234.0
312.0
203.0
857.0
1210.0
515.0
1311.0
34.0
546.0
119.0
185.0
47.0
338.0
244.0
370.0
57.0
312.0
217.0
482.0
212.0
1069.0
169.0
349.0
442.0
1375.0
2544.0
1069.0
954.0
13.0
220.0
536.0
278.0
71.0
244.0
81.0
287.0
14.0
10.0
10.0
12.0
14.0
11.0
14.0
100.0
14.0
11.0
12.0
27.0
353.0
173.0
801.0
1314.0
586.0
332.0
1142.0
274.0
145.0
876.0
5093.0
5573.0
120.0
170.0
305.0
48.0
28.0
179.0
219.0
193.0
504.0
26.0
73.0
63.0
27.0
116.0
29.0
32.0
20.0
112.0
169.0
847.0
52.0
131.0
64.0
45.0
160.0
217.0
330.0
142.0
159.0
76.0
864.0
153.0
148.0
736.0
37.0
66.0
197.0
94.0
13.0
350.0
123.0
20.0
26.0
30.0
8.0
73.0
255.0
109.0
73.0
88.0
57.0
40.0
81.0
142.0
46.0
25.0
56.0
150.0
109.0
79.0
138.0
47.0
64.0
7.0
1632.0
54.0
116.0
57.0
47.0
630.0
815.0
119.0
1377.0
1137.0
24.0
119.0
113.0
264.0
6726.0
201.0
94.0
154.0
272.0
31.0
262.0
28.0
125.0
253.0
81.0
137.0
814.0
122.0
147.0
441.0
322.0
218.0
66.0
1184.0
133.0
118.0
69.0
91.0
120.0
20.0
250.0
207.0
356.0
171.0
37.0
65.0
50.0
202.0
221.0
292.0
205.0
837.0
1222.0
475.0
1332.0
36.0
553.0
110.0
189.0
47.0
334.0
270.0
378.0
56.0
289.0
227.0
485.0
202.0
1057.0
156.0
342.0
440.0
1346.0
2735.0
1094.0
996.0
13.0
228.0
509.0
292.0
72.0
230.0
80.0
276.0
14.0
10.0
10.0
12.0
14.0
11.0
14.0
93.0
13.0
12.0
11.0
27.0
375.0
163.0
786.0
1292.0
579.0
334.0
1183.0
274.0
158.0
870.0
5416.0
5959.0
125.0
163.0
315.0
49.0
28.0
184.0
222.0
179.0
528.0
28.0
72.0
61.0
27.0
126.0
28.0
33.0
19.0
119.0
173.0
829.0
50.0
120.0
62.0
45.0
155.0
219.0
314.0
140.0
168.0
76.0
882.0
162.0
152.0
768.0
35.0
64.0
213.0
94.0
14.0
349.0
129.0
20.0
24.0
30.0
8.0
76.0
262.0
102.0
70.0
84.0
57.0
37.0
87.0
154.0
46.0
26.0
55.0
153.0
104.0
86.0
134.0
48.0
61.0
7.0
1582.0
55.0
117.0
57.0
45.0
629.0
811.0
121.0
1441.0
1052.0
25.0
113.0
115.0
254.0
6741.0
216.0
96.0
156.0
289.0
30.0
264.0
29.0
130.0
251.0
77.0
136.0
769.0
114.0
152.0
457.0
320.0
223.0
65.0
1248.0
128.0
120.0
68.0
89.0
113.0
20.0
250.0
192.0
340.0
169.0
38.0
65.0
53.0
195.0
235.0
295.0
203.0
830.0
1305.0
487.0
1289.0
34.0
530.0
111.0
175.0
44.0
327.0
248.0
383.0
56.0
302.0
231.0
490.0
203.0
1078.0
157.0
351.0
410.0
1353.0
2632.0
1052.0
955.0
12.0
211.0
556.0
267.0
75.0
252.0
75.0
289.0
14.0
10.0
10.0
12.0
14.0
12.0
14.0
100.0
14.0
11.0
12.0
29.0
367.0
160.0
776.0
1373.0
543.0
336.0
1155.0
297.0
149.0
815.0
5030.0
5924.0
125.0
161.0
332.0
47.0
29.0
191.0
221.0
192.0
531.0
26.0
73.0
66.0
25.0
121.0
27.0
31.0
19.0
113.0
172.0
871.0
49.0
120.0
67.0
45.0
159.0
220.0
335.0
150.0
171.0
71.0
810.0
162.0
145.0
781.0
37.0
60.0
213.0
93.0
14.0
325.0
129.0
21.0
24.0
32.0
8.0
70.0
255.0
104.0
71.0
84.0
56.0
41.0
87.0
147.0
46.0
25.0
54.0
161.0
110.0
86.0
138.0
46.0
67.0
7.0
1550.0
56.0
112.0
57.0
45.0
662.0
869.0
118.0
1348.0
1114.0
26.0
114.0
118.0
261.0
6249.0
216.0
95.0
165.0
283.0
32.0
269.0
28.0
122.0
247.0
82.0
141.0
825.0
112.0
150.0
421.0
310.0
213.0
70.0
1221.0
124.0
121.0
69.0
93.0
122.0
19.0
263.0
187.0
368.0
166.0
39.0
66.0
53.0
197.0
220.0
308.0
189.0
899.0
1317.0
516.0
1261.0
36.0
545.0
117.0
175.0
47.0
323.0
244.0
393.0
60.0
298.0
218.0
482.0
210.0
1105.0
167.0
332.0
416.0
1350.0
2701.0
1096.0
971.0
12.0
223.0
511.0
278.0
76.0
246.0
77.0
286.0
14.0
10.0
10.0
12.0
14.0
12.0
14.0
98.0
14.0
12.0
12.0
29.0
368.0
169.0
826.0
1306.0
566.0
345.0
1163.0
280.0
146.0
825.0
5429.0
5869.0
124.0
165.0
324.0
51.0
29.0
183.0
207.0
182.0
522.0
26.0
72.0
66.0
27.0
126.0
27.0
30.0
20.0
115.0
164.0
851.0
51.0
121.0
62.0
45.0
163.0
207.0
331.0
148.0
175.0
70.0
865.0
161.0
139.0
770.0
38.0
65.0
201.0
98.0
14.0
356.0
124.0
21.0
24.0
31.0
8.0
74.0
275.0
105.0
68.0
82.0
55.0
40.0
81.0
142.0
49.0
26.0
54.0
151.0
108.0
81.0
135.0
46.0
61.0
7.0
1585.0
57.0
108.0
58.0
45.0
654.0
873.0
116.0
1320.0
1081.0
25.0
120.0
110.0
274.0
6418.0
208.0
98.0
152.0
276.0
31.0
261.0
28.0
126.0
250.0
80.0
128.0
833.0
122.0
156.0
444.0
325.0
225.0
69.0
1187.0
134.0
125.0
73.0
92.0
114.0
19.0
258.0
188.0
366.0
160.0
37.0
64.0
50.0
203.0
223.0
321.0
197.0
865.0
1226.0
493.0
1234.0
35.0
525.0
115.0
187.0
44.0
329.0
259.0
396.0
57.0
299.0
224.0
468.0
200.0
1046.0
158.0
343.0
405.0
1284.0
2593.0
1105.0
982.0
13.0
222.0
504.0
279.0
72.0
253.0
75.0
278.0
14.0
10.0
10.0
11.0
13.0
11.0
13.0
94.0
13.0
11.0
11.0
29.0
356.0
160.0
804.0
1314.0
559.0
357.0
1155.0
296.0
153.0
808.0
5070.0
5743.0
131.0
159.0
314.0
51.0
29.0
177.0
224.0
185.0
490.0
27.0
76.0
65.0
25.0
128.0
28.0
30.0
19.0
116.0
175.0
845.0
52.0
119.0
62.0
44.0
161.0
201.0
332.0
146.0
167.0
73.0
804.0
164.0
153.0
773.0
36.0
61.0
206.0
94.0
14.0
343.0
118.0
20.0
26.0
30.0
8.0
74.0
253.0
107.0
69.0
83.0
57.0
38.0
82.0
146.0
47.0
26.0
57.0
149.0
109.0
80.0
126.0
46.0
61.0
7.0
1517.0
58.0
113.0
56.0
45.0
646.0
812.0
114.0
1342.0
1087.0
25.0
121.0
110.0
254.0
6818.0
203.0
96.0
163.0
299.0
33.0
278.0
29.0
121.0
252.0
81.0
136.0
763.0
121.0
158.0
444.0
321.0
225.0
66.0
1165.0
122.0
115.0
70.0
87.0
119.0
20.0
261.0
204.0
347.0
173.0
36.0
70.0
53.0
187.0
225.0
295.0
203.0
852.0
1270.0
515.0
1235.0
35.0
553.0
109.0
189.0
47.0
347.0
261.0
387.0
58.0
291.0
213.0
461.0
216.0
1047.0
162.0
353.0
448.0
1282.0
2559.0
1103.0
1046.0
13.0
220.0
506.0
267.0
73.0
236.0
79.0
287.0
13.0
10.0
10.0
12.0
14.0
12.0
14.0
91.0
14.0
11.0
11.0
28.0
347.0
166.0
809.0
1293.0
572.0
358.0
1103.0
282.0
158.0
791.0
5325.0
5859.0
128.0
166.0
322.0
47.0
27.0
176.0
221.0
183.0
532.0
27.0
78.0
64.0
26.0
122.0
29.0
32.0
20.0
115.0
167.0
822.0
49.0
127.0
63.0
42.0
162.0
219.0
326.0
146.0
172.0
72.0
867.0
157.0
147.0
742.0
37.0
61.0
213.0
96.0
14.0
338.0
128.0
20.0
26.0
30.0
8.0
69.0
269.0
113.0
67.0
91.0
58.0
38.0
85.0
140.0
47.0
27.0
53.0
156.0
103.0
82.0
127.0
45.0
62.0
7.0
1557.0
54.0
108.0
56.0
44.0
600.0
841.0
120.0
1414.0
1120.0
24.0
117.0
119.0
271.0
6697.0
209.0
93.0
163.0
297.0
33.0
263.0
30.0
128.0
235.0
83.0
132.0
771.0
124.0
148.0
432.0
323.0
222.0
69.0
1288.0
131.0
122.0
66.0
87.0
115.0
20.0
256.0
187.0
348.0
170.0
36.0
66.0
49.0
189.0
230.0
304.0
195.0
819.0
1286.0
492.0
1330.0
34.0
541.0
117.0
187.0
45.0
349.0
259.0
392.0
58.0
291.0
219.0
495.0
209.0
1133.0
165.0
352.0
418.0
1366.0
2585.0
1103.0
1046.0
13.0
215.0
554.0
271.0
75.0
233.0
77.0
284.0
14.0
10.0
10.0
12.0
14.0
12.0
14.0
98.0
14.0
12.0
11.0
27.0
338.0
157.0
785.0
1383.0
596.0
351.0
1083.0
274.0
153.0
848.0
5428.0
5865.0
121.0
162.0
326.0
51.0
29.0
190.0
205.0
182.0
503.0
27.0
73.0
62.0
26.0
118.0
29.0
30.0
18.0
112.0
176.0
861.0
51.0
119.0
64.0
42.0
156.0
203.0
328.0
148.0
173.0
75.0
872.0
165.0
144.0
732.0
35.0
66.0
210.0
96.0
13.0
352.0
128.0
21.0
26.0
30.0
8.0
74.0
270.0
112.0
73.0
83.0
58.0
41.0
87.0
149.0
46.0
27.0
53.0
161.0
110.0
85.0
138.0
46.0
62.0
7.0
1654.0
57.0
117.0
57.0
46.0
640.0
797.0
121.0
1411.0
1085.0
26.0
120.0
112.0
257.0
6586.0
214.0
100.0
151.0
291.0
31.0
286.0
28.0
128.0
241.0
78.0
141.0
825.0
118.0
146.0
446.0
297.0
218.0
65.0
1242.0
125.0
123.0
68.0
94.0
116.0
18.0
270.0
192.0
348.0
171.0
37.0
68.0
52.0
203.0
242.0
313.0
198.0
876.0
1235.0
471.0
1227.0
35.0
528.0
109.0
178.0
48.0
333.0
246.0
393.0
60.0
308.0
224.0
467.0
218.0
1049.0
170.0
322.0
408.0
1388.0
2712.0
1051.0
1004.0
13.0
211.0
515.0
271.0
72.0
237.0
77.0
294.0
13.0
9.0
10.0
12.0
14.0
11.0
14.0
99.0
13.0
11.0
12.0
28.0
349.0
170.0
810.0
1367.0
586.0
332.0
1168.0
289.0
149.0
851.0
5191.0
5727.0
119.0
163.0
320.0
47.0
27.0
181.0
206.0
195.0
492.0
27.0
75.0
63.0
26.0
124.0
27.0
31.0
19.0
108.0
177.0
903.0
49.0
129.0
63.0
46.0
155.0
206.0
338.0
146.0
163.0
75.0
841.0
162.0
140.0
783.0
38.0
63.0
196.0
96.0
14.0
333.0
123.0
21.0
24.0
32.0
8.0
69.0
262.0
103.0
74.0
89.0
54.0
41.0
82.0
149.0
48.0
27.0
54.0
151.0
109.0
82.0
132.0
47.0
65.0
7.0
1587.0
54.0
110.0
59.0
46.0
614.0
821.0
112.0
1326.0
1065.0
26.0
121.0
114.0
269.0
6779.0
196.0
95.0
153.0
274.0
31.0
264.0
30.0
130.0
256.0
81.0
130.0
809.0
117.0
148.0
433.0
300.0
213.0
65.0
1179.0
125.0
126.0
71.0
89.0
118.0
19.0
252.0
202.0
372.0
175.0
39.0
68.0
53.0
193.0
242.0
300.0
205.0
868.0
1295.0
512.0
1332.0
35.0
553.0
119.0
177.0
45.0
330.0
266.0
373.0
58.0
295.0
235.0
477.0
218.0
1031.0
171.0
337.0
420.0
1399.0
2558.0
1014.0
1000.0
13.0
229.0
513.0
277.0
74.0
230.0
76.0
302.0
14.0
10.0
10.0
12.0
13.0
12.0
13.0
97.0
14.0
12.0
12.0
29.0
357.0
156.0
781.0
1312.0
583.0
332.0
1183.0
275.0
146.0
807.0
5091.0
5507.0
131.0
169.0
326.0
48.0
29.0
182.0
222.0
184.0
492.0
26.0
77.0
63.0
26.0
121.0
28.0
32.0
20.0
117.0
162.0
886.0
53.0
122.0
62.0
46.0
153.0
215.0
337.0
148.0
169.0
74.0
863.0
160.0
142.0
778.0
37.0
61.0
210.0
97.0
13.0
355.0
126.0
20.0
24.0
31.0
8.0
70.0
272.0
103.0
72.0
83.0
58.0
39.0
81.0
152.0
49.0
26.0
57.0
155.0
101.0
79.0
132.0
45.0
62.0
7.0
1636.0
59.0
116.0
57.0
47.0
648.0
836.0
111.0
1422.0
1100.0
24.0
117.0
119.0
252.0
6251.0
202.0
93.0
167.0
278.0
31.0
286.0
27.0
129.0
244.0
81.0
131.0
756.0
123.0
159.0
446.0
325.0
213.0
69.0
1231.0
122.0
123.0
70.0
87.0
119.0
20.0
247.0
205.0
355.0
162.0
36.0
69.0
53.0
190.0
224.0
303.0
201.0
875.0
1208.0
472.0
1272.0
35.0
523.0
112.0
192.0
47.0
328.0
246.0
386.0
58.0
320.0
226.0
472.0
200.0
1103.0
163.0
326.0
449.0
1391.0
2516.0
1085.0
1023.0
12.0
222.0
505.0
290.0
72.0
239.0
82.0
275.0
13.0
10.0
10.0
11.0
14.0
12.0
13.0
93.0
14.0
11.0
12.0
27.0
374.0
165.0
819.0
1259.0
592.0
342.0
1128.0
292.0
148.0
824.0
5113.0
5673.0
129.0
165.0
322.0
48.0
28.0
181.0
212.0
193.0
485.0
28.0
76.0
64.0
26.0
122.0
29.0
31.0
19.0
117.0
171.0
881.0
52.0
126.0
63.0
46.0
159.0
205.0
336.0
144.0
174.0
72.0
861.0
153.0
140.0
747.0
35.0
63.0
207.0
93.0
14.0
344.0
127.0
21.0
26.0
30.0
8.0
69.0
275.0
104.0
69.0
90.0
59.0
41.0
83.0
146.0
49.0
27.0
53.0
154.0
105.0
84.0
134.0
48.0
65.0
7.0
1561.0
59.0
115.0
56.0
46.0
598.0
827.0
117.0
1378.0
1080.0
24.0
119.0
119.0
262.0
6467.0
210.0
98.0
160.0
291.0
33.0
273.0
28.0
127.0
238.0
79.0
131.0
817.0
115.0
146.0
456.0
317.0
225.0
70.0
1240.0
132.0
125.0
67.0
86.0
121.0
19.0
271.0
207.0
339.0
162.0
38.0
66.0
53.0
197.0
237.0
293.0
197.0
811.0
1313.0
469.0
1300.0
33.0
534.0
115.0
182.0
48.0
350.0
245.0
364.0
56.0
296.0
218.0
496.0
215.0
1083.0
166.0
347.0
430.0
1387.0
2577.0
1103.0
956.0
13.0
211.0
560.0
278.0
69.0
233.0
78.0
294.0
14.0
10.0
10.0
12.0
13.0
12.0
14.0
99.0
13.0
12.0
11.0
27.0
351.0
163.0
827.0
1318.0
550.0
361.0
1189.0
289.0
155.0
820.0
5480.0
5637.0
120.0
161.0
317.0
51.0
29.0
183.0
206.0
191.0
527.0
27.0
79.0
62.0
25.0
127.0
29.0
31.0
20.0
118.0
176.0
843.0
48.0
120.0
63.0
44.0
160.0
203.0
316.0
150.0
171.0
73.0
848.0
159.0
145.0
727.0
38.0
61.0
202.0
97.0
14.0
342.0
117.0
21.0
26.0
29.0
8.0
73.0
253.0
107.0
72.0
88.0
55.0
39.0
89.0
144.0
45.0
25.0
56.0
162.0
105.0
79.0
127.0
45.0
61.0
7.0
1651.0
56.0
112.0
55.0
47.0
657.0
792.0
115.0
1353.0
1070.0
26.0
117.0
118.0
255.0
6840.0
216.0
101.0
164.0
280.0
30.0
283.0
29.0
129.0
243.0
81.0
140.0
830.0
120.0
148.0
439.0
317.0
215.0
68.0
1258.0
123.0
122.0
70.0
89.0
112.0
19.0
251.0
187.0
345.0
175.0
39.0
66.0
53.0
187.0
222.0
295.0
194.0
900.0
1298.0
499.0
1346.0
36.0
557.0
114.0
180.0
46.0
332.0
262.0
369.0
56.0
305.0
219.0
489.0
201.0
1099.0
160.0
348.0
420.0
1314.0
2510.0
1069.0
967.0
12.0
221.0
529.0
288.0
76.0
245.0
81.0
276.0
14.0
10.0
10.0
12.0
14.0
12.0
13.0
97.0
13.0
12.0
12.0
28.0
338.0
158.0
844.0
1315.0
572.0
356.0
1121.0
287.0
149.0
803.0
5413.0
5573.0
122.0
157.0
334.0
51.0
28.0
192.0
212.0
190.0
517.0
27.0
79.0
65.0
26.0
125.0
27.0
33.0
20.0
115.0
175.0
821.0
48.0
123.0
64.0
46.0
158.0
204.0
337.0
155.0
175.0
74.0
800.0
161.0
153.0
769.0
37.0
60.0
197.0
95.0
14.0
326.0
119.0
20.0
26.0
29.0
8.0
72.0
277.0
110.0
68.0
83.0
58.0
39.0
82.0
151.0
49.0
26.0
56.0
161.0
106.0
87.0
130.0
46.0
63.0
7.0
1643.0
57.0
113.0
54.0
45.0
648.0
854.0
113.0
1385.0
1082.0
26.0
117.0
112.0
258.0
6223.0
197.0
101.0
162.0
280.0
33.0
281.0
29.0
120.0
243.0
77.0
135.0
813.0
119.0
157.0
447.0
308.0
210.0
69.0
1275.0
132.0
119.0
67.0
89.0
122.0
19.0
264.0
196.0
360.0
165.0
37.0
68.0
53.0
199.0
229.0
323.0
193.0
888.0
1287.0
514.0
1276.0
33.0
542.0
112.0
183.0
48.0
325.0
260.0
363.0
61.0
304.0
219.0
489.0
212.0
1083.0
163.0
325.0
437.0
1288.0
2502.0
1058.0
1000.0
12.0
214.0
559.0
286.0
70.0
246.0
76.0
291.0
14.0
10.0
10.0
12.0
13.0
12.0
13.0
99.0
13.0
11.0
12.0
27.0
339.0
163.0
807.0
1264.0
549.0
360.0
1096.0
283.0
145.0
837.0
4985.0
5888.0
131.0
168.0
307.0
48.0
28.0
177.0
221.0
191.0
500.0
27.0
76.0
64.0
26.0
116.0
29.0
33.0
20.0
116.0
168.0
832.0
49.0
128.0
61.0
45.0
152.0
210.0
312.0
152.0
161.0
73.0
852.0
153.0
152.0
728.0
35.0
62.0
215.0
96.0
14.0
354.0
127.0
20.0
25.0
30.0
8.0
74.0
269.0
103.0
69.0
84.0
56.0
38.0
85.0
147.0
46.0
27.0
53.0
158.0
102.0
86.0
129.0
46.0
61.0
7.0
1545.0
59.0
113.0
57.0
48.0
616.0
879.0
123.0
1398.0
1142.0
25.0
112.0
116.0
273.0
6463.0
195.0
97.0
167.0
272.0
31.0
267.0
30.0
121.0
248.0
83.0
133.0
772.0
113.0
157.0
454.0
325.0
220.0
71.0
1167.0
128.0
126.0
67.0
89.0
122.0
19.0
255.0
191.0
360.0
162.0
37.0
70.0
53.0
199.0
227.0
311.0
188.0
819.0
1245.0
495.0
1246.0
36.0
516.0
113.0
182.0
46.0
332.0
256.0
393.0
55.0
300.0
227.0
475.0
217.0
1067.0
156.0
325.0
439.0
1393.0
2620.0
1008.0
1036.0
13.0
213.0
560.0
275.0
73.0
254.0
78.0
299.0
13.0
10.0
10.0
12.0
13.0
12.0
13.0
98.0
14.0
12.0
11.0
27.0
375.0
170.0
825.0
1336.0
594.0
349.0
1103.0
278.0
154.0
857.0
5365.0
5490.0
127.0
166.0
324.0
49.0
29.0
193.0
219.0
188.0
518.0
26.0
79.0
67.0
26.0
119.0
29.0
31.0
19.0
116.0
175.0
841.0
52.0
118.0
66.0
43.0
153.0
214.0
342.0
150.0
164.0
76.0
817.0
163.0
146.0
791.0
37.0
65.0
195.0
94.0
13.0
328.0
129.0
20.0
25.0
30.0
8.0
70.0
256.0
104.0
68.0
86.0
57.0
40.0
84.0
147.0
49.0
25.0
54.0
154.0
103.0
82.0
134.0
47.0
62.0
7.0
1560.0
57.0
113.0
58.0
46.0
633.0
845.0
123.0
1346.0
1071.0
26.0
115.0
117.0
276.0
6692.0
202.0
94.0
164.0
291.0
31.0
288.0
29.0
121.0
252.0
82.0
133.0
788.0
116.0
155.0
462.0
321.0
224.0
71.0
1209.0
130.0
116.0
70.0
93.0
120.0
19.0
257.0
201.0
352.0
162.0
37.0
67.0
48.0
205.0
241.0
298.0
202.0
820.0
1235.0
509.0
1343.0
35.0
542.0
111.0
178.0
46.0
333.0
258.0
393.0
56.0
300.0
222.0
468.0
201.0
1133.0
165.0
337.0
445.0
1366.0
2545.0
1029.0
987.0
13.0
219.0
508.0
292.0
70.0
238.0
80.0
279.0
13.0
10.0
9.0
11.0
14.0
12.0
14.0
97.0
14.0
12.0
12.0
29.0
340.0
165.0
808.0
1258.0
597.0
330.0
1183.0
281.0
159.0
812.0
5097.0
5574.0
128.0
164.0
335.0
47.0
28.0
179.0
220.0
189.0
505.0
28.0
72.0
64.0
27.0
128.0
29.0
31.0
20.0
109.0
170.0
815.0
52.0
121.0
66.0
44.0
158.0
217.0
324.0
143.0
165.0
70.0
848.0
161.0
145.0
803.0
35.0
60.0
199.0
93.0
13.0
353.0
127.0
21.0
26.0
31.0
8.0
72.0
257.0
103.0
71.0
85.0
58.0
38.0
82.0
147.0
49.0
25.0
56.0
148.0
110.0
79.0
128.0
44.0
63.0
7.0
1569.0
54.0
113.0
59.0
45.0
658.0
816.0
113.0
1363.0
1117.0
24.0
113.0
115.0
276.0
6650.0
210.0
96.0
160.0
283.0
30.0
271.0
29.0
127.0
242.0
80.0
141.0
812.0
123.0
146.0
436.0
305.0
211.0
70.0
1231.0
128.0
121.0
71.0
87.0
117.0
20.0
260.0
192.0
349.0
174.0
38.0
65.0
52.0
202.0
219.0
318.0
202.0
881.0
1253.0
472.0
1338.0
35.0
513.0
115.0
189.0
45.0
345.0
251.0
379.0
61.0
311.0
222.0
504.0
219.0
1057.0
164.0
325.0
437.0
1314.0
2551.0
1110.0
1006.0
13.0
220.0
542.0
287.0
73.0
249.0
75.0
273.0
14.0
10.0
10.0
11.0
14.0
12.0
14.0
91.0
14.0
12.0
12.0
27.0
365.0
160.0
817.0
1382.0
590.0
358.0
1188.0
300.0
155.0
815.0
5070.0
5914.0
124.0
159.0
317.0
49.0
28.0
178.0
217.0
191.0
506.0
27.0
74.0
65.0
25.0
125.0
29.0
32.0
18.0
110.0
164.0
879.0
49.0
131.0
66.0
43.0
153.0
216.0
328.0
150.0
162.0
72.0
850.0
165.0
153.0
755.0
36.0
60.0
209.0
90.0
13.0
325.0
122.0
19.0
24.0
32.0
8.0
71.0
253.0
104.0
70.0
84.0
58.0
38.0
86.0
148.0
46.0
27.0
57.0
149.0
105.0
79.0
138.0
45.0
67.0
7.0
1622.0
59.0
114.0
55.0
44.0
658.0
854.0
117.0
1403.0
1066.0
25.0
120.0
119.0
256.0
6693.0
204.0
93.0
155.0
281.0
32.0
266.0
29.0
122.0
253.0
79.0
130.0
828.0
115.0
151.0
438.0
321.0
225.0
65.0
1286.0
122.0
115.0
71.0
85.0
117.0
19.0
262.0
200.0
342.0
165.0
38.0
70.0
52.0
201.0
237.0
316.0
195.0
816.0
1243.0
501.0
1301.0
33.0
559.0
116.0
183.0
45.0
345.0
255.0
367.0
60.0
295.0
225.0
482.0
202.0
1099.0
165.0
341.0
425.0
1270.0
2638.0
1034.0
1003.0
13.0
223.0
532.0
285.0
73.0
250.0
76.0
281.0
14.0
10.0
10.0
11.0
14.0
11.0
13.0
91.0
14.0
11.0
12.0
27.0
342.0
168.0
794.0
1383.0
583.0
362.0
1103.0
286.0
145.0
860.0
5209.0
5490.0
128.0
162.0
326.0
48.0
27.0
184.0
221.0
196.0
505.0
28.0
74.0
62.0
25.0
121.0
29.0
33.0
20.0
112.0
165.0
890.0
50.0
119.0
64.0
45.0
163.0
200.0
314.0
142.0
162.0
76.0
799.0
167.0
145.0
786.0
36.0
66.0
202.0
93.0
14.0
323.0
127.0
20.0
26.0
32.0
8.0
72.0
253.0
109.0
67.0
83.0
58.0
40.0
82.0
144.0
46.0
26.0
53.0
159.0
106.0
87.0
135.0
47.0
61.0
7.0
1644.0
57.0
113.0
54.0
46.0
607.0
813.0
116.0
1305.0
1101.0
25.0
118.0
108.0
271.0
6686.0
214.0
95.0
161.0
292.0
33.0
287.0
29.0
126.0
238.0
83.0
141.0
779.0
114.0
147.0
436.0
315.0
218.0
69.0
1184.0
122.0
124.0
70.0
92.0
121.0
20.0
263.0
195.0
347.0
168.0
39.0
70.0
50.0
197.0
242.0
318.0
189.0
810.0
1272.0
471.0
1280.0
35.0
549.0
120.0
175.0
44.0
324.0
255.0
401.0
57.0
293.0
232.0
463.0
214.0
1050.0
163.0
332.0
429.0
1357.0
2574.0
1094.0
955.0
13.0
230.0
527.0
288.0
71.0
242.0
79.0
274.0
13.0
10.0
10.0
12.0
14.0
12.0
14.0
100.0
13.0
12.0
12.0
28.0
340.0
161.0
815.0
1392.0
572.0
340.0
1150.0
280.0
159.0
789.0
5263.0
5616.0
125.0
167.0
307.0
50.0
28.0
191.0
207.0
186.0
496.0
27.0
76.0
63.0
27.0
125.0
28.0
33.0
20.0
109.0
167.0
832.0
51.0
118.0
67.0
45.0
164.0
209.0
340.0
153.0
170.0
73.0
837.0
168.0
142.0
759.0
36.0
61.0
200.0
95.0
14.0
350.0
117.0
20.0
25.0
31.0
8.0
76.0
260.0
106.0
69.0
82.0
57.0
39.0
84.0
152.0
47.0
26.0
57.0
150.0
109.0
84.0
133.0
45.0
67.0
7.0
1549.0
59.0
116.0
55.0
48.0
600.0
830.0
121.0
1415.0
1067.0
26.0
122.0
114.0
259.0
6835.0
213.0
98.0
163.0
276.0
31.0
267.0
27.0
128.0
246.0
77.0
139.0
813.0
119.0
154.0
430.0
325.0
216.0
69.0
1200.0
132.0
120.0
73.0
91.0
114.0
19.0
268.0
195.0
375.0
169.0
38.0
68.0
50.0
205.0
238.0
308.0
197.0
896.0
1217.0
519.0
1255.0
34.0
518.0
120.0
182.0
48.0
330.0
244.0
379.0
56.0
292.0
228.0
504.0
217.0
1095.0
171.0
337.0
432.0
1263.0
2669.0
1042.0
962.0
13.0
229.0
539.0
268.0
76.0
236.0
81.0
295.0
13.0
10.0
10.0
12.0
14.0
12.0
13.0
91.0
13.0
12.0
11.0
29.0
341.0
164.0
821.0
1332.0
550.0
360.0
1099.0
289.0
146.0
818.0
5142.0
5973.0
126.0
167.0
321.0
49.0
28.0
189.0
212.0
184.0
533.0
26.0
73.0
67.0
25.0
125.0
28.0
33.0
19.0
112.0
169.0
853.0
51.0
120.0
65.0
46.0
154.0
205.0
311.0
146.0
167.0
70.0
873.0
163.0
144.0
781.0
38.0
62.0
199.0
96.0
13.0
321.0
126.0
21.0
25.0
31.0
8.0
72.0
252.0
110.0
73.0
89.0
59.0
40.0
87.0
141.0
48.0
25.0
53.0
149.0
103.0
86.0
135.0
48.0
61.0
7.0
1563.0
54.0
109.0
59.0
48.0
660.0
845.0
118.0
1323.0
1107.0
25.0
120.0
113.0
263.0
6848.0
204.0
100.0
151.0
297.0
32.0
269.0
29.0
120.0
252.0
81.0
137.0
822.0
118.0
144.0
446.0
326.0
221.0
71.0
1233.0
126.0
122.0
66.0
86.0
121.0
19.0
254.0
198.0
354.0
168.0
38.0
71.0
49.0
198.0
227.0
302.0
186.0
878.0
1331.0
503.0
1253.0
34.0
516.0
117.0
186.0
45.0
351.0
245.0
401.0
57.0
302.0
220.0
474.0
218.0
1100.0
156.0
337.0
425.0
1308.0
2634.0
1026.0
985.0
12.0
217.0
535.0
280.0
73.0
249.0
75.0
275.0
14.0
9.0
9.0
12.0
13.0
11.0
14.0
94.0
13.0
11.0
12.0
28.0
342.0
158.0
767.0
1372.0
545.0
329.0
1184.0
273.0
151.0
811.0
5312.0
5877.0
118.0
164.0
332.0
47.0
29.0
177.0
204.0
184.0
510.0
28.0
78.0
61.0
27.0
122.0
29.0
32.0
20.0
113.0
170.0
875.0
53.0
126.0
61.0
44.0
161.0
204.0
326.0
152.0
170.0
76.0
824.0
164.0
141.0
758.0
37.0
61.0
215.0
90.0
14.0
339.0
120.0
21.0
24.0
32.0
8.0
76.0
256.0
105.0
74.0
85.0
59.0
41.0
88.0
141.0
45.0
26.0
53.0
157.0
107.0
84.0
138.0
46.0
62.0
7.0
1524.0
57.0
108.0
57.0
46.0
660.0
866.0
120.0
1377.0
1092.0
25.0
120.0
119.0
252.0
6806.0
207.0
94.0
161.0
297.0
33.0
286.0
29.0
129.0
251.0
76.0
128.0
831.0
115.0
153.0
439.0
304.0
218.0
68.0
1177.0
131.0
127.0
68.0
91.0
118.0
19.0
271.0
203.0
351.0
161.0
38.0
67.0
53.0
193.0
238.0
320.0
188.0
821.0
1245.0
163.0
191.0
141.0
171.0
451.0
162.0
132.0
159.0
151.0
176.0
165.0
158.0
147.0
137.0
139.0
144.0
150.0
160.0
159.0
134.0
134.0
160.0
153.0
381.0
154.0
155.0
158.0
163.0
143.0
160.0
155.0
411.0
371.0
473.0
413.0
429.0
489.0
463.0
446.0
451.0
476.0
412.0
432.0
141.0
175.0
130.0
133.0
141.0
176.0
155.0
169.0
378.0
140.0
171.0
176.0
136.0
131.0
139.0
147.0
147.0
156.0
158.0
146.0
160.0
175.0
175.0
175.0
146.0
138.0
141.0
423.0
163.0
135.0
158.0
408.0
143.0
167.0
175.0
152.0
156.0
172.0
170.0
163.0
156.0
157.0
175.0
152.0
154.0
452.0
141.0
174.0
460.0
157.0
478.0
163.0
446.0
146.0
149.0
145.0
137.0
131.0
160.0
136.0
170.0
130.0
147.0
172.0
132.0
134.0
166.0
127.0
171.0
415.0
146.0
137.0
147.0
155.0
146.0
469.0
152.0
151.0
154.0
157.0
386.0
171.0
138.0
132.0
160.0
157.0
142.0
151.0
142.0
412.0
167.0
467.0
380.0
371.0
154.0
429.0
382.0
424.0
435.0
469.0
471.0
391.0
407.0
459.0
423.0
388.0
452.0
415.0
423.0
158.0
167.0
140.0
163.0
176.0
145.0
176.0
144.0
176.0
133.0
133.0
402.0
410.0
429.0
384.0
367.0
436.0
165.0
143.0
137.0
160.0
165.0
174.0
161.0
447.0
151.0
170.0
148.0
155.0
148.0
147.0
163.0
164.0
156.0
161.0
158.0
156.0
170.0
145.0
139.0
135.0
147.0
166.0
412.0
157.0
144.0
168.0
139.0
165.0
139.0
143.0
396.0
373.0
410.0
405.0
366.0
459.0
381.0
480.0
489.0
435.0
418.0
463.0
174.0
131.0
158.0
167.0
135.0
159.0
162.0
147.0
444.0
169.0
151.0
141.0
138.0
139.0
174.0
142.0
134.0
130.0
139.0
162.0
172.0
134.0
161.0
176.0
131.0
151.0
151.0
411.0
174.0
150.0
169.0
442.0
130.0
148.0
160.0
158.0
134.0
159.0
166.0
173.0
135.0
152.0
131.0
148.0
163.0
388.0
137.0
135.0
450.0
177.0
468.0
171.0
424.0
132.0
166.0
157.0
141.0
169.0
157.0
134.0
160.0
161.0
150.0
136.0
158.0
155.0
130.0
129.0
159.0
449.0
169.0
156.0
140.0
133.0
166.0
427.0
168.0
150.0
145.0
144.0
489.0
169.0
156.0
164.0
174.0
134.0
168.0
158.0
168.0
382.0
161.0
410.0
451.0
399.0
155.0
491.0
471.0
389.0
413.0
382.0
454.0
443.0
477.0
457.0
372.0
419.0
374.0
408.0
487.0
170.0
133.0
135.0
168.0
138.0
135.0
158.0
153.0
159.0
136.0
154.0
447.0
366.0
400.0
367.0
432.0
485.0
155.0
138.0
173.0
170.0
169.0
141.0
172.0
401.0
174.0
173.0
135.0
144.0
164.0
151.0
169.0
159.0
174.0
151.0
154.0
152.0
171.0
160.0
142.0
159.0
173.0
172.0
468.0
160.0
142.0
166.0
141.0
134.0
156.0
154.0
475.0
378.0
485.0
363.0
494.0
444.0
461.0
469.0
452.0
436.0
419.0
383.0
130.0
144.0
135.0
177.0
151.0
133.0
161.0
170.0
477.0
166.0
168.0
157.0
158.0
171.0
138.0
135.0
135.0
138.0
138.0
156.0
133.0
145.0
160.0
163.0
139.0
165.0
146.0
425.0
163.0
147.0
158.0
466.0
159.0
176.0
174.0
141.0
164.0
146.0
146.0
143.0
139.0
153.0
162.0
171.0
141.0
422.0
137.0
164.0
394.0
166.0
364.0
170.0
371.0
145.0
166.0
164.0
138.0
142.0
167.0
152.0
148.0
144.0
176.0
169.0
177.0
150.0
163.0
143.0
172.0
486.0
156.0
139.0
174.0
142.0
136.0
444.0
156.0
134.0
151.0
153.0
404.0
160.0
149.0
132.0
133.0
141.0
136.0
163.0
171.0
398.0
163.0
494.0
469.0
431.0
140.0
375.0
401.0
404.0
399.0
419.0
432.0
471.0
401.0
384.0
410.0
452.0
401.0
422.0
437.0
161.0
135.0
162.0
138.0
134.0
136.0
135.0
162.0
139.0
169.0
164.0
494.0
449.0
372.0
380.0
441.0
485.0
161.0
171.0
139.0
168.0
189.0
145.0
175.0
431.0
159.0
144.0
172.0
161.0
148.0
172.0
138.0
148.0
160.0
134.0
155.0
174.0
173.0
150.0
158.0
150.0
167.0
151.0
406.0
136.0
168.0
172.0
158.0
145.0
173.0
131.0
440.0
386.0
470.0
381.0
476.0
394.0
398.0
411.0
462.0
434.0
419.0
431.0
169.0
175.0
160.0
143.0
156.0
167.0
141.0
131.0
389.0
148.0
153.0
143.0
167.0
153.0
150.0
152.0
154.0
156.0
155.0
143.0
136.0
135.0
136.0
141.0
151.0
131.0
147.0
489.0
163.0
144.0
171.0
380.0
138.0
162.0
154.0
157.0
158.0
135.0
173.0
159.0
139.0
176.0
156.0
155.0
134.0
449.0
165.0
143.0
444.0
163.0
445.0
140.0
363.0
163.0
141.0
168.0
163.0
173.0
176.0
160.0
160.0
161.0
142.0
172.0
163.0
160.0
133.0
128.0
167.0
421.0
167.0
171.0
147.0
162.0
153.0
439.0
151.0
175.0
150.0
142.0
403.0
137.0
158.0
156.0
153.0
141.0
157.0
177.0
168.0
375.0
173.0
374.0
395.0
399.0
171.0
426.0
422.0
478.0
386.0
409.0
466.0
436.0
405.0
429.0
378.0
457.0
400.0
491.0
387.0
137.0
167.0
174.0
170.0
172.0
166.0
142.0
164.0
164.0
135.0
136.0
367.0
375.0
400.0
403.0
450.0
481.0
149.0
143.0
156.0
182.0
179.0
142.0
144.0
438.0
145.0
152.0
140.0
137.0
132.0
161.0
151.0
166.0
146.0
156.0
176.0
154.0
177.0
163.0
139.0
139.0
172.0
169.0
470.0
171.0
136.0
164.0
137.0
153.0
159.0
155.0
368.0
367.0
366.0
436.0
473.0
381.0
440.0
377.0
412.0
384.0
461.0
374.0
167.0
130.0
154.0
146.0
159.0
153.0
146.0
168.0
442.0
164.0
169.0
137.0
170.0
132.0
140.0
147.0
165.0
150.0
177.0
149.0
146.0
137.0
170.0
141.0
127.0
158.0
154.0
396.0
177.0
133.0
166.0
418.0
171.0
138.0
140.0
155.0
152.0
142.0
169.0
141.0
146.0
161.0
142.0
168.0
171.0
489.0
154.0
131.0
481.0
158.0
410.0
144.0
376.0
143.0
164.0
135.0
174.0
134.0
168.0
152.0
165.0
156.0
160.0
159.0
134.0
158.0
160.0
138.0
162.0
419.0
173.0
152.0
141.0
166.0
161.0
395.0
138.0
174.0
176.0
148.0
382.0
161.0
159.0
171.0
162.0
154.0
168.0
175.0
145.0
470.0
135.0
382.0
398.0
477.0
161.0
447.0
404.0
491.0
466.0
439.0
436.0
479.0
401.0
377.0
390.0
420.0
398.0
473.0
410.0
149.0
138.0
142.0
167.0
132.0
145.0
141.0
175.0
169.0
142.0
160.0
459.0
371.0
449.0
455.0
467.0
477.0
157.0
159.0
149.0
172.0
162.0
164.0
137.0
493.0
154.0
171.0
172.0
162.0
165.0
132.0
177.0
176.0
175.0
159.0
153.0
144.0
147.0
139.0
169.0
141.0
172.0
146.0
414.0
151.0
176.0
162.0
169.0
142.0
139.0
177.0
363.0
423.0
432.0
393.0
487.0
456.0
445.0
473.0
405.0
430.0
475.0
439.0
139.0
164.0
130.0
170.0
176.0
133.0
162.0
142.0
364.0
177.0
172.0
157.0
143.0
134.0
151.0
176.0
168.0
166.0
134.0
158.0
134.0
164.0
146.0
133.0
132.0
167.0
168.0
442.0
156.0
172.0
132.0
432.0
147.0
143.0
162.0
172.0
161.0
146.0
168.0
171.0
160.0
159.0
149.0
154.0
165.0
448.0
134.0
173.0
462.0
138.0
393.0
176.0
457.0
152.0
161.0
142.0
139.0
172.0
133.0
149.0
148.0
130.0
143.0
155.0
167.0
174.0
153.0
125.0
148.0
447.0
159.0
160.0
171.0
138.0
139.0
366.0
136.0
159.0
134.0
154.0
480.0
159.0
160.0
148.0
158.0
137.0
158.0
174.0
162.0
464.0
174.0
400.0
484.0
421.0
150.0
489.0
404.0
486.0
477.0
448.0
485.0
372.0
491.0
408.0
449.0
418.0
414.0
479.0
431.0
149.0
155.0
153.0
147.0
163.0
132.0
131.0
168.0
148.0
136.0
157.0
465.0
418.0
491.0
399.0
403.0
392.0
138.0
130.0
132.0
180.0
195.0
145.0
168.0
436.0
145.0
138.0
142.0
171.0
130.0
172.0
143.0
154.0
133.0
158.0
170.0
157.0
157.0
138.0
150.0
138.0
160.0
138.0
487.0
141.0
159.0
155.0
146.0
134.0
156.0
174.0
484.0
367.0
415.0
493.0
474.0
494.0
416.0
485.0
367.0
374.0
461.0
372.0
168.0
161.0
154.0
159.0
142.0
139.0
147.0
147.0
388.0
134.0
160.0
145.0
132.0
137.0
162.0
151.0
138.0
158.0
157.0
135.0
150.0
144.0
165.0
158.0
146.0
147.0
173.0
370.0
130.0
162.0
154.0
469.0
137.0
130.0
154.0
159.0
145.0
150.0
139.0
155.0
138.0
145.0
147.0
148.0
175.0
474.0
134.0
174.0
483.0
141.0
491.0
145.0
394.0
158.0
145.0
159.0
145.0
175.0
134.0
173.0
157.0
159.0
137.0
176.0
160.0
142.0
144.0
113.0
143.0
391.0
143.0
138.0
149.0
177.0
156.0
463.0
141.0
167.0
157.0
149.0
403.0
162.0
167.0
167.0
171.0
167.0
170.0
133.0
176.0
419.0
153.0
482.0
380.0
397.0
135.0
383.0
445.0
468.0
384.0
486.0
444.0
458.0
458.0
423.0
433.0
384.0
488.0
476.0
466.0
156.0
139.0
134.0
149.0
172.0
134.0
147.0
147.0
158.0
171.0
170.0
434.0
369.0
434.0
435.0
459.0
441.0
133.0
164.0
131.0
203.0
168.0
133.0
157.0
431.0
146.0
151.0
154.0
133.0
132.0
149.0
152.0
169.0
136.0
135.0
139.0
142.0
157.0
166.0
171.0
166.0
146.0
165.0
413.0
169.0
140.0
166.0
165.0
147.0
157.0
133.0
369.0
483.0
405.0
368.0
481.0
456.0
398.0
394.0
392.0
397.0
462.0
432.0
171.0
162.0
142.0
160.0
144.0
167.0
139.0
157.0
413.0
132.0
149.0
160.0
134.0
160.0
163.0
175.0
156.0
140.0
165.0
163.0
171.0
143.0
130.0
156.0
131.0
135.0
155.0
374.0
137.0
166.0
176.0
485.0
167.0
160.0
169.0
132.0
157.0
140.0
174.0
156.0
147.0
157.0
130.0
164.0
139.0
423.0
136.0
138.0
379.0
171.0
485.0
150.0
390.0
169.0
174.0
152.0
131.0
147.0
171.0
158.0
133.0
141.0
148.0
131.0
132.0
172.0
136.0
116.0
167.0
393.0
148.0
165.0
149.0
170.0
154.0
439.0
168.0
149.0
133.0
142.0
462.0
143.0
142.0
155.0
133.0
172.0
133.0
176.0
162.0
385.0
141.0
473.0
442.0
379.0
175.0
384.0
371.0
418.0
387.0
385.0
404.0
440.0
409.0
436.0
477.0
494.0
413.0
405.0
401.0
130.0
144.0
131.0
161.0
164.0
153.0
170.0
145.0
150.0
155.0
167.0
452.0
411.0
430.0
438.0
491.0
464.0
164.0
162.0
155.0
162.0
169.0
138.0
165.0
396.0
159.0
131.0
156.0
172.0
172.0
169.0
172.0
142.0
154.0
150.0
163.0
135.0
151.0
133.0
151.0
139.0
139.0
143.0
369.0
136.0
140.0
146.0
160.0
161.0
145.0
137.0
376.0
394.0
469.0
488.0
433.0
440.0
437.0
483.0
412.0
402.0
450.0
478.0
150.0
173.0
168.0
163.0
173.0
175.0
171.0
164.0
377.0
175.0
144.0
160.0
141.0
135.0
133.0
160.0
172.0
153.0
168.0
153.0
175.0
173.0
163.0
146.0
141.0
153.0
166.0
476.0
175.0
132.0
151.0
393.0
172.0
151.0
153.0
152.0
147.0
163.0
175.0
151.0
169.0
156.0
139.0
132.0
166.0
445.0
163.0
133.0
446.0
150.0
380.0
136.0
438.0
176.0
144.0
146.0
155.0
157.0
164.0
158.0
148.0
139.0
162.0
172.0
137.0
148.0
162.0
152.0
157.0
456.0
131.0
137.0
162.0
135.0
174.0
464.0
172.0
165.0
146.0
157.0
480.0
136.0
175.0
138.0
144.0
165.0
171.0
142.0
132.0
398.0
153.0
363.0
466.0
381.0
141.0
391.0
443.0
417.0
482.0
397.0
411.0
439.0
390.0
370.0
484.0
390.0
363.0
413.0
399.0
154.0
147.0
151.0
156.0
132.0
138.0
154.0
132.0
146.0
145.0
169.0
473.0
369.0
404.0
413.0
490.0
476.0
177.0
131.0
170.0
178.0
202.0
137.0
150.0
387.0
135.0
177.0
160.0
176.0
170.0
173.0
158.0
133.0
132.0
158.0
133.0
150.0
163.0
133.0
174.0
164.0
171.0
152.0
452.0
155.0
146.0
154.0
138.0
176.0
154.0
169.0
395.0
489.0
377.0
445.0
493.0
480.0
421.0
425.0
417.0
403.0
452.0
488.0
142.0
169.0
140.0
162.0
175.0
159.0
130.0
171.0
491.0
174.0
159.0
147.0
136.0
162.0
139.0
171.0
159.0
175.0
166.0
176.0
163.0
173.0
152.0
170.0
130.0
163.0
161.0
478.0
177.0
130.0
177.0
479.0
131.0
160.0
169.0
142.0
159.0
135.0
169.0
141.0
161.0
139.0
144.0
158.0
143.0
483.0
163.0
166.0
400.0
143.0
450.0
166.0
399.0
136.0
176.0
145.0
135.0
148.0
162.0
157.0
174.0
173.0
146.0
176.0
161.0
171.0
165.0
148.0
173.0
466.0
171.0
176.0
162.0
136.0
172.0
412.0
146.0
143.0
156.0
152.0
419.0
158.0
170.0
161.0
167.0
144.0
147.0
137.0
165.0
449.0
152.0
383.0
398.0
377.0
174.0
441.0
448.0
457.0
397.0
425.0
471.0
493.0
407.0
423.0
443.0
478.0
403.0
385.0
398.0
161.0
170.0
150.0
145.0
168.0
142.0
146.0
155.0
141.0
169.0
133.0
401.0
409.0
462.0
426.0
377.0
363.0
143.0
143.0
164.0
161.0
200.0
135.0
136.0
460.0
165.0
169.0
150.0
140.0
176.0
169.0
155.0
169.0
175.0
148.0
174.0
147.0
168.0
131.0
174.0
175.0
157.0
160.0
432.0
155.0
159.0
174.0
148.0
157.0
171.0
176.0
454.0
401.0
469.0
435.0
366.0
477.0
423.0
380.0
408.0
469.0
442.0
468.0
163.0
163.0
173.0
154.0
153.0
142.0
131.0
152.0
383.0
172.0
154.0
152.0
162.0
164.0
142.0
155.0
150.0
150.0
168.0
138.0
174.0
148.0
170.0
137.0
146.0
138.0
148.0
432.0
145.0
142.0
164.0
388.0
133.0
151.0
144.0
159.0
141.0
144.0
168.0
140.0
169.0
130.0
177.0
143.0
138.0
488.0
154.0
133.0
457.0
133.0
436.0
131.0
381.0
132.0
171.0
138.0
160.0
158.0
160.0
148.0
168.0
147.0
149.0
132.0
147.0
159.0
169.0
124.0
176.0
396.0
173.0
162.0
159.0
176.0
145.0
376.0
136.0
130.0
158.0
145.0
417.0
175.0
150.0
157.0
177.0
152.0
152.0
167.0
173.0
407.0
140.0
419.0
409.0
390.0
176.0
414.0
418.0
414.0
483.0
368.0
481.0
486.0
460.0
420.0
492.0
409.0
435.0
423.0
386.0
156.0
167.0
137.0
136.0
164.0
149.0
169.0
165.0
150.0
165.0
148.0
387.0
369.0
442.0
493.0
402.0
403.0
155.0
152.0
165.0
187.0
176.0
149.0
131.0
420.0
175.0
139.0
164.0
161.0
132.0
152.0
132.0
143.0
177.0
164.0
153.0
143.0
163.0
176.0
175.0
157.0
171.0
158.0
459.0
176.0
151.0
132.0
149.0
169.0
162.0
171.0
401.0
377.0
412.0
396.0
370.0
393.0
379.0
371.0
458.0
450.0
384.0
367.0
140.0
135.0
151.0
156.0
172.0
130.0
150.0
154.0
368.0
154.0
163.0
157.0
139.0
135.0
142.0
151.0
156.0
162.0
142.0
160.0
131.0
159.0
150.0
166.0
147.0
148.0
149.0
461.0
157.0
148.0
174.0
494.0
156.0
142.0
149.0
168.0
132.0
174.0
144.0
148.0
133.0
132.0
158.0
133.0
143.0
413.0
177.0
133.0
401.0
164.0
474.0
156.0
443.0
138.0
162.0
164.0
144.0
160.0
138.0
157.0
140.0
148.0
163.0
143.0
131.0
152.0
165.0
126.0
165.0
475.0
140.0
140.0
143.0
139.0
171.0
439.0
146.0
165.0
166.0
174.0
447.0
172.0
153.0
136.0
133.0
136.0
145.0
158.0
165.0
450.0
163.0
465.0
445.0
475.0
165.0
370.0
408.0
386.0
450.0
489.0
417.0
421.0
364.0
414.0
476.0
424.0
448.0
436.0
380.0
148.0
153.0
149.0
161.0
147.0
150.0
173.0
152.0
146.0
139.0
163.0
466.0
374.0
464.0
438.0
422.0
464.0
131.0
173.0
157.0
185.0
167.0
149.0
171.0
433.0
130.0
140.0
154.0
177.0
146.0
155.0
146.0
171.0
155.0
144.0
133.0
163.0
160.0
154.0
153.0
145.0
155.0
150.0
483.0
167.0
149.0
145.0
161.0
133.0
164.0
175.0
470.0
485.0
404.0
458.0
481.0
384.0
459.0
381.0
380.0
446.0
421.0
400.0
149.0
145.0
146.0
134.0
132.0
131.0
156.0
170.0
386.0
152.0
158.0
143.0
136.0
174.0
151.0
166.0
140.0
168.0
177.0
133.0
172.0
154.0
169.0
143.0
149.0
167.0
157.0
471.0
154.0
139.0
134.0
492.0
177.0
154.0
137.0
132.0
164.0
139.0
161.0
145.0
155.0
133.0
144.0
135.0
161.0
393.0
143.0
132.0
462.0
144.0
436.0
174.0
487.0
176.0
165.0
175.0
164.0
148.0
151.0
146.0
175.0
156.0
167.0
146.0
168.0
133.0
160.0
128.0
173.0
478.0
143.0
169.0
141.0
159.0
174.0
402.0
154.0
131.0
149.0
130.0
385.0
143.0
149.0
145.0
138.0
147.0
158.0
145.0
177.0
454.0
148.0
412.0
480.0
468.0
132.0
470.0
384.0
448.0
430.0
422.0
472.0
468.0
370.0
376.0
392.0
476.0
461.0
471.0
396.0
152.0
141.0
141.0
146.0
134.0
151.0
138.0
148.0
146.0
136.0
166.0
373.0
402.0
398.0
399.0
446.0
421.0
175.0
163.0
160.0
154.0
165.0
166.0
158.0
477.0
166.0
165.0
148.0
177.0
160.0
152.0
157.0
161.0
156.0
142.0
166.0
167.0
135.0
164.0
165.0
146.0
130.0
159.0
442.0
168.0
151.0
144.0
174.0
154.0
130.0
145.0
468.0
408.0
450.0
411.0
371.0
402.0
477.0
420.0
390.0
471.0
472.0
364.0
130.0
172.0
148.0
166.0
138.0
144.0
133.0
166.0
417.0
162.0
150.0
150.0
135.0
177.0
149.0
165.0
165.0
165.0
158.0
139.0
166.0
137.0
163.0
168.0
124.0
169.0
140.0
368.0
153.0
173.0
152.0
401.0
154.0
160.0
150.0
159.0
143.0
160.0
171.0
163.0
135.0
166.0
168.0
130.0
165.0
364.0
149.0
134.0
464.0
165.0
462.0
138.0
484.0
161.0
174.0
149.0
151.0
168.0
162.0
170.0
172.0
166.0
147.0
151.0
140.0
172.0
175.0
119.0
145.0
366.0
157.0
165.0
174.0
141.0
149.0
440.0
173.0
152.0
138.0
137.0
384.0
135.0
167.0
156.0
158.0
171.0
146.0
146.0
137.0
417.0
170.0
447.0
452.0
484.0
156.0
370.0
366.0
388.0
397.0
402.0
470.0
494.0
423.0
378.0
476.0
371.0
363.0
369.0
479.0
160.0
154.0
142.0
140.0
160.0
174.0
146.0
160.0
163.0
172.0
170.0
417.0
464.0
448.0
481.0
408.0
384.0
131.0
141.0
141.0
198.0
175.0
159.0
137.0
447.0
159.0
135.0
154.0
168.0
158.0
131.0
154.0
159.0
130.0
150.0
176.0
150.0
131.0
146.0
137.0
138.0
140.0
147.0
379.0
136.0
176.0
175.0
142.0
160.0
147.0
172.0
402.0
365.0
483.0
445.0
405.0
458.0
446.0
406.0
460.0
454.0
487.0
372.0
171.0
150.0
159.0
150.0
173.0
133.0
137.0
143.0
376.0
157.0
143.0
161.0
166.0
177.0
150.0
135.0
147.0
134.0
148.0
166.0
148.0
130.0
146.0
170.0
129.0
169.0
143.0
464.0
145.0
168.0
146.0
472.0
173.0
142.0
149.0
134.0
156.0
166.0
142.0
131.0
130.0
158.0
132.0
131.0
134.0
403.0
173.0
172.0
461.0
172.0
463.0
164.0
372.0
144.0
175.0
132.0
156.0
154.0
135.0
133.0
159.0
142.0
141.0
137.0
134.0
154.0
138.0
122.0
140.0
438.0
172.0
163.0
157.0
152.0
136.0
422.0
164.0
158.0
142.0
132.0
417.0
146.0
167.0
166.0
130.0
164.0
153.0
143.0
139.0
431.0
139.0
436.0
391.0
396.0
169.0
404.0
368.0
372.0
369.0
387.0
434.0
421.0
470.0
483.0
408.0
385.0
414.0
456.0
474.0
136.0
130.0
171.0
170.0
161.0
173.0
143.0
156.0
161.0
160.0
137.0
376.0
473.0
447.0
431.0
435.0
416.0
167.0
135.0
143.0
174.0
166.0
152.0
143.0
423.0
159.0
167.0
148.0
156.0
162.0
157.0
170.0
133.0
173.0
142.0
162.0
144.0
153.0
139.0
152.0
139.0
168.0
173.0
470.0
174.0
150.0
142.0
160.0
164.0
174.0
133.0
467.0
452.0
449.0
410.0
472.0
490.0
420.0
393.0
480.0
426.0
422.0
488.0
131.0
160.0
162.0
169.0
151.0
130.0
148.0
135.0
431.0
140.0
168.0
160.0
147.0
173.0
172.0
145.0
161.0
173.0
168.0
154.0
164.0
131.0
154.0
169.0
152.0
164.0
159.0
366.0
173.0
131.0
149.0
367.0
136.0
141.0
161.0
140.0
134.0
132.0
159.0
150.0
137.0
161.0
149.0
147.0
176.0
442.0
155.0
158.0
454.0
150.0
417.0
171.0
364.0
158.0
133.0
167.0
157.0
133.0
145.0
131.0
175.0
159.0
139.0
152.0
138.0
161.0
149.0
117.0
162.0
396.0
133.0
156.0
139.0
155.0
133.0
404.0
158.0
166.0
156.0
154.0
399.0
161.0
168.0
162.0
134.0
165.0
141.0
138.0
132.0
373.0
139.0
403.0
448.0
384.0
130.0
433.0
487.0
393.0
415.0
431.0
385.0
403.0
378.0
372.0
420.0
398.0
436.0
485.0
456.0
143.0
157.0
140.0
136.0
135.0
167.0
168.0
152.0
141.0
142.0
139.0
390.0
456.0
370.0
398.0
418.0
392.0
145.0
140.0
165.0
204.0
189.0
164.0
171.0
468.0
142.0
168.0
147.0
161.0
160.0
136.0
170.0
139.0
143.0
159.0
168.0
156.0
156.0
160.0
154.0
144.0
145.0
150.0
475.0
175.0
154.0
171.0
136.0
139.0
150.0
151.0
364.0
438.0
428.0
449.0
393.0
422.0
469.0
374.0
459.0
387.0
454.0
423.0
147.0
130.0
132.0
162.0
145.0
137.0
146.0
139.0
487.0
173.0
142.0
173.0
149.0
132.0
161.0
166.0
165.0
151.0
141.0
142.0
131.0
176.0
131.0
176.0
131.0
140.0
155.0
472.0
144.0
133.0
149.0
385.0
130.0
166.0
163.0
154.0
170.0
160.0
136.0
141.0
158.0
169.0
141.0
154.0
158.0
431.0
162.0
148.0
493.0
151.0
472.0
170.0
427.0
135.0
173.0
138.0
142.0
154.0
146.0
164.0
150.0
154.0
150.0
152.0
159.0
137.0
130.0
133.0
144.0
429.0
141.0
156.0
134.0
170.0
143.0
468.0
136.0
152.0
156.0
139.0
492.0
175.0
136.0
171.0
141.0
139.0
132.0
167.0
142.0
396.0
173.0
414.0
469.0
463.0
176.0
441.0
464.0
469.0
423.0
443.0
375.0
371.0
490.0
364.0
415.0
480.0
374.0
423.0
397.0
159.0
164.0
167.0
173.0
140.0
159.0
153.0
172.0
177.0
136.0
157.0
486.0
383.0
401.0
433.0
493.0
406.0
155.0
133.0
151.0
170.0
202.0
141.0
163.0
457.0
146.0
164.0
157.0
138.0
157.0
142.0
156.0
157.0
160.0
135.0
164.0
130.0
172.0
156.0
153.0
168.0
148.0
157.0
376.0
166.0
162.0
134.0
138.0
136.0
156.0
164.0
454.0
426.0
383.0
452.0
414.0
366.0
454.0
396.0
413.0
419.0
439.0
408.0
155.0
170.0
156.0
154.0
162.0
172.0
149.0
168.0
382.0
166.0
138.0
148.0
160.0
164.0
130.0
149.0
169.0
162.0
177.0
130.0
140.0
148.0
163.0
137.0
145.0
173.0
146.0
460.0
176.0
174.0
154.0
400.0
139.0
138.0
136.0
176.0
137.0
145.0
135.0
175.0
165.0
172.0
163.0
140.0
135.0
471.0
157.0
146.0
397.0
135.0
372.0
177.0
380.0
161.0
147.0
174.0
165.0
169.0
144.0
131.0
153.0
167.0
131.0
144.0
172.0
153.0
132.0
122.0
137.0
472.0
133.0
173.0
156.0
143.0
159.0
379.0
152.0
140.0
165.0
154.0
415.0
156.0
172.0
161.0
156.0
156.0
172.0
159.0
158.0
476.0
166.0
480.0
472.0
366.0
158.0
417.0
465.0
400.0
461.0
371.0
371.0
384.0
384.0
480.0
479.0
406.0
459.0
377.0
445.0
157.0
158.0
146.0
147.0
133.0
134.0
175.0
143.0
133.0
161.0
134.0
395.0
482.0
366.0
379.0
381.0
461.0
145.0
156.0
158.0
184.0
207.0
137.0
142.0
422.0
163.0
159.0
167.0
166.0
158.0
144.0
139.0
142.0
158.0
146.0
137.0
174.0
154.0
130.0
150.0
141.0
147.0
171.0
439.0
170.0
172.0
164.0
160.0
144.0
150.0
165.0
400.0
385.0
441.0
438.0
464.0
408.0
379.0
415.0
449.0
480.0
393.0
380.0
136.0
148.0
139.0
136.0
146.0
168.0
171.0
143.0
380.0
137.0
158.0
139.0
138.0
163.0
151.0
134.0
137.0
151.0
131.0
144.0
160.0
168.0
132.0
163.0
151.0
139.0
159.0
414.0
174.0
164.0
165.0
421.0
145.0
136.0
155.0
163.0
158.0
166.0
146.0
161.0
137.0
138.0
156.0
136.0
177.0
467.0
166.0
132.0
474.0
154.0
455.0
174.0
493.0
144.0
139.0
155.0
138.0
139.0
168.0
162.0
164.0
137.0
130.0
162.0
145.0
166.0
134.0
133.0
155.0
446.0
145.0
166.0
155.0
136.0
163.0
469.0
175.0
170.0
150.0
139.0
471.0
152.0
141.0
173.0
168.0
161.0
171.0
165.0
147.0
432.0
148.0
420.0
423.0
374.0
143.0
367.0
364.0
472.0
408.0
457.0
390.0
489.0
493.0
479.0
406.0
414.0
410.0
430.0
450.0
139.0
143.0
172.0
169.0
142.0
140.0
140.0
149.0
145.0
155.0
171.0
466.0
436.0
466.0
378.0
441.0
438.0
173.0
159.0
137.0
171.0
175.0
138.0
170.0
404.0
131.0
145.0
137.0
133.0
152.0
172.0
133.0
175.0
133.0
153.0
172.0
167.0
163.0
164.0
158.0
142.0
175.0
154.0
444.0
174.0
168.0
158.0
140.0
132.0
175.0
158.0
385.0
483.0
457.0
465.0
426.0
410.0
395.0
427.0
486.0
382.0
382.0
372.0
134.0
137.0
135.0
154.0
175.0
136.0
172.0
147.0
406.0
136.0
174.0
148.0
161.0
169.0
144.0
144.0
163.0
148.0
170.0
146.0
164.0
173.0
159.0
154.0
137.0
133.0
141.0
365.0
153.0
164.0
149.0
474.0
141.0
170.0
170.0
166.0
156.0
166.0
165.0
139.0
146.0
153.0
167.0
159.0
174.0
489.0
171.0
149.0
419.0
138.0
370.0
159.0
413.0
160.0
137.0
160.0
174.0
169.0
133.0
176.0
141.0
131.0
166.0
168.0
147.0
146.0
163.0
131.0
153.0
438.0
165.0
163.0
168.0
171.0
139.0
462.0
150.0
173.0
148.0
177.0
410.0
164.0
165.0
163.0
145.0
151.0
157.0
168.0
168.0
442.0
172.0
495.0
471.0
452.0
176.0
430.0
395.0
408.0
428.0
435.0
422.0
384.0
409.0
471.0
370.0
491.0
458.0
366.0
446.0
136.0
169.0
136.0
165.0
148.0
150.0
158.0
173.0
174.0
133.0
145.0
375.0
381.0
443.0
421.0
471.0
473.0
157.0
160.0
142.0
155.0
169.0
157.0
162.0
484.0
172.0
137.0
137.0
170.0
155.0
152.0
144.0
142.0
167.0
135.0
166.0
156.0
158.0
135.0
152.0
133.0
150.0
137.0
463.0
133.0
156.0
156.0
145.0
144.0
161.0
138.0
369.0
414.0
366.0
377.0
452.0
387.0
369.0
379.0
440.0
493.0
368.0
376.0
133.0
133.0
138.0
160.0
138.0
174.0
151.0
132.0
466.0
146.0
161.0
138.0
154.0
134.0
137.0
159.0
159.0
164.0
149.0
152.0
138.0
136.0
177.0
167.0
142.0
150.0
158.0
382.0
174.0
157.0
156.0
494.0
134.0
169.0
175.0
169.0
177.0
160.0
150.0
149.0
171.0
177.0
164.0
148.0
150.0
375.0
154.0
134.0
485.0
164.0
477.0
154.0
460.0
131.0
165.0
152.0
167.0
148.0
130.0
165.0
154.0
156.0
176.0
156.0
163.0
146.0
160.0
133.0
135.0
413.0
131.0
151.0
160.0
134.0
133.0
480.0
164.0
148.0
138.0
169.0
482.0
133.0
155.0
132.0
135.0
131.0
158.0
150.0
168.0
397.0
137.0
459.0
495.0
475.0
146.0
438.0
379.0
379.0
376.0
418.0
365.0
445.0
406.0
490.0
425.0
453.0
411.0
391.0
396.0
166.0
162.0
137.0
150.0
170.0
131.0
162.0
155.0
148.0
144.0
150.0
461.0
466.0
492.0
408.0
384.0
421.0
159.0
152.0
132.0
185.0
160.0
135.0
147.0
454.0
162.0
144.0
173.0
131.0
139.0
149.0
144.0
165.0
144.0
132.0
141.0
157.0
165.0
136.0
167.0
168.0
165.0
176.0
490.0
152.0
133.0
151.0
151.0
159.0
144.0
147.0
411.0
386.0
384.0
416.0
455.0
493.0
413.0
447.0
409.0
453.0
444.0
382.0
137.0
161.0
161.0
147.0
152.0
148.0
155.0
143.0
470.0
162.0
157.0
152.0
131.0
165.0
147.0
161.0
160.0
133.0
132.0
145.0
165.0
154.0
170.0
146.0
115.0
135.0
147.0
373.0
161.0
162.0
171.0
494.0
169.0
169.0
147.0
171.0
153.0
138.0
145.0
148.0
152.0
135.0
171.0
141.0
142.0
369.0
169.0
152.0
444.0
133.0
409.0
149.0
406.0
155.0
168.0
151.0
167.0
132.0
166.0
168.0
169.0
164.0
133.0
152.0
159.0
166.0
163.0
133.0
152.0
465.0
167.0
143.0
132.0
140.0
167.0
478.0
153.0
133.0
135.0
152.0
474.0
160.0
140.0
174.0
150.0
166.0
140.0
171.0
171.0
399.0
161.0
398.0
452.0
395.0
167.0
397.0
479.0
398.0
404.0
430.0
488.0
375.0
494.0
418.0
376.0
383.0
391.0
392.0
452.0
170.0
136.0
152.0
137.0
159.0
167.0
157.0
134.0
144.0
151.0
151.0
483.0
490.0
454.0
404.0
419.0
452.0
163.0
145.0
158.0
186.0
195.0
154.0
162.0
399.0
135.0
136.0
173.0
148.0
150.0
161.0
154.0
174.0
169.0
160.0
148.0
177.0
130.0
155.0
170.0
134.0
169.0
130.0
448.0
135.0
162.0
147.0
151.0
155.0
149.0
134.0
373.0
449.0
404.0
466.0
378.0
475.0
363.0
463.0
400.0
462.0
464.0
386.0
138.0
159.0
165.0
163.0
175.0
172.0
145.0
161.0
406.0
132.0
139.0
150.0
158.0
164.0
148.0
154.0
170.0
157.0
170.0
159.0
158.0
135.0
151.0
147.0
119.0
173.0
172.0
462.0
137.0
162.0
143.0
439.0
171.0
176.0
164.0
134.0
161.0
167.0
141.0
162.0
171.0
140.0
158.0
168.0
166.0
486.0
133.0
168.0
384.0
130.0
381.0
163.0
367.0
156.0
162.0
137.0
172.0
141.0
132.0
172.0
141.0
145.0
147.0
159.0
160.0
133.0
155.0
112.0
138.0
454.0
134.0
144.0
143.0
174.0
173.0
447.0
142.0
138.0
137.0
143.0
363.0
158.0
137.0
135.0
158.0
163.0
131.0
139.0
174.0
428.0
151.0
418.0
454.0
454.0
150.0
382.0
471.0
383.0
437.0
462.0
470.0
402.0
443.0
409.0
411.0
490.0
441.0
489.0
490.0
147.0
176.0
136.0
164.0
169.0
140.0
159.0
148.0
153.0
171.0
163.0
425.0
406.0
408.0
390.0
468.0
476.0
158.0
144.0
173.0
195.0
178.0
165.0
139.0
376.0
160.0
177.0
165.0
161.0
139.0
153.0
139.0
130.0
146.0
174.0
131.0
134.0
162.0
144.0
135.0
143.0
151.0
144.0
449.0
158.0
132.0
172.0
157.0
134.0
142.0
159.0
369.0
482.0
464.0
454.0
466.0
439.0
465.0
475.0
406.0
377.0
385.0
474.0
146.0
148.0
139.0
166.0
162.0
166.0
164.0
160.0
461.0
176.0
157.0
136.0
148.0
151.0
155.0
132.0
153.0
175.0
171.0
140.0
167.0
139.0
159.0
169.0
140.0
147.0
176.0
381.0
135.0
147.0
148.0
442.0
157.0
163.0
145.0
145.0
139.0
154.0
169.0
158.0
137.0
139.0
144.0
131.0
172.0
438.0
131.0
146.0
364.0
159.0
422.0
176.0
455.0
131.0
147.0
176.0
142.0
148.0
144.0
171.0
167.0
153.0
172.0
155.0
150.0
144.0
175.0
119.0
147.0
399.0
158.0
173.0
167.0
151.0
158.0
459.0
152.0
141.0
167.0
163.0
417.0
168.0
147.0
160.0
131.0
164.0
140.0
166.0
160.0
493.0
152.0
493.0
412.0
469.0
154.0
463.0
428.0
451.0
428.0
470.0
369.0
434.0
405.0
381.0
401.0
397.0
481.0
484.0
371.0
157.0
160.0
150.0
144.0
137.0
175.0
130.0
147.0
164.0
174.0
166.0
449.0
384.0
448.0
429.0
481.0
493.0
155.0
168.0
134.0
195.0
157.0
170.0
165.0
421.0
161.0
172.0
139.0
146.0
173.0
152.0
174.0
158.0
164.0
147.0
147.0
138.0
135.0
132.0
144.0
161.0
154.0
160.0
393.0
160.0
175.0
162.0
132.0
141.0
147.0
174.0
481.0
374.0
410.0
392.0
402.0
488.0
399.0
482.0
435.0
463.0
384.0
440.0
147.0
153.0
136.0
137.0
174.0
159.0
131.0
137.0
375.0
159.0
165.0
143.0
139.0
135.0
141.0
138.0
170.0
152.0
137.0
135.0
159.0
168.0
176.0
142.0
132.0
130.0
155.0
403.0
159.0
132.0
163.0
484.0
142.0
163.0
153.0
139.0
165.0
150.0
170.0
139.0
143.0
139.0
175.0
131.0
173.0
399.0
160.0
139.0
397.0
150.0
427.0
143.0
447.0
177.0
149.0
172.0
170.0
163.0
137.0
162.0
153.0
150.0
164.0
167.0
169.0
132.0
164.0
112.0
153.0
369.0
141.0
163.0
148.0
164.0
159.0
463.0
171.0
135.0
147.0
162.0
483.0
171.0
130.0
155.0
162.0
164.0
154.0
170.0
132.0
414.0
167.0
396.0
463.0
485.0
143.0
396.0
398.0
364.0
449.0
399.0
439.0
430.0
384.0
372.0
434.0
416.0
366.0
377.0
418.0
176.0
139.0
150.0
163.0
163.0
135.0
137.0
151.0
143.0
140.0
162.0
471.0
480.0
464.0
370.0
388.0
430.0
171.0
148.0
146.0
