I_BRKGA_178_6_20_10_CESP
178 6 20 495.0
54552.5
54572.5
54873.5
58128.5
58241.5
56986.5
57531.5
61796.5
54053.5
58564.5
57293.5
60868.5
57556.5
62298.5
57946.5
56577.5
58208.5
60877.5
59021.5
55910.5
0.05634065374220426
0.049950333237757646
0.055961021625397504
0.049215045671155346
0.05565769242251128
0.041087529248366624
0.05522608002724607
0.0485512446480369
0.05986121275353469
0.043778384566011755
0.051717823573407255
0.04175933662431295
0.054089759522941726
0.04875762803844413
0.05787154297009735
0.04914618776713275
0.058990981548359606
0.04970517618758001
0.05295858786444763
0.01937377796105466
126.0
113.0
129.0
125.0
121.0
117.0
2557.0
22.0
1261.0
1300.0
67.0
529.0
518.0
1237.0
34.0
529.0
118.0
189.0
47.0
332.0
261.0
390.0
60.0
312.0
235.0
469.0
214.0
1114.0
164.0
341.0
410.0
1374.0
2719.0
1036.0
1029.0
12.0
223.0
550.0
295.0
74.0
241.0
82.0
281.0
14.0
9.0
9.0
12.0
14.0
12.0
13.0
97.0
14.0
12.0
12.0
28.0
358.0
167.0
813.0
1282.0
596.0
349.0
1158.0
278.0
145.0
825.0
5334.0
5708.0
125.0
160.0
335.0
50.0
28.0
193.0
211.0
194.0
518.0
27.0
72.0
65.0
25.0
126.0
28.0
30.0
20.0
110.0
172.0
890.0
48.0
119.0
64.0
43.0
153.0
215.0
328.0
145.0
168.0
69.0
856.0
155.0
148.0
737.0
38.0
61.0
206.0
95.0
14.0
327.0
125.0
20.0
26.0
32.0
8.0
73.0
255.0
113.0
68.0
91.0
58.0
38.0
82.0
146.0
46.0
26.0
55.0
154.0
110.0
85.0
135.0
44.0
66.0
7.0
1559.0
56.0
118.0
57.0
45.0
620.0
871.0
122.0
1383.0
1109.0
25.0
119.0
111.0
253.0
6437.0
203.0
98.0
156.0
278.0
32.0
268.0
28.0
122.0
239.0
82.0
131.0
820.0
121.0
157.0
459.0
319.0
223.0
71.0
1185.0
133.0
118.0
70.0
85.0
112.0
19.0
255.0
191.0
357.0
175.0
36.0
67.0
53.0
202.0
229.0
322.0
203.0
876.0
1276.0
508.0
1269.0
36.0
509.0
114.0
180.0
45.0
340.0
252.0
376.0
57.0
293.0
225.0
459.0
202.0
1048.0
156.0
352.0
429.0
1365.0
2700.0
1013.0
989.0
13.0
223.0
560.0
282.0
76.0
242.0
82.0
296.0
14.0
10.0
10.0
12.0
14.0
11.0
14.0
94.0
13.0
12.0
12.0
27.0
369.0
162.0
805.0
1280.0
573.0
362.0
1133.0
283.0
147.0
848.0
5501.0
5723.0
122.0
163.0
331.0
48.0
28.0
194.0
225.0
190.0
506.0
28.0
75.0
67.0
26.0
127.0
29.0
31.0
20.0
115.0
167.0
882.0
49.0
119.0
65.0
42.0
155.0
211.0
318.0
144.0
175.0
69.0
859.0
163.0
139.0
779.0
38.0
61.0
214.0
97.0
13.0
333.0
127.0
21.0
26.0
32.0
8.0
74.0
265.0
105.0
68.0
83.0
59.0
41.0
82.0
154.0
47.0
27.0
53.0
154.0
103.0
86.0
133.0
48.0
64.0
7.0
1611.0
57.0
109.0
57.0
47.0
651.0
809.0
111.0
1366.0
1045.0
25.0
123.0
111.0
252.0
6285.0
208.0
100.0
152.0
295.0
32.0
261.0
29.0
124.0
250.0
75.0
132.0
759.0
116.0
145.0
435.0
308.0
225.0
65.0
1255.0
133.0
118.0
71.0
93.0
111.0
20.0
263.0
189.0
348.0
167.0
38.0
70.0
53.0
192.0
231.0
313.0
202.0
872.0
1313.0
482.0
1266.0
33.0
554.0
116.0
191.0
45.0
322.0
266.0
385.0
58.0
302.0
224.0
505.0
219.0
1035.0
172.0
339.0
434.0
1320.0
2574.0
1074.0
993.0
12.0
212.0
540.0
281.0
76.0
232.0
78.0
279.0
14.0
10.0
10.0
11.0
14.0
12.0
13.0
91.0
14.0
12.0
11.0
28.0
349.0
164.0
832.0
1336.0
547.0
339.0
1117.0
289.0
156.0
800.0
5106.0
5757.0
120.0
173.0
312.0
49.0
28.0
188.0
225.0
184.0
491.0
28.0
79.0
61.0
26.0
124.0
29.0
32.0
20.0
111.0
175.0
871.0
50.0
123.0
64.0
45.0
160.0
219.0
323.0
146.0
167.0
75.0
862.0
160.0
152.0
773.0
36.0
65.0
209.0
94.0
14.0
342.0
120.0
20.0
26.0
29.0
8.0
74.0
250.0
108.0
70.0
83.0
54.0
38.0
89.0
144.0
48.0
25.0
58.0
159.0
106.0
80.0
136.0
45.0
63.0
7.0
1505.0
55.0
113.0
58.0
44.0
655.0
829.0
114.0
1349.0
1103.0
26.0
113.0
111.0
274.0
6843.0
204.0
102.0
151.0
288.0
32.0
287.0
28.0
130.0
242.0
82.0
128.0
777.0
122.0
155.0
442.0
304.0
204.0
71.0
1278.0
124.0
125.0
73.0
91.0
111.0
20.0
255.0
205.0
342.0
159.0
38.0
67.0
49.0
203.0
231.0
304.0
203.0
893.0
1290.0
485.0
1311.0
33.0
544.0
115.0
179.0
47.0
344.0
260.0
388.0
56.0
319.0
220.0
457.0
218.0
1077.0
158.0
328.0
417.0
1356.0
2545.0
1111.0
992.0
13.0
210.0
541.0
287.0
74.0
236.0
75.0
296.0
13.0
10.0
10.0
12.0
14.0
12.0
14.0
95.0
14.0
12.0
12.0
28.0
340.0
169.0
822.0
1276.0
579.0
356.0
1183.0
272.0
158.0
856.0
5135.0
6024.0
119.0
165.0
328.0
51.0
29.0
188.0
225.0
193.0
482.0
26.0
72.0
61.0
27.0
120.0
28.0
33.0
20.0
119.0
162.0
897.0
53.0
123.0
63.0
46.0
151.0
200.0
334.0
148.0
171.0
75.0
874.0
159.0
140.0
774.0
36.0
64.0
194.0
93.0
13.0
351.0
117.0
20.0
25.0
32.0
8.0
73.0
265.0
108.0
74.0
90.0
57.0
39.0
88.0
146.0
46.0
25.0
54.0
149.0
109.0
80.0
137.0
47.0
63.0
7.0
1568.0
56.0
108.0
58.0
46.0
662.0
869.0
113.0
1389.0
1078.0
26.0
114.0
109.0
268.0
6347.0
200.0
102.0
162.0
289.0
32.0
271.0
30.0
118.0
246.0
77.0
128.0
777.0
120.0
159.0
457.0
313.0
215.0
69.0
1236.0
134.0
115.0
70.0
89.0
112.0
20.0
249.0
189.0
359.0
172.0
37.0
68.0
51.0
193.0
224.0
299.0
204.0
824.0
1304.0
516.0
1328.0
35.0
529.0
117.0
177.0
45.0
340.0
257.0
382.0
60.0
308.0
232.0
501.0
218.0
1138.0
158.0
348.0
435.0
1277.0
2649.0
1031.0
1035.0
12.0
223.0
515.0
293.0
76.0
238.0
80.0
293.0
14.0
10.0
10.0
12.0
14.0
12.0
14.0
92.0
13.0
12.0
12.0
28.0
363.0
162.0
829.0
1376.0
572.0
337.0
1196.0
289.0
157.0
862.0
5256.0
5475.0
128.0
171.0
323.0
51.0
28.0
188.0
215.0
186.0
516.0
28.0
73.0
64.0
26.0
123.0
29.0
31.0
20.0
109.0
178.0
852.0
49.0
121.0
61.0
44.0
163.0
219.0
318.0
140.0
164.0
73.0
830.0
163.0
146.0
774.0
38.0
65.0
205.0
97.0
14.0
352.0
120.0
20.0
26.0
31.0
8.0
69.0
261.0
105.0
69.0
84.0
59.0
41.0
82.0
150.0
46.0
27.0
54.0
156.0
103.0
85.0
129.0
44.0
62.0
7.0
1502.0
58.0
110.0
54.0
47.0
662.0
805.0
118.0
1440.0
1136.0
26.0
117.0
119.0
267.0
6581.0
195.0
95.0
163.0
292.0
33.0
262.0
28.0
121.0
250.0
81.0
135.0
817.0
118.0
158.0
438.0
327.0
207.0
70.0
1274.0
127.0
116.0
68.0
87.0
112.0
19.0
250.0
196.0
355.0
173.0
36.0
67.0
53.0
188.0
242.0
323.0
191.0
857.0
1210.0
481.0
1294.0
35.0
531.0
118.0
186.0
45.0
318.0
267.0
381.0
59.0
291.0
219.0
471.0
207.0
1078.0
168.0
325.0
411.0
1302.0
2745.0
1006.0
1036.0
12.0
216.0
545.0
271.0
70.0
245.0
76.0
279.0
14.0
10.0
10.0
11.0
14.0
12.0
14.0
100.0
14.0
11.0
11.0
27.0
375.0
169.0
767.0
1304.0
560.0
353.0
1114.0
279.0
150.0
863.0
5351.0
5883.0
129.0
167.0
328.0
49.0
28.0
183.0
220.0
181.0
508.0
28.0
77.0
61.0
27.0
119.0
28.0
32.0
19.0
109.0
165.0
824.0
48.0
124.0
65.0
45.0
167.0
205.0
315.0
152.0
163.0
70.0
860.0
168.0
151.0
760.0
36.0
66.0
196.0
93.0
14.0
350.0
126.0
21.0
24.0
31.0
8.0
76.0
268.0
107.0
73.0
82.0
58.0
40.0
86.0
140.0
46.0
26.0
57.0
149.0
105.0
85.0
139.0
46.0
64.0
7.0
1637.0
59.0
115.0
59.0
48.0
634.0
875.0
112.0
1343.0
1134.0
24.0
116.0
117.0
261.0
6354.0
216.0
96.0
151.0
271.0
30.0
269.0
28.0
127.0
243.0
83.0
136.0
819.0
120.0
148.0
432.0
316.0
204.0
65.0
1212.0
126.0
123.0
72.0
94.0
114.0
19.0
257.0
193.0
346.0
172.0
36.0
69.0
53.0
188.0
241.0
301.0
204.0
883.0
1247.0
480.0
1340.0
34.0
510.0
120.0
177.0
47.0
325.0
244.0
384.0
57.0
298.0
230.0
459.0
199.0
1092.0
157.0
324.0
409.0
1292.0
2556.0
1009.0
967.0
12.0
228.0
533.0
275.0
69.0
252.0
81.0
282.0
14.0
10.0
10.0
12.0
13.0
12.0
13.0
95.0
13.0
12.0
12.0
28.0
356.0
168.0
777.0
1388.0
573.0
360.0
1124.0
285.0
152.0
858.0
4975.0
5760.0
122.0
165.0
310.0
48.0
27.0
187.0
205.0
190.0
508.0
28.0
72.0
67.0
27.0
124.0
27.0
33.0
19.0
116.0
173.0
846.0
52.0
131.0
63.0
46.0
164.0
209.0
335.0
149.0
160.0
73.0
845.0
165.0
140.0
760.0
37.0
63.0
203.0
90.0
13.0
337.0
126.0
21.0
25.0
30.0
8.0
70.0
263.0
111.0
67.0
84.0
59.0
40.0
88.0
144.0
49.0
27.0
58.0
158.0
103.0
84.0
126.0
47.0
63.0
7.0
1611.0
59.0
108.0
59.0
46.0
624.0
821.0
114.0
1349.0
1093.0
26.0
112.0
113.0
263.0
6203.0
208.0
94.0
158.0
275.0
33.0
261.0
28.0
121.0
250.0
76.0
136.0
769.0
120.0
150.0
444.0
300.0
209.0
71.0
1268.0
128.0
121.0
72.0
88.0
120.0
19.0
261.0
201.0
367.0
171.0
36.0
66.0
49.0
200.0
238.0
302.0
198.0
856.0
1219.0
500.0
1304.0
36.0
542.0
112.0
179.0
45.0
334.0
252.0
390.0
60.0
304.0
225.0
491.0
210.0
1041.0
166.0
330.0
409.0
1397.0
2599.0
1041.0
1046.0
12.0
231.0
553.0
268.0
70.0
240.0
80.0
273.0
13.0
10.0
10.0
12.0
13.0
12.0
13.0
99.0
14.0
12.0
12.0
27.0
373.0
166.0
766.0
1375.0
566.0
327.0
1112.0
278.0
148.0
858.0
5458.0
5826.0
131.0
157.0
307.0
46.0
29.0
175.0
210.0
184.0
483.0
27.0
78.0
61.0
26.0
123.0
29.0
31.0
20.0
114.0
174.0
836.0
50.0
121.0
61.0
45.0
152.0
219.0
333.0
146.0
166.0
75.0
805.0
153.0
150.0
797.0
36.0
61.0
202.0
97.0
14.0
350.0
129.0
21.0
26.0
30.0
8.0
73.0
272.0
108.0
68.0
86.0
57.0
38.0
83.0
149.0
48.0
25.0
56.0
151.0
102.0
83.0
128.0
46.0
61.0
7.0
1549.0
57.0
113.0
55.0
47.0
658.0
835.0
118.0
1442.0
1119.0
26.0
118.0
113.0
251.0
6199.0
200.0
95.0
164.0
283.0
31.0
284.0
28.0
126.0
239.0
80.0
134.0
762.0
122.0
152.0
433.0
306.0
216.0
69.0
1236.0
133.0
115.0
72.0
93.0
119.0
20.0
267.0
199.0
368.0
174.0
38.0
71.0
53.0
193.0
228.0
311.0
194.0
848.0
1279.0
483.0
1232.0
33.0
535.0
116.0
192.0
47.0
350.0
259.0
380.0
57.0
310.0
221.0
468.0
206.0
1106.0
159.0
335.0
447.0
1292.0
2509.0
1108.0
998.0
13.0
224.0
538.0
281.0
75.0
247.0
76.0
291.0
13.0
10.0
10.0
12.0
14.0
11.0
14.0
96.0
14.0
12.0
12.0
29.0
348.0
162.0
773.0
1259.0
596.0
360.0
1153.0
273.0
156.0
828.0
5147.0
5620.0
127.0
166.0
330.0
51.0
27.0
183.0
223.0
192.0
510.0
26.0
74.0
67.0
27.0
123.0
27.0
32.0
20.0
113.0
162.0
894.0
53.0
128.0
67.0
43.0
159.0
213.0
321.0
155.0
174.0
72.0
862.0
153.0
149.0
757.0
38.0
60.0
203.0
97.0
14.0
322.0
124.0
20.0
26.0
31.0
8.0
74.0
276.0
107.0
70.0
90.0
55.0
38.0
81.0
150.0
47.0
26.0
55.0
153.0
102.0
83.0
130.0
44.0
67.0
7.0
1511.0
59.0
110.0
54.0
47.0
619.0
817.0
114.0
1347.0
1078.0
24.0
121.0
117.0
253.0
6288.0
205.0
97.0
163.0
284.0
32.0
269.0
30.0
125.0
247.0
79.0
133.0
773.0
118.0
156.0
461.0
312.0
208.0
68.0
1252.0
122.0
116.0
73.0
93.0
122.0
19.0
260.0
189.0
375.0
163.0
37.0
71.0
50.0
199.0
222.0
295.0
196.0
886.0
1206.0
502.0
1239.0
34.0
539.0
114.0
180.0
46.0
319.0
256.0
391.0
57.0
289.0
221.0
481.0
209.0
1054.0
162.0
331.0
412.0
1388.0
2732.0
1099.0
963.0
12.0
224.0
530.0
292.0
71.0
252.0
77.0
293.0
14.0
10.0
10.0
12.0
13.0
12.0
14.0
98.0
14.0
12.0
12.0
29.0
375.0
173.0
832.0
1380.0
558.0
339.0
1131.0
286.0
156.0
843.0
5451.0
6033.0
119.0
169.0
307.0
47.0
28.0
194.0
219.0
181.0
529.0
26.0
76.0
63.0
26.0
116.0
29.0
31.0
20.0
110.0
174.0
826.0
52.0
127.0
64.0
44.0
166.0
221.0
331.0
149.0
160.0
72.0
875.0
163.0
139.0
761.0
36.0
66.0
199.0
91.0
14.0
351.0
119.0
21.0
24.0
31.0
8.0
70.0
257.0
110.0
73.0
88.0
59.0
41.0
89.0
153.0
48.0
27.0
53.0
162.0
107.0
83.0
129.0
47.0
63.0
7.0
1528.0
57.0
117.0
54.0
48.0
609.0
805.0
122.0
1445.0
1043.0
26.0
113.0
109.0
264.0
6443.0
208.0
94.0
166.0
281.0
33.0
284.0
29.0
124.0
259.0
82.0
129.0
804.0
120.0
147.0
458.0
313.0
212.0
68.0
1205.0
122.0
123.0
72.0
87.0
120.0
20.0
263.0
199.0
346.0
167.0
37.0
69.0
53.0
195.0
236.0
296.0
205.0
850.0
1299.0
482.0
1343.0
35.0
510.0
109.0
187.0
47.0
323.0
253.0
397.0
56.0
292.0
225.0
482.0
209.0
1054.0
172.0
349.0
449.0
1315.0
2626.0
1005.0
967.0
13.0
223.0
543.0
283.0
71.0
230.0
75.0
297.0
14.0
10.0
10.0
11.0
14.0
12.0
14.0
92.0
14.0
12.0
12.0
28.0
371.0
173.0
845.0
1267.0
586.0
327.0
1111.0
284.0
146.0
810.0
5229.0
5520.0
129.0
161.0
303.0
51.0
28.0
189.0
224.0
196.0
499.0
26.0
73.0
64.0
27.0
123.0
29.0
31.0
19.0
110.0
170.0
901.0
50.0
119.0
67.0
46.0
155.0
220.0
328.0
154.0
173.0
73.0
825.0
162.0
139.0
797.0
35.0
64.0
199.0
98.0
14.0
342.0
129.0
20.0
26.0
29.0
8.0
73.0
256.0
105.0
69.0
87.0
56.0
38.0
82.0
141.0
46.0
25.0
55.0
163.0
108.0
87.0
135.0
47.0
67.0
7.0
1596.0
55.0
109.0
54.0
47.0
634.0
792.0
120.0
1342.0
1147.0
24.0
116.0
118.0
277.0
6827.0
199.0
98.0
166.0
296.0
30.0
282.0
29.0
120.0
240.0
83.0
129.0
817.0
116.0
154.0
439.0
311.0
224.0
67.0
1211.0
124.0
117.0
67.0
94.0
117.0
20.0
257.0
205.0
352.0
164.0
37.0
67.0
53.0
192.0
235.0
298.0
193.0
842.0
1300.0
510.0
1243.0
34.0
515.0
109.0
184.0
47.0
323.0
254.0
371.0
60.0
294.0
224.0
481.0
214.0
1061.0
158.0
348.0
405.0
1372.0
2734.0
1006.0
957.0
13.0
232.0
553.0
291.0
74.0
250.0
78.0
299.0
14.0
9.0
10.0
12.0
14.0
11.0
13.0
95.0
13.0
12.0
11.0
29.0
363.0
171.0
776.0
1322.0
564.0
362.0
1122.0
277.0
159.0
831.0
5321.0
5646.0
124.0
169.0
319.0
48.0
28.0
183.0
210.0
188.0
527.0
26.0
78.0
63.0
25.0
123.0
29.0
33.0
19.0
119.0
171.0
838.0
53.0
131.0
66.0
43.0
163.0
210.0
334.0
149.0
171.0
74.0
858.0
158.0
145.0
730.0
35.0
61.0
205.0
89.0
13.0
350.0
119.0
21.0
26.0
32.0
8.0
75.0
262.0
109.0
72.0
87.0
56.0
41.0
88.0
142.0
45.0
27.0
57.0
150.0
106.0
84.0
134.0
45.0
65.0
7.0
1503.0
54.0
118.0
58.0
47.0
647.0
824.0
111.0
1305.0
1091.0
24.0
119.0
114.0
266.0
6262.0
201.0
102.0
160.0
286.0
31.0
271.0
30.0
118.0
259.0
77.0
139.0
822.0
118.0
149.0
425.0
315.0
209.0
69.0
1169.0
124.0
117.0
70.0
92.0
116.0
20.0
265.0
196.0
356.0
159.0
39.0
68.0
52.0
201.0
219.0
299.0
189.0
833.0
1213.0
488.0
1258.0
34.0
529.0
112.0
193.0
45.0
329.0
269.0
387.0
56.0
311.0
228.0
468.0
204.0
1068.0
172.0
356.0
446.0
1321.0
2757.0
1057.0
993.0
12.0
232.0
535.0
267.0
70.0
231.0
80.0
280.0
14.0
10.0
10.0
11.0
14.0
12.0
13.0
99.0
14.0
12.0
12.0
29.0
358.0
165.0
790.0
1332.0
555.0
349.0
1188.0
296.0
147.0
824.0
5459.0
5599.0
126.0
161.0
324.0
51.0
27.0
193.0
210.0
194.0
493.0
27.0
76.0
63.0
27.0
118.0
27.0
33.0
20.0
109.0
177.0
829.0
49.0
128.0
62.0
42.0
151.0
204.0
328.0
153.0
173.0
71.0
859.0
166.0
150.0
778.0
36.0
64.0
211.0
90.0
14.0
328.0
123.0
21.0
25.0
30.0
8.0
73.0
252.0
106.0
73.0
85.0
58.0
39.0
81.0
140.0
48.0
25.0
57.0
153.0
104.0
80.0
133.0
45.0
63.0
7.0
1628.0
55.0
115.0
56.0
44.0
597.0
866.0
112.0
1360.0
1131.0
26.0
113.0
109.0
261.0
6391.0
215.0
96.0
167.0
292.0
33.0
280.0
29.0
126.0
252.0
76.0
139.0
815.0
117.0
150.0
460.0
320.0
209.0
71.0
1245.0
128.0
125.0
71.0
87.0
116.0
20.0
269.0
204.0
352.0
170.0
36.0
67.0
53.0
200.0
231.0
314.0
190.0
833.0
1283.0
490.0
1226.0
35.0
560.0
113.0
180.0
44.0
339.0
270.0
391.0
57.0
296.0
219.0
492.0
208.0
1134.0
159.0
326.0
418.0
1315.0
2575.0
1091.0
1028.0
13.0
221.0
535.0
293.0
72.0
235.0
77.0
274.0
14.0
10.0
10.0
11.0
14.0
12.0
14.0
97.0
13.0
12.0
12.0
29.0
356.0
168.0
787.0
1363.0
551.0
347.0
1164.0
288.0
148.0
875.0
5136.0
5847.0
129.0
161.0
319.0
47.0
29.0
192.0
217.0
188.0
530.0
26.0
74.0
63.0
26.0
116.0
27.0
32.0
19.0
112.0
167.0
896.0
53.0
123.0
61.0
42.0
152.0
208.0
320.0
141.0
165.0
71.0
819.0
158.0
152.0
785.0
36.0
66.0
199.0
94.0
13.0
351.0
118.0
20.0
24.0
32.0
8.0
74.0
258.0
110.0
68.0
87.0
54.0
39.0
84.0
148.0
46.0
27.0
55.0
164.0
103.0
82.0
126.0
44.0
62.0
7.0
1505.0
56.0
115.0
59.0
45.0
645.0
837.0
123.0
1314.0
1047.0
24.0
113.0
117.0
260.0
6487.0
196.0
93.0
162.0
294.0
32.0
266.0
28.0
121.0
252.0
77.0
139.0
818.0
114.0
145.0
430.0
317.0
206.0
65.0
1238.0
127.0
125.0
69.0
87.0
116.0
20.0
259.0
193.0
364.0
166.0
39.0
67.0
51.0
206.0
230.0
306.0
189.0
897.0
1225.0
518.0
1342.0
33.0
514.0
112.0
181.0
48.0
334.0
249.0
372.0
56.0
317.0
220.0
484.0
216.0
1138.0
159.0
348.0
449.0
1372.0
2680.0
1088.0
965.0
13.0
216.0
505.0
273.0
72.0
254.0
78.0
299.0
14.0
10.0
9.0
12.0
14.0
12.0
13.0
95.0
14.0
12.0
12.0
27.0
344.0
158.0
815.0
1303.0
592.0
334.0
1156.0
275.0
149.0
872.0
5304.0
5687.0
122.0
161.0
318.0
47.0
29.0
185.0
216.0
177.0
522.0
27.0
76.0
64.0
27.0
127.0
29.0
33.0
20.0
111.0
169.0
892.0
50.0
131.0
64.0
46.0
161.0
211.0
343.0
145.0
160.0
74.0
854.0
164.0
145.0
766.0
38.0
60.0
211.0
96.0
14.0
332.0
122.0
21.0
25.0
30.0
8.0
72.0
261.0
102.0
73.0
85.0
54.0
39.0
84.0
143.0
49.0
25.0
55.0
164.0
111.0
81.0
135.0
48.0
64.0
7.0
1522.0
57.0
111.0
59.0
48.0
603.0
794.0
112.0
1341.0
1148.0
24.0
120.0
117.0
252.0
6211.0
210.0
99.0
162.0
294.0
31.0
286.0
29.0
118.0
244.0
79.0
141.0
751.0
122.0
149.0
460.0
321.0
207.0
66.0
1247.0
132.0
120.0
68.0
88.0
112.0
20.0
271.0
188.0
360.0
172.0
37.0
66.0
51.0
188.0
236.0
309.0
200.0
816.0
1208.0
471.0
1279.0
33.0
557.0
109.0
193.0
44.0
339.0
250.0
366.0
56.0
296.0
224.0
482.0
207.0
1066.0
165.0
334.0
436.0
1307.0
2664.0
1075.0
1007.0
13.0
225.0
513.0
282.0
76.0
238.0
74.0
300.0
13.0
10.0
10.0
12.0
14.0
11.0
14.0
92.0
14.0
12.0
11.0
28.0
360.0
157.0
786.0
1360.0
553.0
340.0
1191.0
285.0
153.0
865.0
5092.0
5533.0
125.0
167.0
311.0
47.0
27.0
186.0
215.0
178.0
489.0
26.0
78.0
66.0
27.0
120.0
29.0
31.0
19.0
114.0
176.0
845.0
49.0
127.0
66.0
42.0
158.0
209.0
315.0
146.0
174.0
70.0
844.0
157.0
152.0
760.0
37.0
64.0
197.0
96.0
14.0
338.0
125.0
21.0
24.0
32.0
8.0
75.0
266.0
109.0
74.0
85.0
56.0
41.0
84.0
153.0
47.0
26.0
57.0
156.0
103.0
83.0
131.0
44.0
62.0
7.0
1656.0
54.0
109.0
56.0
48.0
604.0
834.0
116.0
1393.0
1087.0
26.0
121.0
109.0
267.0
6423.0
207.0
95.0
165.0
274.0
33.0
267.0
28.0
118.0
239.0
82.0
133.0
763.0
121.0
147.0
455.0
300.0
214.0
70.0
1279.0
130.0
125.0
69.0
94.0
111.0
20.0
249.0
198.0
364.0
175.0
38.0
70.0
52.0
206.0
227.0
323.0
190.0
828.0
1302.0
476.0
1350.0
35.0
519.0
118.0
185.0
45.0
324.0
247.0
380.0
59.0
305.0
216.0
460.0
219.0
1139.0
172.0
344.0
406.0
1389.0
2546.0
1025.0
1036.0
13.0
215.0
543.0
287.0
73.0
249.0
82.0
300.0
14.0
10.0
9.0
12.0
14.0
12.0
14.0
94.0
14.0
11.0
12.0
27.0
339.0
161.0
764.0
1378.0
546.0
351.0
1198.0
295.0
154.0
848.0
5039.0
5613.0
121.0
162.0
333.0
49.0
29.0
184.0
206.0
182.0
529.0
28.0
74.0
65.0
25.0
128.0
29.0
33.0
20.0
114.0
171.0
835.0
53.0
119.0
61.0
44.0
156.0
218.0
334.0
154.0
171.0
69.0
814.0
155.0
153.0
746.0
37.0
62.0
194.0
92.0
14.0
329.0
125.0
20.0
26.0
30.0
8.0
76.0
273.0
112.0
69.0
84.0
58.0
39.0
84.0
147.0
45.0
25.0
55.0
149.0
111.0
85.0
139.0
45.0
67.0
7.0
1513.0
58.0
119.0
57.0
45.0
632.0
811.0
122.0
1344.0
1044.0
25.0
113.0
118.0
264.0
6504.0
213.0
99.0
159.0
271.0
33.0
265.0
30.0
129.0
237.0
80.0
137.0
790.0
124.0
158.0
424.0
323.0
209.0
67.0
1243.0
122.0
124.0
68.0
87.0
114.0
20.0
253.0
200.0
375.0
164.0
38.0
68.0
52.0
206.0
230.0
307.0
192.0
820.0
1290.0
487.0
1310.0
35.0
532.0
119.0
184.0
47.0
333.0
244.0
398.0
61.0
293.0
224.0
498.0
208.0
1054.0
171.0
348.0
438.0
1367.0
2700.0
1110.0
994.0
13.0
215.0
525.0
272.0
72.0
246.0
82.0
274.0
14.0
10.0
10.0
12.0
14.0
12.0
14.0
91.0
14.0
12.0
12.0
29.0
359.0
169.0
782.0
1329.0
587.0
338.0
1113.0
283.0
153.0
803.0
5243.0
5588.0
128.0
158.0
328.0
49.0
27.0
176.0
221.0
195.0
492.0
27.0
75.0
67.0
27.0
123.0
28.0
31.0
20.0
118.0
162.0
863.0
48.0
122.0
63.0
45.0
159.0
205.0
327.0
147.0
164.0
69.0
830.0
155.0
151.0
789.0
38.0
64.0
199.0
89.0
13.0
354.0
118.0
21.0
24.0
30.0
8.0
69.0
262.0
102.0
68.0
91.0
59.0
38.0
82.0
151.0
46.0
25.0
54.0
154.0
108.0
85.0
135.0
46.0
61.0
7.0
1663.0
54.0
114.0
54.0
48.0
600.0
812.0
117.0
1325.0
1116.0
25.0
116.0
110.0
276.0
6444.0
197.0
96.0
155.0
285.0
33.0
262.0
28.0
124.0
254.0
82.0
132.0
782.0
118.0
146.0
421.0
313.0
208.0
65.0
1235.0
129.0
117.0
69.0
85.0
118.0
20.0
259.0
194.0
371.0
173.0
38.0
69.0
51.0
201.0
234.0
315.0
187.0
835.0
1208.0
499.0
1327.0
36.0
508.0
114.0
192.0
44.0
324.0
262.0
370.0
58.0
293.0
235.0
475.0
212.0
1129.0
166.0
347.0
414.0
1272.0
2584.0
1112.0
1052.0
12.0
222.0
553.0
281.0
74.0
251.0
81.0
301.0
13.0
10.0
10.0
12.0
14.0
12.0
14.0
93.0
14.0
12.0
11.0
29.0
359.0
163.0
839.0
1351.0
591.0
351.0
1165.0
285.0
153.0
831.0
5217.0
5516.0
125.0
161.0
309.0
51.0
28.0
191.0
207.0
192.0
505.0
28.0
75.0
67.0
27.0
117.0
27.0
32.0
20.0
116.0
178.0
861.0
52.0
120.0
65.0
46.0
167.0
214.0
342.0
145.0
169.0
70.0
871.0
156.0
151.0
749.0
35.0
65.0
201.0
97.0
14.0
348.0
122.0
19.0
25.0
30.0
8.0
73.0
264.0
104.0
73.0
88.0
54.0
41.0
88.0
150.0
47.0
26.0
56.0
152.0
106.0
87.0
126.0
46.0
63.0
7.0
1624.0
55.0
114.0
56.0
46.0
658.0
863.0
121.0
1363.0
1109.0
26.0
120.0
112.0
265.0
6342.0
211.0
95.0
154.0
271.0
31.0
261.0
29.0
127.0
258.0
78.0
131.0
787.0
112.0
152.0
443.0
315.0
216.0
67.0
1163.0
126.0
122.0
72.0
93.0
113.0
20.0
254.0
187.0
344.0
163.0
38.0
65.0
51.0
194.0
229.0
303.0
203.0
844.0
1269.0
508.0
1299.0
36.0
524.0
115.0
181.0
47.0
318.0
255.0
395.0
59.0
317.0
231.0
492.0
199.0
1135.0
167.0
335.0
415.0
1298.0
2757.0
1045.0
1045.0
13.0
216.0
507.0
286.0
76.0
252.0
80.0
286.0
14.0
10.0
10.0
12.0
14.0
12.0
14.0
92.0
14.0
12.0
12.0
29.0
375.0
170.0
840.0
1389.0
569.0
348.0
1117.0
291.0
151.0
831.0
5188.0
5745.0
125.0
161.0
331.0
47.0
29.0
181.0
217.0
192.0
514.0
26.0
77.0
64.0
27.0
128.0
29.0
31.0
20.0
119.0
175.0
889.0
53.0
121.0
66.0
44.0
155.0
212.0
337.0
153.0
165.0
73.0
805.0
167.0
152.0
755.0
36.0
61.0
202.0
98.0
13.0
339.0
123.0
21.0
26.0
30.0
8.0
72.0
253.0
110.0
74.0
83.0
54.0
40.0
87.0
144.0
49.0
26.0
55.0
155.0
110.0
82.0
128.0
45.0
62.0
7.0
1569.0
59.0
115.0
55.0
44.0
641.0
847.0
115.0
1433.0
1121.0
26.0
115.0
114.0
251.0
6420.0
197.0
96.0
161.0
291.0
31.0
275.0
30.0
123.0
243.0
81.0
140.0
821.0
114.0
147.0
446.0
304.0
220.0
64.0
1240.0
125.0
123.0
67.0
94.0
120.0
20.0
263.0
188.0
362.0
171.0
37.0
69.0
49.0
190.0
239.0
324.0
196.0
856.0
1314.0
165.0
154.0
151.0
170.0
467.0
156.0
168.0
131.0
132.0
134.0
157.0
174.0
141.0
133.0
150.0
149.0
132.0
161.0
143.0
155.0
135.0
174.0
158.0
373.0
172.0
155.0
153.0
167.0
133.0
134.0
146.0
464.0
484.0
409.0
401.0
419.0
429.0
488.0
471.0
462.0
465.0
423.0
383.0
162.0
160.0
173.0
150.0
130.0
164.0
130.0
155.0
381.0
155.0
166.0
151.0
154.0
175.0
137.0
136.0
146.0
151.0
139.0
157.0
153.0
155.0
152.0
148.0
119.0
131.0
174.0
365.0
173.0
155.0
155.0
458.0
133.0
172.0
136.0
155.0
165.0
162.0
163.0
133.0
131.0
132.0
151.0
175.0
158.0
390.0
176.0
133.0
417.0
164.0
381.0
168.0
369.0
140.0
141.0
154.0
158.0
131.0
132.0
141.0
150.0
143.0
149.0
159.0
142.0
176.0
161.0
112.0
140.0
429.0
130.0
149.0
167.0
146.0
165.0
384.0
175.0
172.0
162.0
170.0
369.0
176.0
149.0
142.0
164.0
136.0
138.0
150.0
150.0
482.0
156.0
439.0
380.0
448.0
136.0
378.0
394.0
462.0
464.0
486.0
489.0
376.0
424.0
481.0
408.0
386.0
448.0
388.0
388.0
142.0
152.0
170.0
137.0
154.0
152.0
162.0
168.0
136.0
157.0
153.0
469.0
415.0
428.0
383.0
482.0
446.0
169.0
176.0
171.0
186.0
176.0
161.0
155.0
417.0
175.0
147.0
134.0
177.0
155.0
176.0
177.0
138.0
138.0
162.0
160.0
154.0
130.0
131.0
166.0
148.0
163.0
147.0
421.0
145.0
172.0
160.0
169.0
140.0
171.0
140.0
385.0
386.0
406.0
444.0
471.0
364.0
480.0
456.0
375.0
445.0
412.0
483.0
147.0
172.0
153.0
134.0
158.0
161.0
131.0
133.0
407.0
132.0
174.0
160.0
166.0
139.0
171.0
130.0
146.0
132.0
177.0
159.0
147.0
173.0
133.0
173.0
113.0
168.0
148.0
443.0
138.0
173.0
168.0
422.0
164.0
159.0
132.0
151.0
153.0
171.0
131.0
137.0
168.0
174.0
172.0
153.0
131.0
478.0
173.0
137.0
416.0
133.0
435.0
156.0
379.0
168.0
147.0
176.0
177.0
162.0
149.0
138.0
135.0
149.0
146.0
168.0
135.0
140.0
159.0
130.0
141.0
477.0
139.0
165.0
131.0
137.0
160.0
407.0
158.0
140.0
171.0
154.0
447.0
139.0
156.0
154.0
161.0
177.0
136.0
141.0
139.0
378.0
172.0
436.0
467.0
486.0
155.0
444.0
399.0
468.0
403.0
468.0
412.0
482.0
429.0
382.0
454.0
464.0
474.0
433.0
487.0
165.0
142.0
168.0
154.0
175.0
174.0
169.0
174.0
153.0
163.0
167.0
363.0
486.0
490.0
454.0
413.0
413.0
134.0
157.0
173.0
179.0
187.0
171.0
143.0
411.0
172.0
137.0
149.0
152.0
171.0
175.0
173.0
145.0
144.0
161.0
151.0
137.0
159.0
143.0
165.0
165.0
172.0
131.0
473.0
171.0
133.0
170.0
150.0
142.0
132.0
134.0
463.0
487.0
455.0
400.0
399.0
425.0
416.0
449.0
482.0
388.0
490.0
461.0
169.0
167.0
136.0
139.0
131.0
156.0
163.0
168.0
491.0
148.0
144.0
145.0
142.0
141.0
133.0
149.0
134.0
147.0
176.0
175.0
166.0
137.0
149.0
162.0
144.0
172.0
149.0
415.0
137.0
169.0
152.0
476.0
163.0
157.0
177.0
165.0
136.0
152.0
160.0
135.0
161.0
169.0
145.0
159.0
139.0
445.0
155.0
148.0
394.0
153.0
369.0
131.0
400.0
177.0
157.0
143.0
156.0
151.0
162.0
154.0
155.0
170.0
173.0
169.0
144.0
151.0
144.0
135.0
135.0
431.0
148.0
146.0
139.0
173.0
149.0
387.0
132.0
156.0
166.0
139.0
444.0
130.0
141.0
167.0
137.0
173.0
133.0
157.0
162.0
459.0
157.0
398.0
363.0
486.0
138.0
412.0
417.0
378.0
485.0
413.0
478.0
385.0
432.0
467.0
429.0
448.0
381.0
390.0
475.0
133.0
177.0
142.0
132.0
158.0
155.0
136.0
175.0
159.0
175.0
130.0
477.0
460.0
392.0
455.0
397.0
454.0
161.0
130.0
172.0
200.0
162.0
134.0
136.0
425.0
151.0
151.0
136.0
165.0
151.0
152.0
152.0
151.0
157.0
160.0
154.0
171.0
175.0
172.0
133.0
160.0
167.0
158.0
438.0
159.0
160.0
141.0
171.0
142.0
151.0
168.0
486.0
399.0
383.0
419.0
433.0
453.0
434.0
463.0
421.0
413.0
461.0
490.0
165.0
173.0
134.0
168.0
148.0
176.0
171.0
159.0
480.0
136.0
155.0
158.0
137.0
140.0
174.0
147.0
151.0
130.0
150.0
175.0
134.0
168.0
164.0
160.0
142.0
175.0
143.0
390.0
168.0
168.0
133.0
446.0
158.0
135.0
157.0
135.0
154.0
148.0
130.0
137.0
176.0
148.0
174.0
138.0
176.0
474.0
147.0
148.0
465.0
136.0
428.0
151.0
439.0
153.0
169.0
134.0
165.0
174.0
149.0
131.0
163.0
176.0
143.0
175.0
141.0
176.0
157.0
136.0
151.0
415.0
165.0
145.0
138.0
158.0
158.0
494.0
162.0
168.0
160.0
171.0
366.0
149.0
163.0
168.0
144.0
159.0
154.0
174.0
170.0
425.0
135.0
471.0
479.0
400.0
136.0
442.0
402.0
394.0
415.0
444.0
433.0
481.0
382.0
432.0
474.0
421.0
371.0
364.0
391.0
139.0
174.0
154.0
170.0
163.0
147.0
159.0
134.0
147.0
138.0
168.0
483.0
396.0
386.0
393.0
437.0
380.0
157.0
137.0
130.0
160.0
163.0
151.0
136.0
493.0
140.0
154.0
174.0
166.0
136.0
177.0
132.0
151.0
137.0
162.0
157.0
168.0
143.0
141.0
170.0
148.0
162.0
151.0
433.0
152.0
136.0
158.0
155.0
161.0
165.0
162.0
405.0
379.0
384.0
494.0
455.0
445.0
489.0
488.0
384.0
397.0
473.0
396.0
147.0
130.0
130.0
135.0
147.0
175.0
170.0
154.0
452.0
157.0
155.0
148.0
137.0
151.0
148.0
158.0
147.0
145.0
140.0
153.0
136.0
148.0
163.0
149.0
112.0
144.0
160.0
376.0
140.0
134.0
166.0
398.0
136.0
132.0
142.0
153.0
145.0
154.0
141.0
147.0
132.0
164.0
177.0
154.0
139.0
410.0
149.0
174.0
429.0
160.0
383.0
160.0
405.0
160.0
155.0
165.0
144.0
161.0
170.0
152.0
172.0
155.0
134.0
147.0
146.0
133.0
165.0
122.0
163.0
451.0
155.0
150.0
174.0
131.0
144.0
476.0
145.0
167.0
173.0
175.0
428.0
166.0
152.0
166.0
132.0
164.0
172.0
163.0
147.0
395.0
165.0
427.0
385.0
453.0
167.0
408.0
378.0
438.0
451.0
378.0
369.0
373.0
483.0
465.0
370.0
489.0
465.0
386.0
423.0
153.0
174.0
146.0
134.0
139.0
173.0
158.0
167.0
142.0
163.0
137.0
467.0
365.0
379.0
381.0
428.0
376.0
168.0
138.0
172.0
192.0
191.0
166.0
146.0
426.0
166.0
156.0
174.0
163.0
130.0
158.0
133.0
176.0
134.0
166.0
151.0
151.0
146.0
164.0
157.0
143.0
160.0
171.0
376.0
137.0
159.0
160.0
170.0
150.0
137.0
158.0
432.0
493.0
379.0
438.0
390.0
417.0
482.0
439.0
371.0
366.0
490.0
406.0
139.0
138.0
158.0
153.0
139.0
159.0
165.0
137.0
379.0
176.0
148.0
139.0
170.0
157.0
171.0
133.0
175.0
133.0
135.0
170.0
155.0
168.0
176.0
136.0
151.0
169.0
162.0
375.0
137.0
165.0
141.0
396.0
165.0
136.0
157.0
133.0
163.0
136.0
155.0
132.0
174.0
141.0
166.0
160.0
171.0
456.0
160.0
133.0
411.0
170.0
417.0
142.0
384.0
142.0
143.0
131.0
171.0
166.0
136.0
146.0
137.0
154.0
133.0
160.0
154.0
160.0
137.0
114.0
139.0
412.0
158.0
145.0
156.0
149.0
170.0
439.0
146.0
134.0
131.0
149.0
456.0
162.0
145.0
174.0
159.0
162.0
134.0
150.0
143.0
494.0
138.0
396.0
430.0
416.0
162.0
463.0
424.0
480.0
434.0
435.0
477.0
406.0
427.0
404.0
449.0
476.0
387.0
486.0
493.0
130.0
156.0
168.0
167.0
140.0
170.0
150.0
138.0
148.0
166.0
168.0
457.0
454.0
464.0
377.0
403.0
445.0
140.0
157.0
167.0
159.0
169.0
173.0
134.0
396.0
158.0
153.0
140.0
164.0
171.0
166.0
142.0
140.0
148.0
147.0
164.0
151.0
171.0
146.0
145.0
141.0
131.0
154.0
383.0
133.0
176.0
139.0
147.0
135.0
135.0
147.0
378.0
402.0
423.0
422.0
438.0
406.0
406.0
365.0
451.0
425.0
468.0
492.0
151.0
155.0
150.0
151.0
139.0
151.0
145.0
132.0
490.0
147.0
139.0
152.0
132.0
133.0
142.0
149.0
153.0
140.0
134.0
148.0
160.0
166.0
160.0
130.0
129.0
144.0
138.0
428.0
134.0
161.0
165.0
488.0
170.0
154.0
157.0
137.0
152.0
177.0
146.0
145.0
157.0
169.0
143.0
169.0
158.0
493.0
155.0
132.0
433.0
149.0
418.0
157.0
401.0
170.0
142.0
160.0
154.0
138.0
174.0
157.0
144.0
153.0
156.0
139.0
174.0
136.0
164.0
117.0
162.0
391.0
149.0
174.0
144.0
140.0
137.0
449.0
169.0
136.0
146.0
143.0
443.0
168.0
177.0
136.0
173.0
161.0
161.0
147.0
146.0
469.0
171.0
443.0
371.0
436.0
144.0
367.0
427.0
416.0
373.0
374.0
479.0
393.0
430.0
423.0
385.0
409.0
459.0
432.0
460.0
153.0
133.0
174.0
140.0
176.0
156.0
141.0
146.0
154.0
142.0
159.0
422.0
448.0
477.0
406.0
391.0
417.0
149.0
141.0
168.0
156.0
163.0
155.0
144.0
476.0
144.0
165.0
140.0
175.0
136.0
141.0
156.0
149.0
131.0
138.0
151.0
153.0
168.0
162.0
163.0
170.0
165.0
136.0
421.0
145.0
155.0
153.0
170.0
144.0
172.0
161.0
465.0
392.0
390.0
424.0
418.0
391.0
399.0
459.0
454.0
393.0
469.0
416.0
167.0
137.0
161.0
130.0
134.0
160.0
157.0
152.0
416.0
163.0
139.0
151.0
139.0
145.0
149.0
155.0
152.0
167.0
149.0
176.0
135.0
176.0
174.0
172.0
118.0
150.0
171.0
493.0
135.0
159.0
162.0
390.0
151.0
165.0
159.0
135.0
168.0
132.0
177.0
160.0
148.0
148.0
141.0
159.0
176.0
453.0
137.0
141.0
375.0
148.0
420.0
141.0
426.0
137.0
134.0
161.0
131.0
140.0
162.0
151.0
155.0
147.0
146.0
175.0
136.0
148.0
133.0
125.0
142.0
410.0
159.0
163.0
144.0
141.0
139.0
474.0
160.0
156.0
158.0
147.0
426.0
142.0
155.0
156.0
159.0
172.0
149.0
176.0
143.0
450.0
158.0
368.0
445.0
398.0
141.0
465.0
399.0
407.0
451.0
430.0
405.0
479.0
445.0
423.0
437.0
387.0
401.0
384.0
460.0
176.0
177.0
147.0
142.0
170.0
146.0
169.0
156.0
145.0
166.0
135.0
380.0
459.0
489.0
405.0
480.0
391.0
162.0
144.0
141.0
175.0
201.0
176.0
140.0
395.0
173.0
158.0
160.0
151.0
166.0
134.0
163.0
150.0
136.0
174.0
132.0
156.0
171.0
145.0
163.0
140.0
148.0
134.0
466.0
131.0
162.0
137.0
166.0
175.0
141.0
143.0
426.0
456.0
367.0
407.0
449.0
368.0
409.0
411.0
372.0
384.0
368.0
395.0
132.0
155.0
153.0
167.0
162.0
145.0
156.0
144.0
378.0
162.0
130.0
142.0
163.0
149.0
151.0
146.0
167.0
163.0
159.0
143.0
163.0
142.0
153.0
131.0
151.0
154.0
168.0
389.0
166.0
134.0
171.0
372.0
149.0
166.0
151.0
141.0
145.0
150.0
153.0
169.0
154.0
166.0
130.0
133.0
163.0
448.0
173.0
147.0
467.0
167.0
373.0
143.0
373.0
163.0
169.0
130.0
146.0
139.0
150.0
148.0
130.0
138.0
153.0
151.0
168.0
177.0
146.0
147.0
159.0
364.0
156.0
141.0
154.0
136.0
155.0
444.0
137.0
135.0
163.0
174.0
367.0
145.0
148.0
148.0
143.0
169.0
177.0
152.0
172.0
438.0
163.0
465.0
463.0
408.0
169.0
407.0
465.0
392.0
455.0
392.0
477.0
465.0
432.0
484.0
469.0
458.0
460.0
408.0
375.0
149.0
166.0
162.0
146.0
169.0
136.0
150.0
165.0
151.0
151.0
150.0
479.0
453.0
453.0
408.0
457.0
366.0
157.0
152.0
153.0
164.0
174.0
148.0
137.0
451.0
145.0
174.0
141.0
149.0
170.0
164.0
150.0
175.0
147.0
169.0
143.0
177.0
165.0
165.0
167.0
169.0
146.0
147.0
473.0
172.0
135.0
174.0
153.0
172.0
148.0
176.0
488.0
384.0
465.0
459.0
438.0
430.0
377.0
446.0
372.0
450.0
415.0
474.0
131.0
168.0
147.0
170.0
144.0
139.0
164.0
159.0
464.0
152.0
159.0
175.0
163.0
151.0
156.0
170.0
167.0
152.0
133.0
134.0
135.0
145.0
167.0
154.0
123.0
161.0
150.0
416.0
130.0
138.0
144.0
384.0
175.0
139.0
143.0
136.0
174.0
141.0
169.0
139.0
140.0
165.0
140.0
162.0
132.0
383.0
159.0
155.0
432.0
169.0
455.0
164.0
375.0
164.0
141.0
155.0
164.0
161.0
149.0
141.0
152.0
156.0
136.0
133.0
157.0
137.0
153.0
134.0
173.0
492.0
137.0
171.0
132.0
156.0
141.0
427.0
138.0
133.0
132.0
143.0
368.0
140.0
165.0
140.0
142.0
165.0
169.0
169.0
168.0
483.0
172.0
420.0
451.0
488.0
135.0
439.0
453.0
400.0
415.0
401.0
401.0
366.0
407.0
391.0
449.0
489.0
373.0
420.0
398.0
136.0
173.0
167.0
139.0
164.0
144.0
173.0
151.0
169.0
149.0
145.0
493.0
403.0
446.0
395.0
472.0
460.0
150.0
131.0
165.0
171.0
183.0
144.0
162.0
407.0
162.0
149.0
135.0
170.0
157.0
147.0
157.0
167.0
166.0
171.0
157.0
173.0
139.0
170.0
132.0
136.0
133.0
149.0
425.0
173.0
146.0
155.0
144.0
137.0
143.0
161.0
364.0
484.0
478.0
381.0
413.0
480.0
411.0
493.0
403.0
447.0
389.0
436.0
158.0
165.0
167.0
136.0
159.0
156.0
136.0
152.0
400.0
137.0
144.0
163.0
148.0
159.0
130.0
148.0
163.0
176.0
136.0
144.0
160.0
133.0
162.0
152.0
131.0
148.0
155.0
435.0
135.0
169.0
137.0
415.0
137.0
153.0
174.0
158.0
164.0
138.0
174.0
136.0
140.0
149.0
140.0
161.0
171.0
464.0
171.0
172.0
379.0
136.0
458.0
135.0
479.0
176.0
176.0
170.0
133.0
170.0
154.0
145.0
154.0
167.0
159.0
130.0
160.0
133.0
135.0
125.0
157.0
469.0
157.0
174.0
176.0
134.0
160.0
391.0
144.0
169.0
167.0
161.0
399.0
148.0
149.0
132.0
142.0
160.0
157.0
143.0
150.0
402.0
173.0
479.0
471.0
400.0
166.0
482.0
372.0
451.0
406.0
394.0
371.0
437.0
420.0
397.0
492.0
461.0
397.0
424.0
419.0
134.0
136.0
154.0
158.0
131.0
136.0
163.0
163.0
154.0
138.0
174.0
372.0
419.0
471.0
460.0
462.0
393.0
135.0
163.0
147.0
169.0
199.0
153.0
161.0
411.0
148.0
152.0
175.0
171.0
171.0
144.0
154.0
142.0
141.0
140.0
152.0
153.0
166.0
171.0
162.0
136.0
159.0
168.0
363.0
141.0
175.0
134.0
160.0
144.0
152.0
162.0
418.0
424.0
406.0
414.0
417.0
437.0
363.0
437.0
387.0
444.0
414.0
375.0
154.0
137.0
144.0
133.0
145.0
176.0
134.0
141.0
414.0
169.0
131.0
144.0
170.0
162.0
168.0
148.0
157.0
159.0
143.0
156.0
142.0
166.0
131.0
173.0
119.0
158.0
163.0
472.0
161.0
150.0
137.0
405.0
138.0
144.0
163.0
155.0
170.0
138.0
133.0
131.0
173.0
144.0
172.0
176.0
176.0
411.0
168.0
132.0
439.0
147.0
447.0
130.0
393.0
161.0
173.0
150.0
169.0
161.0
171.0
153.0
139.0
164.0
177.0
142.0
144.0
163.0
134.0
152.0
135.0
482.0
176.0
158.0
147.0
148.0
143.0
385.0
163.0
137.0
152.0
135.0
456.0
150.0
154.0
151.0
137.0
176.0
168.0
142.0
142.0
403.0
134.0
411.0
448.0
430.0
148.0
438.0
468.0
417.0
431.0
398.0
455.0
461.0
432.0
393.0
366.0
440.0
369.0
444.0
416.0
172.0
156.0
169.0
143.0
139.0
171.0
159.0
153.0
162.0
159.0
153.0
449.0
392.0
390.0
437.0
491.0
370.0
162.0
132.0
172.0
161.0
191.0
150.0
174.0
456.0
132.0
161.0
155.0
170.0
170.0
137.0
164.0
175.0
141.0
149.0
176.0
176.0
173.0
142.0
149.0
153.0
150.0
153.0
449.0
165.0
155.0
133.0
153.0
157.0
138.0
141.0
397.0
379.0
368.0
403.0
488.0
479.0
449.0
468.0
367.0
381.0
423.0
410.0
163.0
130.0
141.0
159.0
130.0
172.0
135.0
165.0
373.0
157.0
160.0
158.0
151.0
160.0
132.0
151.0
176.0
169.0
144.0
132.0
140.0
152.0
173.0
142.0
150.0
135.0
148.0
411.0
145.0
135.0
167.0
390.0
171.0
160.0
131.0
152.0
144.0
147.0
150.0
169.0
164.0
135.0
140.0
168.0
175.0
447.0
149.0
153.0
475.0
171.0
469.0
152.0
472.0
133.0
162.0
167.0
142.0
161.0
146.0
157.0
176.0
168.0
136.0
164.0
156.0
174.0
173.0
145.0
160.0
479.0
154.0
136.0
170.0
132.0
163.0
421.0
130.0
140.0
144.0
171.0
401.0
157.0
171.0
138.0
135.0
137.0
177.0
136.0
155.0
465.0
173.0
457.0
443.0
395.0
143.0
446.0
475.0
402.0
393.0
377.0
465.0
438.0
464.0
493.0
405.0
455.0
436.0
463.0
425.0
136.0
152.0
168.0
150.0
149.0
145.0
143.0
136.0
174.0
170.0
132.0
484.0
429.0
470.0
484.0
480.0
382.0
164.0
132.0
175.0
203.0
182.0
176.0
161.0
482.0
157.0
175.0
157.0
150.0
137.0
159.0
149.0
139.0
171.0
164.0
154.0
131.0
162.0
169.0
141.0
144.0
167.0
147.0
390.0
139.0
148.0
164.0
168.0
155.0
163.0
135.0
389.0
438.0
453.0
478.0
439.0
410.0
414.0
438.0
466.0
400.0
493.0
384.0
142.0
169.0
173.0
169.0
131.0
175.0
151.0
160.0
384.0
152.0
131.0
162.0
175.0
143.0
159.0
167.0
167.0
149.0
154.0
157.0
142.0
138.0
133.0
168.0
121.0
131.0
177.0
483.0
175.0
162.0
172.0
423.0
175.0
167.0
153.0
174.0
170.0
140.0
139.0
168.0
139.0
158.0
159.0
132.0
163.0
470.0
149.0
152.0
472.0
150.0
436.0
160.0
397.0
156.0
163.0
173.0
131.0
145.0
156.0
146.0
138.0
132.0
134.0
136.0
136.0
167.0
144.0
150.0
151.0
369.0
162.0
151.0
144.0
155.0
161.0
434.0
132.0
140.0
161.0
159.0
455.0
155.0
154.0
149.0
132.0
176.0
151.0
139.0
135.0
445.0
169.0
382.0
448.0
419.0
151.0
375.0
389.0
383.0
471.0
445.0
494.0
423.0
374.0
403.0
414.0
404.0
411.0
363.0
484.0
173.0
151.0
134.0
132.0
159.0
154.0
160.0
139.0
173.0
133.0
135.0
438.0
483.0
404.0
378.0
490.0
397.0
156.0
134.0
159.0
180.0
186.0
138.0
157.0
493.0
137.0
152.0
145.0
131.0
143.0
161.0
158.0
174.0
138.0
151.0
160.0
139.0
144.0
150.0
143.0
158.0
155.0
141.0
446.0
150.0
148.0
144.0
140.0
173.0
174.0
152.0
487.0
416.0
417.0
486.0
399.0
400.0
401.0
490.0
383.0
398.0
419.0
464.0
175.0
161.0
166.0
163.0
148.0
177.0
148.0
168.0
492.0
166.0
131.0
175.0
165.0
147.0
152.0
159.0
134.0
148.0
138.0
164.0
132.0
176.0
142.0
133.0
127.0
169.0
167.0
421.0
144.0
174.0
150.0
404.0
159.0
150.0
166.0
170.0
160.0
164.0
137.0
151.0
140.0
144.0
139.0
135.0
168.0
425.0
139.0
154.0
383.0
177.0
370.0
144.0
393.0
158.0
165.0
138.0
155.0
154.0
173.0
169.0
161.0
170.0
164.0
159.0
134.0
137.0
154.0
134.0
140.0
445.0
136.0
142.0
147.0
168.0
143.0
448.0
141.0
166.0
158.0
158.0
482.0
177.0
167.0
132.0
151.0
157.0
131.0
172.0
170.0
413.0
138.0
363.0
463.0
410.0
162.0
366.0
479.0
374.0
405.0
481.0
453.0
387.0
365.0
378.0
414.0
412.0
395.0
396.0
395.0
136.0
137.0
147.0
174.0
140.0
134.0
135.0
147.0
165.0
138.0
163.0
385.0
391.0
404.0
415.0
488.0
370.0
165.0
156.0
166.0
172.0
187.0
172.0
150.0
466.0
173.0
151.0
175.0
138.0
177.0
132.0
171.0
130.0
134.0
167.0
138.0
168.0
148.0
146.0
158.0
138.0
135.0
151.0
374.0
141.0
160.0
163.0
156.0
149.0
159.0
156.0
470.0
455.0
381.0
396.0
470.0
406.0
421.0
486.0
451.0
382.0
425.0
391.0
139.0
134.0
149.0
176.0
174.0
165.0
173.0
139.0
477.0
167.0
175.0
133.0
138.0
165.0
132.0
155.0
175.0
150.0
150.0
145.0
160.0
135.0
175.0
177.0
128.0
174.0
176.0
384.0
137.0
158.0
169.0
452.0
155.0
170.0
134.0
171.0
137.0
161.0
177.0
140.0
133.0
133.0
134.0
138.0
138.0
462.0
140.0
131.0
482.0
145.0
477.0
171.0
431.0
151.0
168.0
135.0
131.0
158.0
162.0
142.0
141.0
173.0
159.0
164.0
154.0
146.0
145.0
148.0
152.0
411.0
131.0
163.0
156.0
161.0
144.0
471.0
134.0
163.0
170.0
156.0
427.0
135.0
145.0
149.0
155.0
137.0
136.0
139.0
131.0
467.0
165.0
440.0
380.0
393.0
172.0
459.0
400.0
470.0
433.0
435.0
424.0
437.0
464.0
429.0
382.0
367.0
493.0
374.0
408.0
131.0
162.0
146.0
150.0
147.0
134.0
138.0
167.0
171.0
143.0
138.0
407.0
384.0
439.0
406.0
437.0
366.0
149.0
163.0
161.0
167.0
187.0
137.0
166.0
429.0
151.0
154.0
151.0
139.0
143.0
164.0
177.0
174.0
165.0
138.0
139.0
167.0
152.0
176.0
153.0
135.0
160.0
172.0
453.0
139.0
170.0
140.0
174.0
169.0
165.0
133.0
402.0
400.0
377.0
425.0
392.0
446.0
486.0
418.0
475.0
399.0
388.0
472.0
168.0
174.0
153.0
176.0
136.0
173.0
175.0
173.0
379.0
173.0
169.0
166.0
164.0
170.0
163.0
138.0
151.0
168.0
153.0
140.0
167.0
155.0
142.0
145.0
113.0
141.0
171.0
405.0
169.0
140.0
170.0
435.0
155.0
158.0
174.0
156.0
159.0
166.0
149.0
177.0
161.0
153.0
168.0
153.0
141.0
395.0
176.0
175.0
410.0
157.0
417.0
141.0
476.0
153.0
144.0
144.0
175.0
137.0
169.0
149.0
175.0
151.0
154.0
161.0
173.0
135.0
169.0
119.0
145.0
419.0
138.0
167.0
162.0
172.0
134.0
453.0
140.0
141.0
141.0
166.0
364.0
160.0
156.0
154.0
157.0
134.0
154.0
148.0
148.0
402.0
154.0
444.0
392.0
427.0
172.0
395.0
485.0
370.0
471.0
398.0
388.0
476.0
398.0
376.0
425.0
454.0
472.0
428.0
374.0
140.0
132.0
130.0
133.0
141.0
150.0
150.0
148.0
150.0
148.0
161.0
441.0
428.0
475.0
395.0
365.0
450.0
138.0
149.0
176.0
205.0
185.0
133.0
165.0
417.0
153.0
161.0
144.0
157.0
131.0
144.0
168.0
157.0
131.0
171.0
160.0
171.0
139.0
176.0
148.0
144.0
171.0
170.0
476.0
130.0
140.0
162.0
150.0
164.0
141.0
170.0
488.0
492.0
369.0
401.0
386.0
433.0
450.0
456.0
424.0
365.0
455.0
413.0
133.0
157.0
135.0
176.0
152.0
133.0
165.0
154.0
415.0
175.0
149.0
137.0
157.0
140.0
154.0
176.0
144.0
152.0
167.0
156.0
151.0
159.0
150.0
165.0
132.0
151.0
162.0
454.0
155.0
131.0
176.0
432.0
152.0
168.0
157.0
135.0
133.0
172.0
176.0
141.0
139.0
166.0
137.0
163.0
151.0
408.0
149.0
158.0
422.0
156.0
433.0
152.0
485.0
143.0
152.0
131.0
165.0
167.0
165.0
174.0
149.0
160.0
143.0
164.0
157.0
130.0
145.0
145.0
170.0
469.0
168.0
131.0
157.0
167.0
137.0
411.0
163.0
130.0
149.0
176.0
469.0
173.0
146.0
137.0
169.0
131.0
159.0
138.0
132.0
392.0
154.0
395.0
439.0
460.0
156.0
470.0
389.0
442.0
363.0
366.0
405.0
377.0
423.0
493.0
440.0
428.0
422.0
410.0
375.0
175.0
135.0
141.0
157.0
159.0
148.0
148.0
165.0
137.0
137.0
143.0
482.0
387.0
392.0
446.0
392.0
443.0
143.0
136.0
152.0
175.0
157.0
168.0
141.0
461.0
154.0
138.0
161.0
149.0
142.0
172.0
141.0
162.0
141.0
170.0
146.0
149.0
144.0
172.0
160.0
171.0
142.0
142.0
394.0
152.0
169.0
173.0
147.0
159.0
165.0
138.0
494.0
401.0
381.0
487.0
462.0
482.0
382.0
386.0
466.0
462.0
377.0
468.0
160.0
134.0
173.0
143.0
144.0
151.0
144.0
174.0
478.0
130.0
147.0
146.0
157.0
172.0
143.0
149.0
132.0
172.0
139.0
141.0
134.0
169.0
172.0
159.0
133.0
162.0
141.0
475.0
158.0
136.0
133.0
397.0
172.0
138.0
165.0
157.0
148.0
172.0
151.0
131.0
153.0
158.0
135.0
169.0
142.0
495.0
153.0
156.0
424.0
174.0
484.0
135.0
473.0
174.0
150.0
133.0
130.0
163.0
154.0
172.0
159.0
138.0
167.0
150.0
170.0
160.0
131.0
117.0
149.0
440.0
162.0
156.0
144.0
157.0
159.0
470.0
155.0
160.0
161.0
157.0
384.0
144.0
151.0
164.0
145.0
156.0
147.0
142.0
149.0
480.0
167.0
440.0
411.0
381.0
165.0
366.0
468.0
441.0
473.0
409.0
393.0
458.0
368.0
422.0
371.0
417.0
445.0
450.0
458.0
164.0
146.0
138.0
137.0
145.0
164.0
166.0
163.0
144.0
176.0
153.0
367.0
490.0
365.0
414.0
434.0
453.0
148.0
136.0
154.0
161.0
165.0
136.0
173.0
426.0
169.0
169.0
159.0
168.0
159.0
168.0
149.0
165.0
160.0
138.0
134.0
158.0
140.0
146.0
153.0
134.0
147.0
135.0
408.0
140.0
153.0
159.0
137.0
149.0
141.0
163.0
431.0
385.0
421.0
457.0
478.0
455.0
455.0
450.0
370.0
401.0
365.0
413.0
157.0
158.0
145.0
136.0
149.0
170.0
138.0
164.0
441.0
169.0
157.0
136.0
135.0
135.0
132.0
134.0
161.0
156.0
135.0
145.0
140.0
168.0
174.0
142.0
114.0
155.0
174.0
419.0
173.0
174.0
144.0
471.0
165.0
133.0
130.0
131.0
153.0
148.0
158.0
171.0
153.0
134.0
168.0
172.0
160.0
489.0
135.0
168.0
386.0
164.0
393.0
167.0
370.0
142.0
159.0
153.0
134.0
134.0
151.0
165.0
143.0
176.0
139.0
157.0
136.0
161.0
146.0
149.0
169.0
485.0
159.0
139.0
151.0
162.0
158.0
462.0
169.0
158.0
176.0
157.0
447.0
149.0
150.0
169.0
159.0
148.0
133.0
147.0
147.0
377.0
135.0
377.0
485.0
424.0
169.0
463.0
480.0
373.0
377.0
442.0
391.0
383.0
424.0
379.0
448.0
420.0
476.0
454.0
419.0
176.0
171.0
163.0
171.0
165.0
140.0
165.0
170.0
148.0
155.0
167.0
410.0
443.0
462.0
419.0
435.0
489.0
168.0
166.0
135.0
