I_BRKGA_178_6_5_1_CESP
178 6 5 494.0
61095.5
63526.5
56739.5
64542.5
62417.5
0.2151636814242926
0.17814406446119618
0.22961311751245883
0.17342320748312479
0.2036559291189276
129.0
127.0
111.0
116.0
121.0
117.0
2557.0
22.0
1261.0
1300.0
67.0
529.0
515.0
1259.0
33.0
559.0
109.0
180.0
45.0
330.0
250.0
377.0
61.0
312.0
234.0
481.0
198.0
1090.0
155.0
346.0
439.0
1275.0
2501.0
1060.0
1046.0
12.0
232.0
510.0
274.0
71.0
249.0
78.0
275.0
13.0
10.0
10.0
11.0
13.0
11.0
13.0
98.0
14.0
11.0
11.0
29.0
342.0
166.0
822.0
1294.0
583.0
350.0
1093.0
287.0
159.0
823.0
5418.0
5582.0
125.0
161.0
321.0
51.0
27.0
186.0
218.0
193.0
524.0
27.0
74.0
65.0
27.0
121.0
27.0
33.0
19.0
118.0
165.0
823.0
51.0
121.0
64.0
43.0
157.0
203.0
332.0
155.0
169.0
72.0
866.0
159.0
152.0
789.0
36.0
60.0
214.0
97.0
14.0
327.0
123.0
20.0
24.0
31.0
8.0
75.0
264.0
109.0
72.0
83.0
59.0
38.0
86.0
145.0
49.0
25.0
55.0
154.0
111.0
83.0
131.0
48.0
61.0
7.0
1524.0
54.0
114.0
56.0
47.0
618.0
847.0
116.0
1337.0
1131.0
24.0
123.0
108.0
272.0
6689.0
212.0
99.0
159.0
270.0
31.0
275.0
28.0
121.0
237.0
78.0
139.0
792.0
117.0
144.0
431.0
306.0
221.0
69.0
1166.0
127.0
120.0
68.0
89.0
114.0
19.0
265.0
192.0
352.0
169.0
37.0
67.0
51.0
187.0
224.0
292.0
203.0
832.0
1230.0
475.0
1336.0
33.0
548.0
117.0
179.0
44.0
348.0
247.0
398.0
61.0
312.0
227.0
488.0
198.0
1126.0
163.0
332.0
447.0
1263.0
2604.0
1106.0
1037.0
13.0
231.0
538.0
288.0
71.0
248.0
75.0
294.0
13.0
10.0
10.0
12.0
14.0
12.0
13.0
98.0
14.0
12.0
12.0
29.0
359.0
157.0
780.0
1283.0
557.0
350.0
1197.0
281.0
148.0
845.0
5219.0
5574.0
128.0
160.0
329.0
46.0
29.0
178.0
215.0
177.0
487.0
27.0
72.0
61.0
27.0
122.0
28.0
30.0
20.0
111.0
176.0
863.0
49.0
119.0
63.0
45.0
161.0
203.0
336.0
151.0
160.0
70.0
819.0
156.0
152.0
754.0
35.0
65.0
212.0
89.0
14.0
345.0
119.0
19.0
26.0
31.0
8.0
74.0
269.0
108.0
67.0
91.0
57.0
40.0
85.0
147.0
49.0
26.0
55.0
150.0
104.0
80.0
126.0
48.0
67.0
7.0
1573.0
55.0
117.0
54.0
48.0
625.0
803.0
119.0
1429.0
1053.0
26.0
114.0
113.0
254.0
6678.0
209.0
92.0
167.0
292.0
31.0
270.0
29.0
118.0
242.0
83.0
136.0
767.0
115.0
150.0
450.0
323.0
222.0
71.0
1252.0
127.0
122.0
68.0
93.0
118.0
19.0
256.0
199.0
355.0
170.0
36.0
65.0
51.0
196.0
236.0
304.0
200.0
877.0
1261.0
479.0
1264.0
33.0
543.0
117.0
181.0
45.0
328.0
255.0
392.0
57.0
297.0
230.0
503.0
198.0
1130.0
157.0
344.0
411.0
1383.0
2608.0
1089.0
1035.0
12.0
229.0
557.0
295.0
70.0
241.0
79.0
293.0
14.0
10.0
10.0
12.0
14.0
12.0
14.0
95.0
14.0
12.0
12.0
28.0
370.0
161.0
785.0
1257.0
575.0
348.0
1191.0
293.0
146.0
832.0
5232.0
5725.0
120.0
163.0
318.0
48.0
29.0
184.0
224.0
187.0
526.0
26.0
73.0
61.0
25.0
123.0
28.0
31.0
20.0
111.0
174.0
886.0
50.0
124.0
61.0
43.0
162.0
221.0
323.0
151.0
160.0
76.0
801.0
152.0
143.0
729.0
37.0
62.0
214.0
96.0
14.0
356.0
126.0
20.0
26.0
32.0
8.0
75.0
275.0
107.0
68.0
89.0
57.0
38.0
84.0
145.0
45.0
26.0
57.0
158.0
105.0
81.0
127.0
47.0
62.0
7.0
1666.0
59.0
109.0
56.0
46.0
654.0
844.0
117.0
1343.0
1144.0
24.0
112.0
111.0
278.0
6277.0
200.0
99.0
163.0
289.0
32.0
275.0
29.0
126.0
246.0
80.0
131.0
796.0
117.0
159.0
433.0
318.0
209.0
68.0
1188.0
124.0
116.0
69.0
90.0
115.0
20.0
262.0
189.0
356.0
160.0
39.0
69.0
48.0
202.0
221.0
324.0
190.0
868.0
1255.0
475.0
1274.0
36.0
542.0
112.0
191.0
45.0
317.0
250.0
368.0
61.0
319.0
216.0
484.0
209.0
1045.0
163.0
339.0
436.0
1377.0
2665.0
1032.0
1033.0
12.0
225.0
558.0
269.0
73.0
236.0
76.0
274.0
14.0
10.0
10.0
12.0
14.0
12.0
14.0
93.0
14.0
11.0
12.0
29.0
339.0
157.0
815.0
1363.0
572.0
360.0
1198.0
276.0
150.0
847.0
5504.0
5848.0
123.0
158.0
324.0
47.0
28.0
186.0
222.0
195.0
523.0
28.0
78.0
64.0
27.0
127.0
27.0
33.0
20.0
109.0
162.0
879.0
50.0
124.0
62.0
42.0
162.0
203.0
328.0
141.0
173.0
70.0
807.0
165.0
141.0
760.0
36.0
65.0
203.0
97.0
14.0
322.0
119.0
21.0
25.0
32.0
8.0
71.0
254.0
107.0
71.0
85.0
56.0
38.0
85.0
154.0
48.0
25.0
53.0
163.0
110.0
86.0
139.0
47.0
65.0
7.0
1604.0
55.0
113.0
58.0
44.0
625.0
879.0
115.0
1349.0
1045.0
26.0
122.0
109.0
270.0
6823.0
198.0
98.0
156.0
285.0
33.0
281.0
29.0
123.0
237.0
75.0
129.0
760.0
124.0
156.0
433.0
324.0
209.0
65.0
1246.0
125.0
126.0
73.0
92.0
120.0
19.0
264.0
194.0
375.0
158.0
36.0
70.0
52.0
204.0
232.0
296.0
198.0
874.0
1265.0
517.0
1232.0
36.0
545.0
110.0
189.0
45.0
349.0
252.0
365.0
59.0
289.0
234.0
465.0
218.0
1055.0
162.0
336.0
424.0
1387.0
2502.0
1045.0
988.0
12.0
232.0
538.0
274.0
72.0
254.0
80.0
279.0
14.0
10.0
10.0
12.0
14.0
12.0
14.0
95.0
14.0
12.0
11.0
27.0
369.0
169.0
788.0
1364.0
596.0
344.0
1099.0
274.0
145.0
850.0
5504.0
5581.0
125.0
161.0
335.0
50.0
27.0
187.0
224.0
178.0
495.0
27.0
79.0
65.0
26.0
124.0
27.0
32.0
20.0
119.0
169.0
840.0
52.0
123.0
62.0
44.0
162.0
203.0
330.0
147.0
165.0
72.0
881.0
158.0
152.0
786.0
35.0
64.0
207.0
90.0
14.0
332.0
126.0
20.0
24.0
30.0
8.0
76.0
258.0
109.0
69.0
87.0
55.0
39.0
81.0
146.0
46.0
27.0
58.0
148.0
101.0
84.0
134.0
48.0
64.0
7.0
1602.0
55.0
117.0
54.0
47.0
615.0
878.0
120.0
1406.0
1056.0
24.0
122.0
116.0
265.0
6758.0
200.0
93.0
155.0
294.0
32.0
286.0
27.0
118.0
238.0
82.0
129.0
762.0
121.0
153.0
419.0
305.0
224.0
66.0
1209.0
131.0
118.0
72.0
85.0
122.0
20.0
257.0
203.0
371.0
167.0
39.0
70.0
53.0
201.0
232.0
303.0
195.0
825.0
1276.0
188.0
190.0
170.0
134.0
469.0
174.0
176.0
139.0
134.0
173.0
165.0
176.0
162.0
172.0
144.0
159.0
137.0
169.0
164.0
147.0
165.0
166.0
157.0
414.0
163.0
138.0
177.0
169.0
154.0
173.0
146.0
423.0
433.0
469.0
439.0
484.0
465.0
454.0
474.0
414.0
482.0
384.0
364.0
132.0
136.0
132.0
136.0
172.0
133.0
131.0
133.0
448.0
172.0
147.0
162.0
168.0
154.0
168.0
147.0
135.0
156.0
145.0
174.0
131.0
136.0
175.0
130.0
149.0
174.0
135.0
406.0
134.0
135.0
132.0
492.0
162.0
169.0
150.0
136.0
155.0
163.0
177.0
168.0
135.0
137.0
177.0
174.0
131.0
457.0
168.0
165.0
386.0
167.0
471.0
172.0
395.0
131.0
159.0
143.0
136.0
171.0
175.0
151.0
151.0
159.0
139.0
148.0
154.0
170.0
131.0
116.0
176.0
454.0
163.0
162.0
147.0
163.0
140.0
435.0
139.0
151.0
130.0
162.0
380.0
144.0
136.0
161.0
159.0
167.0
138.0
171.0
172.0
456.0
130.0
378.0
402.0
446.0
155.0
461.0
400.0
447.0
460.0
469.0
425.0
415.0
479.0
478.0
465.0
490.0
423.0
459.0
426.0
171.0
150.0
165.0
156.0
141.0
169.0
172.0
170.0
145.0
162.0
163.0
469.0
415.0
468.0
428.0
472.0
370.0
134.0
163.0
160.0
170.0
164.0
143.0
172.0
373.0
168.0
141.0
145.0
167.0
167.0
134.0
168.0
147.0
133.0
165.0
145.0
132.0
131.0
158.0
162.0
135.0
157.0
157.0
418.0
131.0
149.0
138.0
150.0
160.0
169.0
145.0
472.0
493.0
436.0
378.0
429.0
398.0
381.0
435.0
405.0
465.0
461.0
476.0
165.0
172.0
165.0
131.0
144.0
165.0
142.0
154.0
436.0
154.0
160.0
149.0
131.0
134.0
140.0
157.0
152.0
145.0
146.0
145.0
158.0
173.0
137.0
165.0
140.0
175.0
158.0
479.0
140.0
159.0
131.0
380.0
136.0
142.0
168.0
166.0
142.0
139.0
141.0
146.0
155.0
131.0
155.0
151.0
151.0
463.0
166.0
134.0
371.0
156.0
456.0
146.0
479.0
171.0
150.0
164.0
169.0
176.0
169.0
169.0
149.0
144.0
148.0
140.0
131.0
144.0
177.0
119.0
156.0
420.0
156.0
131.0
177.0
157.0
169.0
452.0
167.0
137.0
149.0
152.0
472.0
154.0
141.0
145.0
160.0
152.0
161.0
176.0
177.0
386.0
138.0
460.0
488.0
419.0
145.0
481.0
410.0
407.0
379.0
484.0
480.0
482.0
440.0
375.0
415.0
470.0
436.0
491.0
398.0
162.0
141.0
134.0
164.0
148.0
140.0
161.0
158.0
146.0
165.0
136.0
463.0
467.0
418.0
378.0
414.0
427.0
171.0
162.0
167.0
169.0
205.0
143.0
140.0
464.0
138.0
169.0
137.0
147.0
139.0
151.0
176.0
141.0
165.0
139.0
168.0
163.0
168.0
157.0
132.0
152.0
174.0
166.0
366.0
162.0
158.0
167.0
156.0
136.0
153.0
135.0
422.0
380.0
482.0
426.0
413.0
386.0
427.0
448.0
403.0
379.0
400.0
461.0
160.0
155.0
162.0
140.0
176.0
157.0
161.0
149.0
448.0
153.0
163.0
163.0
164.0
160.0
165.0
141.0
142.0
151.0
161.0
133.0
165.0
174.0
172.0
175.0
112.0
155.0
164.0
409.0
148.0
157.0
145.0
400.0
151.0
148.0
168.0
177.0
169.0
176.0
171.0
167.0
137.0
173.0
151.0
142.0
161.0
443.0
164.0
174.0
392.0
144.0
475.0
177.0
375.0
147.0
132.0
163.0
141.0
168.0
174.0
148.0
138.0
177.0
154.0
157.0
165.0
176.0
162.0
118.0
146.0
371.0
159.0
132.0
142.0
152.0
146.0
441.0
141.0
132.0
131.0
151.0
455.0
154.0
137.0
139.0
167.0
172.0
157.0
149.0
153.0
470.0
169.0
385.0
418.0
470.0
153.0
420.0
486.0
380.0
416.0
403.0
464.0
419.0
364.0
415.0
407.0
412.0
368.0
485.0
406.0
137.0
150.0
176.0
147.0
140.0
138.0
138.0
163.0
132.0
153.0
171.0
399.0
422.0
429.0
403.0
462.0
473.0
138.0
148.0
137.0
186.0
179.0
147.0
145.0
409.0
172.0
143.0
140.0
156.0
155.0
170.0
175.0
137.0
172.0
147.0
133.0
137.0
163.0
170.0
135.0
163.0
147.0
143.0
489.0
131.0
141.0
174.0
145.0
156.0
155.0
167.0
381.0
418.0
434.0
470.0
365.0
382.0
437.0
447.0
364.0
493.0
478.0
445.0
136.0
161.0
146.0
159.0
157.0
170.0
159.0
168.0
420.0
150.0
138.0
147.0
157.0
154.0
145.0
175.0
162.0
150.0
147.0
143.0
173.0
130.0
135.0
130.0
128.0
148.0
158.0
381.0
169.0
177.0
177.0
413.0
160.0
167.0
148.0
131.0
148.0
133.0
158.0
164.0
134.0
159.0
131.0
169.0
155.0
477.0
166.0
148.0
433.0
137.0
364.0
172.0
447.0
160.0
149.0
149.0
150.0
140.0
160.0
155.0
161.0
152.0
150.0
154.0
165.0
158.0
134.0
133.0
156.0
478.0
172.0
154.0
139.0
176.0
131.0
434.0
154.0
142.0
136.0
155.0
425.0
175.0
143.0
154.0
149.0
160.0
139.0
174.0
135.0
447.0
135.0
478.0
494.0
387.0
140.0
479.0
378.0
405.0
478.0
483.0
410.0
379.0
381.0
441.0
412.0
444.0
488.0
471.0
380.0
148.0
144.0
147.0
170.0
169.0
133.0
176.0
176.0
160.0
150.0
139.0
411.0
462.0
376.0
476.0
467.0
373.0
155.0
136.0
151.0
185.0
161.0
139.0
140.0
442.0
135.0
145.0
157.0
152.0
133.0
167.0
167.0
165.0
141.0
167.0
151.0
173.0
142.0
154.0
155.0
173.0
137.0
166.0
475.0
133.0
133.0
133.0
135.0
155.0
158.0
174.0
413.0
469.0
388.0
474.0
409.0
414.0
431.0
376.0
471.0
423.0
490.0
433.0
152.0
173.0
168.0
169.0
149.0
162.0
153.0
172.0
440.0
160.0
140.0
154.0
161.0
169.0
159.0
140.0
177.0
160.0
146.0
145.0
138.0
147.0
172.0
133.0
138.0
134.0
168.0
468.0
176.0
172.0
142.0
432.0
149.0
170.0
154.0
133.0
170.0
142.0
170.0
169.0
157.0
139.0
133.0
168.0
135.0
385.0
146.0
156.0
385.0
154.0
401.0
174.0
432.0
173.0
155.0
135.0
149.0
136.0
173.0
173.0
156.0
160.0
151.0
167.0
132.0
135.0
145.0
144.0
165.0
453.0
166.0
137.0
169.0
149.0
157.0
480.0
159.0
155.0
157.0
176.0
479.0
156.0
144.0
145.0
148.0
165.0
157.0
153.0
135.0
368.0
131.0
489.0
425.0
428.0
159.0
395.0
448.0
396.0
419.0
408.0
457.0
396.0
452.0
388.0
393.0
469.0
459.0
375.0
406.0
171.0
136.0
152.0
161.0
163.0
145.0
138.0
164.0
174.0
151.0
147.0
396.0
463.0
422.0
449.0
479.0
416.0
144.0
175.0
138.0
