I_BRKGA_178_6_10_2_CESP
178 6 10 495.0
56691.5
60431.5
62791.5
55676.5
54746.5
60262.5
60809.5
61374.5
62050.5
56320.5
0.1042196188181656
0.09794085325166718
0.10130510446325583
0.08827343363981907
0.10723782414511136
0.0864501027430951
0.11807446248582973
0.082914840371127
0.11765205203797806
0.09593170804395112
118.0
107.0
120.0
117.0
117.0
114.0
2557.0
22.0
1261.0
1300.0
67.0
529.0
487.0
1330.0
36.0
536.0
115.0
191.0
46.0
350.0
258.0
390.0
57.0
299.0
220.0
492.0
212.0
1057.0
171.0
335.0
407.0
1374.0
2675.0
1062.0
981.0
13.0
217.0
507.0
283.0
76.0
251.0
80.0
288.0
14.0
10.0
10.0
12.0
14.0
12.0
13.0
100.0
14.0
11.0
12.0
28.0
367.0
159.0
774.0
1386.0
584.0
329.0
1139.0
284.0
145.0
848.0
5266.0
5508.0
125.0
160.0
328.0
47.0
27.0
186.0
205.0
188.0
494.0
28.0
72.0
63.0
26.0
124.0
28.0
31.0
20.0
109.0
172.0
870.0
52.0
120.0
63.0
42.0
161.0
209.0
320.0
154.0
159.0
72.0
816.0
168.0
147.0
770.0
36.0
65.0
196.0
95.0
14.0
323.0
128.0
20.0
25.0
29.0
8.0
74.0
255.0
106.0
70.0
86.0
59.0
38.0
82.0
141.0
46.0
25.0
57.0
160.0
106.0
85.0
138.0
47.0
64.0
7.0
1528.0
56.0
114.0
56.0
47.0
638.0
836.0
115.0
1375.0
1085.0
26.0
121.0
117.0
268.0
6637.0
196.0
101.0
157.0
293.0
32.0
275.0
30.0
122.0
244.0
76.0
140.0
828.0
120.0
155.0
423.0
304.0
210.0
67.0
1279.0
125.0
127.0
70.0
86.0
117.0
18.0
246.0
196.0
339.0
163.0
37.0
65.0
52.0
189.0
230.0
320.0
191.0
844.0
1249.0
502.0
1228.0
36.0
545.0
113.0
188.0
48.0
325.0
268.0
372.0
57.0
294.0
220.0
480.0
216.0
1062.0
160.0
350.0
447.0
1348.0
2745.0
1098.0
1035.0
12.0
223.0
560.0
288.0
72.0
254.0
82.0
291.0
14.0
9.0
10.0
12.0
14.0
11.0
13.0
91.0
13.0
11.0
12.0
27.0
339.0
171.0
820.0
1378.0
566.0
338.0
1159.0
281.0
154.0
827.0
5246.0
5906.0
119.0
160.0
305.0
51.0
28.0
178.0
207.0
180.0
533.0
26.0
79.0
64.0
27.0
126.0
28.0
33.0
20.0
111.0
167.0
882.0
49.0
122.0
66.0
44.0
151.0
220.0
342.0
147.0
170.0
75.0
884.0
156.0
148.0
767.0
38.0
62.0
209.0
94.0
13.0
338.0
125.0
20.0
25.0
30.0
8.0
71.0
254.0
104.0
70.0
91.0
59.0
39.0
88.0
143.0
47.0
26.0
54.0
150.0
108.0
81.0
132.0
45.0
61.0
7.0
1564.0
59.0
116.0
54.0
44.0
615.0
857.0
111.0
1413.0
1054.0
24.0
112.0
113.0
264.0
6688.0
211.0
96.0
156.0
270.0
32.0
275.0
30.0
126.0
250.0
76.0
136.0
775.0
120.0
147.0
429.0
316.0
208.0
70.0
1248.0
132.0
120.0
73.0
90.0
113.0
20.0
272.0
199.0
375.0
174.0
38.0
68.0
53.0
205.0
238.0
304.0
200.0
827.0
1208.0
518.0
1265.0
34.0
536.0
110.0
183.0
45.0
332.0
268.0
399.0
59.0
296.0
225.0
496.0
202.0
1076.0
166.0
326.0
447.0
1265.0
2697.0
1034.0
964.0
12.0
223.0
533.0
266.0
76.0
254.0
82.0
284.0
14.0
10.0
10.0
12.0
14.0
12.0
13.0
91.0
14.0
12.0
12.0
28.0
341.0
172.0
838.0
1255.0
563.0
353.0
1141.0
277.0
153.0
834.0
5472.0
5958.0
123.0
158.0
328.0
50.0
29.0
176.0
204.0
180.0
502.0
27.0
77.0
67.0
25.0
127.0
27.0
31.0
20.0
119.0
177.0
894.0
52.0
130.0
62.0
44.0
160.0
204.0
314.0
147.0
166.0
71.0
862.0
166.0
145.0
780.0
36.0
66.0
202.0
90.0
14.0
340.0
127.0
21.0
24.0
32.0
8.0
73.0
260.0
103.0
74.0
87.0
54.0
40.0
87.0
141.0
46.0
27.0
57.0
157.0
105.0
82.0
129.0
47.0
64.0
7.0
1576.0
56.0
112.0
58.0
45.0
604.0
875.0
122.0
1344.0
1130.0
25.0
121.0
116.0
260.0
6268.0
210.0
93.0
153.0
285.0
31.0
272.0
28.0
125.0
242.0
82.0
133.0
801.0
120.0
159.0
444.0
304.0
223.0
68.0
1189.0
130.0
115.0
70.0
88.0
115.0
19.0
249.0
189.0
366.0
169.0
36.0
65.0
51.0
187.0
242.0
297.0
195.0
871.0
1277.0
473.0
1270.0
34.0
513.0
115.0
185.0
48.0
335.0
251.0
386.0
58.0
308.0
233.0
469.0
212.0
1115.0
167.0
355.0
409.0
1325.0
2760.0
1022.0
978.0
13.0
230.0
505.0
291.0
74.0
245.0
76.0
282.0
14.0
10.0
10.0
12.0
14.0
11.0
13.0
100.0
13.0
12.0
12.0
28.0
374.0
157.0
841.0
1393.0
574.0
351.0
1102.0
286.0
152.0
825.0
5154.0
5851.0
121.0
173.0
326.0
47.0
29.0
178.0
208.0
191.0
508.0
27.0
73.0
62.0
27.0
119.0
29.0
32.0
18.0
118.0
168.0
896.0
51.0
120.0
61.0
46.0
162.0
202.0
310.0
153.0
170.0
75.0
806.0
161.0
142.0
799.0
36.0
64.0
207.0
98.0
14.0
347.0
121.0
20.0
26.0
31.0
8.0
74.0
254.0
108.0
73.0
87.0
58.0
39.0
87.0
149.0
48.0
27.0
53.0
162.0
108.0
83.0
128.0
45.0
66.0
7.0
1563.0
56.0
119.0
59.0
47.0
597.0
810.0
115.0
1437.0
1154.0
26.0
113.0
117.0
256.0
6505.0
214.0
93.0
163.0
279.0
30.0
280.0
30.0
120.0
246.0
77.0
140.0
822.0
116.0
154.0
441.0
328.0
211.0
69.0
1216.0
134.0
117.0
72.0
94.0
119.0
20.0
270.0
202.0
366.0
164.0
37.0
65.0
49.0
204.0
222.0
304.0
193.0
840.0
1239.0
472.0
1225.0
33.0
537.0
113.0
186.0
45.0
343.0
259.0
397.0
56.0
312.0
218.0
497.0
203.0
1109.0
159.0
342.0
432.0
1287.0
2510.0
1042.0
1006.0
13.0
229.0
521.0
287.0
70.0
241.0
79.0
274.0
14.0
10.0
10.0
12.0
14.0
12.0
14.0
100.0
14.0
12.0
11.0
28.0
344.0
164.0
844.0
1392.0
568.0
360.0
1198.0
299.0
145.0
796.0
5495.0
5722.0
131.0
165.0
311.0
47.0
29.0
176.0
225.0
196.0
519.0
26.0
77.0
63.0
26.0
121.0
29.0
30.0
20.0
112.0
179.0
867.0
49.0
119.0
65.0
45.0
159.0
221.0
328.0
153.0
164.0
70.0
887.0
166.0
144.0
761.0
36.0
64.0
203.0
93.0
14.0
356.0
125.0
21.0
26.0
31.0
8.0
72.0
275.0
105.0
74.0
91.0
59.0
41.0
83.0
146.0
49.0
27.0
53.0
153.0
101.0
81.0
137.0
46.0
67.0
7.0
1505.0
58.0
115.0
58.0
44.0
662.0
804.0
123.0
1353.0
1053.0
24.0
116.0
114.0
270.0
6246.0
197.0
100.0
167.0
275.0
33.0
268.0
29.0
120.0
252.0
79.0
133.0
815.0
112.0
146.0
451.0
316.0
215.0
66.0
1247.0
131.0
122.0
73.0
88.0
114.0
19.0
256.0
204.0
356.0
165.0
37.0
71.0
49.0
187.0
225.0
295.0
200.0
828.0
1289.0
475.0
1296.0
33.0
533.0
109.0
176.0
48.0
323.0
269.0
380.0
59.0
311.0
218.0
466.0
218.0
1052.0
158.0
337.0
424.0
1279.0
2740.0
1039.0
1036.0
12.0
226.0
532.0
295.0
74.0
229.0
81.0
281.0
13.0
10.0
10.0
11.0
14.0
12.0
13.0
91.0
13.0
12.0
12.0
29.0
352.0
170.0
813.0
1387.0
589.0
350.0
1087.0
289.0
155.0
803.0
5270.0
5887.0
129.0
163.0
308.0
48.0
29.0
193.0
222.0
194.0
503.0
27.0
73.0
61.0
26.0
122.0
29.0
33.0
19.0
111.0
175.0
867.0
52.0
126.0
67.0
43.0
152.0
221.0
318.0
141.0
165.0
69.0
804.0
167.0
138.0
766.0
38.0
62.0
203.0
90.0
14.0
323.0
129.0
20.0
25.0
30.0
8.0
70.0
258.0
110.0
68.0
91.0
56.0
38.0
84.0
142.0
49.0
27.0
58.0
148.0
107.0
87.0
126.0
48.0
66.0
7.0
1543.0
55.0
111.0
56.0
46.0
639.0
813.0
122.0
1368.0
1136.0
24.0
116.0
108.0
256.0
6672.0
200.0
97.0
152.0
270.0
33.0
282.0
28.0
121.0
255.0
82.0
135.0
833.0
114.0
157.0
445.0
315.0
215.0
69.0
1161.0
127.0
116.0
71.0
90.0
117.0
20.0
270.0
196.0
341.0
175.0
36.0
71.0
53.0
201.0
240.0
294.0
192.0
875.0
1288.0
482.0
1263.0
34.0
510.0
110.0
175.0
46.0
345.0
249.0
378.0
61.0
290.0
235.0
478.0
208.0
1122.0
169.0
338.0
416.0
1269.0
2685.0
1069.0
984.0
13.0
214.0
516.0
276.0
76.0
238.0
76.0
299.0
14.0
10.0
9.0
11.0
14.0
12.0
14.0
95.0
14.0
12.0
12.0
27.0
365.0
166.0
773.0
1291.0
590.0
339.0
1183.0
285.0
148.0
863.0
5095.0
5790.0
130.0
163.0
319.0
49.0
28.0
177.0
212.0
189.0
517.0
27.0
76.0
67.0
25.0
124.0
27.0
32.0
19.0
115.0
166.0
891.0
52.0
120.0
62.0
43.0
156.0
200.0
329.0
148.0
169.0
76.0
848.0
156.0
149.0
780.0
36.0
61.0
196.0
93.0
13.0
352.0
117.0
19.0
25.0
31.0
8.0
73.0
254.0
107.0
69.0
88.0
57.0
41.0
81.0
143.0
46.0
26.0
56.0
150.0
103.0
80.0
136.0
47.0
63.0
7.0
1627.0
59.0
115.0
59.0
46.0
603.0
812.0
111.0
1379.0
1115.0
24.0
112.0
114.0
260.0
6785.0
198.0
92.0
162.0
283.0
33.0
288.0
29.0
125.0
241.0
79.0
133.0
781.0
115.0
151.0
459.0
313.0
224.0
71.0
1228.0
129.0
126.0
70.0
85.0
119.0
19.0
267.0
192.0
348.0
168.0
39.0
69.0
48.0
189.0
220.0
300.0
199.0
871.0
1200.0
518.0
1327.0
35.0
530.0
113.0
184.0
46.0
350.0
256.0
369.0
60.0
304.0
232.0
483.0
214.0
1077.0
170.0
350.0
406.0
1294.0
2644.0
1024.0
1000.0
13.0
211.0
550.0
283.0
70.0
251.0
81.0
298.0
13.0
10.0
10.0
12.0
14.0
11.0
13.0
95.0
14.0
12.0
12.0
28.0
356.0
168.0
828.0
1282.0
596.0
342.0
1190.0
298.0
158.0
822.0
5082.0
5595.0
119.0
157.0
318.0
51.0
27.0
192.0
206.0
191.0
517.0
26.0
74.0
61.0
26.0
119.0
29.0
33.0
20.0
117.0
175.0
861.0
51.0
119.0
63.0
44.0
162.0
204.0
316.0
150.0
170.0
71.0
812.0
167.0
148.0
763.0
38.0
64.0
213.0
98.0
14.0
353.0
119.0
20.0
25.0
32.0
8.0
72.0
251.0
104.0
69.0
87.0
55.0
38.0
83.0
146.0
45.0
25.0
54.0
150.0
102.0
80.0
139.0
44.0
64.0
7.0
1603.0
56.0
114.0
55.0
45.0
635.0
804.0
112.0
1375.0
1119.0
26.0
115.0
111.0
270.0
6420.0
201.0
96.0
161.0
276.0
31.0
287.0
29.0
126.0
242.0
77.0
138.0
830.0
123.0
149.0
422.0
303.0
208.0
65.0
1240.0
124.0
116.0
71.0
92.0
117.0
19.0
256.0
197.0
357.0
169.0
36.0
65.0
51.0
206.0
240.0
324.0
195.0
866.0
1310.0
505.0
1288.0
34.0
553.0
110.0
182.0
48.0
316.0
251.0
401.0
56.0
289.0
232.0
466.0
206.0
1051.0
157.0
328.0
425.0
1334.0
2654.0
1110.0
1010.0
12.0
218.0
525.0
295.0
74.0
238.0
81.0
283.0
14.0
10.0
10.0
11.0
14.0
11.0
14.0
96.0
14.0
11.0
11.0
27.0
354.0
162.0
830.0
1374.0
567.0
330.0
1170.0
279.0
153.0
850.0
5045.0
5451.0
131.0
157.0
332.0
49.0
28.0
187.0
222.0
178.0
516.0
27.0
78.0
61.0
26.0
128.0
28.0
32.0
19.0
116.0
171.0
898.0
50.0
121.0
63.0
46.0
152.0
217.0
326.0
143.0
163.0
70.0
804.0
168.0
148.0
766.0
36.0
64.0
194.0
94.0
13.0
345.0
120.0
21.0
26.0
31.0
8.0
75.0
251.0
109.0
73.0
89.0
59.0
39.0
88.0
147.0
49.0
27.0
55.0
149.0
101.0
82.0
131.0
47.0
61.0
7.0
1536.0
55.0
118.0
58.0
45.0
597.0
817.0
121.0
1384.0
1067.0
25.0
123.0
112.0
263.0
6223.0
206.0
97.0
158.0
292.0
31.0
261.0
30.0
126.0
247.0
78.0
136.0
790.0
114.0
156.0
450.0
316.0
207.0
67.0
1203.0
128.0
121.0
73.0
86.0
122.0
19.0
245.0
196.0
373.0
170.0
36.0
67.0
53.0
202.0
219.0
324.0
189.0
820.0
1237.0
479.0
1345.0
36.0
556.0
118.0
184.0
45.0
334.0
258.0
384.0
57.0
292.0
215.0
460.0
216.0
1083.0
156.0
340.0
427.0
1342.0
2697.0
1073.0
1001.0
12.0
229.0
538.0
270.0
72.0
254.0
76.0
289.0
14.0
10.0
10.0
12.0
14.0
11.0
14.0
100.0
14.0
12.0
11.0
29.0
348.0
166.0
834.0
1379.0
600.0
331.0
1194.0
271.0
157.0
857.0
5500.0
5453.0
126.0
173.0
307.0
51.0
29.0
175.0
218.0
192.0
520.0
27.0
73.0
62.0
27.0
121.0
29.0
33.0
20.0
119.0
174.0
849.0
52.0
120.0
64.0
43.0
166.0
220.0
338.0
141.0
175.0
70.0
835.0
160.0
143.0
779.0
36.0
66.0
209.0
92.0
13.0
328.0
121.0
20.0
26.0
30.0
8.0
70.0
267.0
110.0
68.0
90.0
55.0
40.0
88.0
151.0
45.0
27.0
58.0
151.0
104.0
81.0
132.0
48.0
65.0
7.0
1664.0
59.0
116.0
58.0
47.0
596.0
835.0
115.0
1441.0
1069.0
24.0
123.0
109.0
260.0
6524.0
208.0
99.0
155.0
298.0
30.0
273.0
28.0
129.0
258.0
77.0
129.0
771.0
124.0
159.0
418.0
311.0
213.0
66.0
1191.0
123.0
127.0
72.0
94.0
111.0
20.0
269.0
197.0
346.0
173.0
37.0
71.0
50.0
194.0
233.0
294.0
198.0
873.0
1222.0
191.0
162.0
152.0
131.0
400.0
167.0
151.0
168.0
142.0
164.0
136.0
152.0
133.0
174.0
145.0
166.0
166.0
149.0
140.0
137.0
133.0
161.0
141.0
413.0
177.0
130.0
133.0
172.0
147.0
138.0
134.0
479.0
370.0
468.0
402.0
484.0
486.0
491.0
419.0
483.0
392.0
486.0
485.0
136.0
148.0
151.0
173.0
159.0
151.0
156.0
143.0
491.0
148.0
159.0
164.0
160.0
132.0
133.0
134.0
167.0
160.0
135.0
156.0
168.0
173.0
138.0
150.0
146.0
155.0
141.0
435.0
169.0
130.0
175.0
465.0
174.0
153.0
149.0
164.0
158.0
144.0
169.0
177.0
149.0
168.0
159.0
152.0
149.0
364.0
157.0
149.0
470.0
139.0
383.0
152.0
493.0
145.0
132.0
165.0
146.0
131.0
153.0
162.0
151.0
149.0
138.0
143.0
152.0
130.0
151.0
147.0
166.0
470.0
154.0
165.0
147.0
165.0
149.0
489.0
148.0
146.0
139.0
151.0
477.0
160.0
170.0
134.0
153.0
139.0
144.0
145.0
133.0
463.0
175.0
444.0
374.0
423.0
160.0
481.0
393.0
490.0
442.0
430.0
488.0
392.0
384.0
417.0
442.0
492.0
391.0
486.0
415.0
163.0
153.0
172.0
153.0
172.0
142.0
139.0
165.0
132.0
140.0
134.0
383.0
416.0
419.0
458.0
473.0
415.0
151.0
162.0
134.0
185.0
180.0
160.0
134.0
409.0
170.0
142.0
176.0
152.0
175.0
137.0
158.0
164.0
133.0
148.0
134.0
174.0
139.0
163.0
174.0
173.0
167.0
165.0
426.0
159.0
154.0
170.0
168.0
143.0
172.0
136.0
417.0
380.0
457.0
477.0
415.0
406.0
430.0
438.0
456.0
374.0
433.0
392.0
171.0
172.0
131.0
150.0
147.0
161.0
155.0
159.0
393.0
130.0
174.0
151.0
175.0
174.0
175.0
132.0
148.0
170.0
169.0
172.0
150.0
155.0
131.0
141.0
143.0
149.0
138.0
437.0
162.0
148.0
136.0
404.0
176.0
138.0
132.0
132.0
148.0
158.0
155.0
164.0
131.0
155.0
170.0
159.0
165.0
416.0
175.0
145.0
441.0
143.0
488.0
156.0
427.0
146.0
162.0
176.0
176.0
164.0
143.0
134.0
164.0
151.0
152.0
130.0
175.0
172.0
171.0
136.0
133.0
457.0
130.0
146.0
143.0
154.0
143.0
461.0
161.0
155.0
147.0
154.0
400.0
130.0
131.0
155.0
146.0
148.0
163.0
141.0
177.0
372.0
173.0
421.0
480.0
439.0
135.0
368.0
404.0
426.0
419.0
453.0
410.0
385.0
461.0
389.0
467.0
431.0
463.0
381.0
405.0
174.0
131.0
175.0
152.0
151.0
140.0
162.0
149.0
160.0
138.0
177.0
396.0
461.0
383.0
383.0
459.0
388.0
165.0
134.0
148.0
169.0
161.0
163.0
153.0
383.0
161.0
137.0
152.0
150.0
174.0
164.0
154.0
140.0
130.0
147.0
158.0
168.0
147.0
139.0
135.0
174.0
150.0
162.0
486.0
141.0
143.0
164.0
157.0
153.0
152.0
156.0
435.0
415.0
410.0
467.0
406.0
444.0
388.0
491.0
443.0
404.0
472.0
468.0
152.0
161.0
176.0
154.0
168.0
171.0
142.0
148.0
371.0
167.0
155.0
133.0
143.0
132.0
134.0
153.0
170.0
144.0
130.0
147.0
155.0
140.0
147.0
158.0
137.0
133.0
152.0
379.0
137.0
134.0
135.0
478.0
135.0
133.0
147.0
138.0
142.0
166.0
172.0
149.0
151.0
138.0
145.0
132.0
167.0
431.0
141.0
144.0
402.0
171.0
374.0
164.0
461.0
155.0
174.0
130.0
143.0
148.0
162.0
157.0
132.0
149.0
148.0
148.0
145.0
156.0
163.0
139.0
147.0
467.0
168.0
132.0
142.0
142.0
171.0
409.0
158.0
155.0
147.0
147.0
402.0
158.0
161.0
171.0
150.0
132.0
150.0
174.0
162.0
431.0
146.0
433.0
418.0
411.0
153.0
433.0
401.0
398.0
489.0
480.0
373.0
377.0
399.0
436.0
437.0
397.0
452.0
412.0
456.0
146.0
156.0
133.0
137.0
170.0
139.0
174.0
134.0
148.0
138.0
136.0
481.0
411.0
432.0
399.0
487.0
404.0
167.0
130.0
165.0
164.0
191.0
173.0
141.0
442.0
163.0
149.0
167.0
138.0
177.0
175.0
143.0
146.0
152.0
159.0
145.0
163.0
177.0
163.0
162.0
160.0
162.0
176.0
371.0
153.0
139.0
172.0
134.0
160.0
148.0
169.0
394.0
369.0
425.0
474.0
463.0
446.0
473.0
365.0
367.0
442.0
370.0
379.0
172.0
170.0
166.0
130.0
167.0
168.0
148.0
144.0
484.0
147.0
175.0
138.0
156.0
173.0
151.0
134.0
149.0
155.0
151.0
132.0
151.0
168.0
131.0
158.0
151.0
169.0
131.0
448.0
145.0
151.0
150.0
489.0
171.0
173.0
142.0
159.0
142.0
133.0
136.0
135.0
156.0
139.0
168.0
161.0
148.0
484.0
171.0
176.0
464.0
168.0
434.0
160.0
424.0
165.0
160.0
162.0
171.0
169.0
157.0
133.0
173.0
167.0
141.0
143.0
155.0
130.0
140.0
117.0
152.0
431.0
158.0
151.0
161.0
165.0
134.0
399.0
145.0
168.0
163.0
167.0
460.0
159.0
168.0
139.0
130.0
133.0
147.0
175.0
149.0
380.0
175.0
414.0
431.0
445.0
151.0
425.0
422.0
486.0
466.0
398.0
427.0
363.0
371.0
420.0
482.0
405.0
494.0
443.0
415.0
164.0
140.0
166.0
167.0
144.0
144.0
164.0
166.0
166.0
144.0
151.0
472.0
470.0
379.0
478.0
452.0
446.0
138.0
143.0
167.0
180.0
154.0
155.0
176.0
370.0
133.0
162.0
171.0
164.0
145.0
166.0
175.0
146.0
175.0
169.0
157.0
135.0
144.0
150.0
163.0
146.0
175.0
133.0
473.0
146.0
169.0
161.0
175.0
176.0
177.0
157.0
437.0
412.0
421.0
369.0
425.0
445.0
442.0
381.0
396.0
367.0
463.0
379.0
134.0
165.0
132.0
153.0
141.0
132.0
154.0
155.0
400.0
158.0
149.0
154.0
176.0
146.0
168.0
157.0
142.0
135.0
135.0
134.0
172.0
168.0
134.0
144.0
139.0
170.0
150.0
476.0
141.0
147.0
141.0
383.0
171.0
139.0
149.0
151.0
164.0
158.0
150.0
131.0
165.0
152.0
162.0
172.0
171.0
415.0
137.0
173.0
379.0
153.0
464.0
145.0
399.0
151.0
172.0
176.0
164.0
171.0
149.0
167.0
164.0
164.0
133.0
138.0
158.0
169.0
136.0
136.0
176.0
429.0
156.0
150.0
151.0
167.0
175.0
448.0
154.0
168.0
156.0
139.0
363.0
151.0
151.0
136.0
176.0
137.0
132.0
159.0
152.0
444.0
161.0
428.0
445.0
449.0
147.0
378.0
387.0
433.0
453.0
443.0
401.0
445.0
459.0
442.0
374.0
493.0
490.0
393.0
431.0
148.0
158.0
130.0
154.0
170.0
138.0
165.0
137.0
162.0
134.0
158.0
469.0
433.0
492.0
368.0
376.0
385.0
143.0
148.0
144.0
191.0
165.0
168.0
157.0
446.0
147.0
154.0
130.0
176.0
135.0
175.0
152.0
142.0
131.0
164.0
164.0
132.0
169.0
145.0
142.0
156.0
148.0
163.0
478.0
150.0
132.0
162.0
174.0
150.0
139.0
154.0
461.0
492.0
479.0
492.0
445.0
471.0
462.0
363.0
429.0
484.0
480.0
460.0
137.0
157.0
130.0
143.0
153.0
151.0
147.0
172.0
396.0
168.0
141.0
131.0
148.0
140.0
162.0
163.0
165.0
156.0
136.0
133.0
163.0
135.0
131.0
133.0
128.0
173.0
147.0
447.0
131.0
173.0
133.0
481.0
170.0
147.0
151.0
131.0
160.0
154.0
136.0
132.0
173.0
166.0
145.0
166.0
173.0
455.0
141.0
137.0
396.0
150.0
365.0
146.0
368.0
159.0
157.0
177.0
145.0
168.0
135.0
149.0
158.0
173.0
133.0
174.0
156.0
144.0
145.0
129.0
148.0
411.0
138.0
167.0
136.0
171.0
170.0
486.0
137.0
147.0
164.0
162.0
448.0
151.0
170.0
140.0
156.0
163.0
141.0
154.0
155.0
409.0
157.0
436.0
482.0
413.0
138.0
405.0
418.0
424.0
468.0
482.0
424.0
453.0
422.0
390.0
382.0
409.0
483.0
384.0
392.0
137.0
141.0
141.0
167.0
145.0
135.0
169.0
142.0
175.0
169.0
169.0
390.0
388.0
414.0
404.0
464.0
386.0
166.0
141.0
170.0
158.0
191.0
158.0
153.0
416.0
138.0
149.0
171.0
137.0
164.0
154.0
172.0
141.0
136.0
175.0
152.0
169.0
176.0
152.0
164.0
136.0
155.0
156.0
471.0
152.0
152.0
165.0
144.0
142.0
167.0
149.0
483.0
430.0
447.0
377.0
398.0
438.0
371.0
383.0
381.0
440.0
486.0
393.0
175.0
168.0
147.0
170.0
169.0
159.0
160.0
145.0
400.0
176.0
137.0
147.0
149.0
160.0
143.0
152.0
142.0
154.0
168.0
170.0
156.0
161.0
150.0
146.0
112.0
133.0
160.0
462.0
131.0
140.0
173.0
433.0
151.0
173.0
167.0
161.0
153.0
131.0
154.0
139.0
146.0
176.0
153.0
169.0
171.0
401.0
136.0
154.0
396.0
154.0
421.0
163.0
481.0
135.0
140.0
143.0
160.0
149.0
154.0
165.0
134.0
156.0
177.0
148.0
172.0
135.0
146.0
134.0
171.0
462.0
160.0
147.0
162.0
135.0
154.0
393.0
142.0
169.0
151.0
176.0
376.0
144.0
158.0
173.0
155.0
165.0
174.0
163.0
133.0
434.0
158.0
468.0
451.0
480.0
167.0
399.0
452.0
408.0
419.0
364.0
436.0
465.0
476.0
410.0
455.0
461.0
458.0
395.0
365.0
147.0
135.0
174.0
133.0
138.0
165.0
136.0
168.0
155.0
151.0
130.0
433.0
444.0
432.0
408.0
386.0
373.0
150.0
132.0
143.0
192.0
161.0
154.0
152.0
367.0
136.0
162.0
164.0
142.0
148.0
168.0
146.0
151.0
160.0
138.0
136.0
152.0
138.0
148.0
134.0
145.0
171.0
131.0
466.0
165.0
167.0
153.0
147.0
143.0
175.0
158.0
438.0
399.0
446.0
411.0
389.0
394.0
469.0
449.0
396.0
490.0
470.0
478.0
147.0
167.0
155.0
173.0
147.0
147.0
147.0
175.0
494.0
160.0
172.0
167.0
149.0
169.0
133.0
165.0
158.0
166.0
150.0
165.0
131.0
164.0
140.0
153.0
124.0
161.0
175.0
383.0
145.0
166.0
162.0
388.0
155.0
137.0
157.0
164.0
132.0
157.0
137.0
135.0
168.0
151.0
176.0
140.0
137.0
403.0
159.0
167.0
387.0
164.0
409.0
173.0
381.0
143.0
169.0
138.0
156.0
174.0
157.0
150.0
162.0
133.0
143.0
133.0
167.0
135.0
133.0
118.0
134.0
399.0
135.0
169.0
160.0
176.0
165.0
366.0
136.0
173.0
146.0
143.0
437.0
130.0
172.0
130.0
157.0
151.0
140.0
171.0
141.0
462.0
174.0
474.0
382.0
418.0
168.0
392.0
484.0
458.0
373.0
445.0
401.0
459.0
462.0
460.0
463.0
414.0
387.0
425.0
382.0
154.0
143.0
159.0
163.0
172.0
138.0
136.0
153.0
167.0
142.0
176.0
416.0
464.0
466.0
455.0
473.0
420.0
160.0
150.0
170.0
177.0
199.0
136.0
155.0
387.0
171.0
164.0
170.0
163.0
173.0
134.0
177.0
171.0
165.0
164.0
142.0
173.0
156.0
150.0
171.0
160.0
140.0
159.0
389.0
143.0
164.0
176.0
153.0
152.0
159.0
152.0
475.0
474.0
485.0
377.0
385.0
442.0
463.0
473.0
402.0
427.0
436.0
431.0
162.0
149.0
162.0
171.0
176.0
159.0
173.0
167.0
461.0
131.0
133.0
151.0
135.0
133.0
151.0
137.0
166.0
150.0
146.0
166.0
173.0
149.0
158.0
136.0
121.0
151.0
158.0
495.0
155.0
161.0
173.0
395.0
165.0
176.0
172.0
148.0
171.0
148.0
173.0
161.0
154.0
144.0
161.0
147.0
143.0
380.0
176.0
175.0
416.0
159.0
422.0
142.0
487.0
144.0
177.0
165.0
167.0
152.0
158.0
169.0
140.0
142.0
146.0
151.0
156.0
163.0
148.0
131.0
157.0
378.0
145.0
172.0
137.0
133.0
138.0
412.0
164.0
154.0
130.0
138.0
452.0
147.0
170.0
135.0
134.0
136.0
156.0
141.0
135.0
428.0
148.0
411.0
435.0
398.0
174.0
452.0
439.0
452.0
444.0
363.0
442.0
377.0
396.0
414.0
440.0
469.0
398.0
403.0
453.0
133.0
137.0
148.0
156.0
130.0
135.0
158.0
132.0
169.0
137.0
149.0
370.0
387.0
393.0
488.0
445.0
410.0
174.0
166.0
158.0
198.0
194.0
144.0
158.0
467.0
151.0
131.0
175.0
168.0
149.0
160.0
171.0
141.0
143.0
167.0
130.0
154.0
157.0
167.0
141.0
143.0
153.0
145.0
406.0
170.0
148.0
173.0
158.0
161.0
170.0
154.0
376.0
445.0
494.0
475.0
449.0
431.0
445.0
409.0
470.0
473.0
381.0
398.0
165.0
167.0
164.0
176.0
145.0
144.0
170.0
145.0
396.0
140.0
145.0
140.0
164.0
138.0
143.0
147.0
133.0
157.0
171.0
151.0
153.0
173.0
169.0
140.0
136.0
146.0
160.0
411.0
154.0
176.0
149.0
397.0
168.0
162.0
156.0
164.0
147.0
132.0
173.0
143.0
175.0
177.0
164.0
134.0
150.0
374.0
171.0
132.0
399.0
156.0
378.0
166.0
414.0
162.0
144.0
161.0
140.0
168.0
171.0
145.0
150.0
149.0
164.0
162.0
172.0
168.0
175.0
140.0
168.0
430.0
151.0
172.0
174.0
144.0
151.0
449.0
145.0
151.0
173.0
132.0
421.0
170.0
171.0
171.0
173.0
168.0
147.0
133.0
160.0
457.0
152.0
437.0
393.0
381.0
160.0
406.0
422.0
461.0
422.0
408.0
433.0
387.0
388.0
410.0
443.0
492.0
375.0
363.0
392.0
172.0
139.0
158.0
131.0
146.0
173.0
149.0
174.0
172.0
132.0
161.0
431.0
487.0
444.0
384.0
393.0
477.0
168.0
157.0
166.0
