I_BRKGA_178_6_20_8_CESP
178 6 20 494.0
56039.5
56007.5
60909.5
59186.5
54498.5
63099.5
63455.5
63165.5
60708.5
58255.5
58356.5
57254.5
54729.5
57229.5
58241.5
59323.5
55951.5
63405.5
59495.5
54309.5
0.05317439587299214
0.04719292422105125
0.05353704835458047
0.0417453431731051
0.058464708489589866
0.04129717898346348
0.05366736944674321
0.04058295414086905
0.05059011911037844
0.044508221928807254
0.05070960127308494
0.04997886046865262
0.05153894431883851
0.04996995557601674
0.05631882736405842
0.04435591413011494
0.05221311348877024
0.041379646961004754
0.05757169233478071
0.06120318036309791
119.0
128.0
114.0
114.0
120.0
114.0
2557.0
22.0
1261.0
1300.0
67.0
529.0
475.0
1308.0
33.0
552.0
113.0
182.0
46.0
332.0
257.0
391.0
61.0
303.0
227.0
475.0
205.0
1108.0
157.0
352.0
427.0
1363.0
2507.0
1013.0
1012.0
13.0
217.0
535.0
278.0
72.0
236.0
76.0
301.0
13.0
9.0
10.0
12.0
14.0
11.0
14.0
98.0
14.0
11.0
12.0
29.0
370.0
166.0
808.0
1266.0
581.0
346.0
1182.0
285.0
150.0
836.0
5396.0
5803.0
126.0
162.0
306.0
49.0
29.0
179.0
224.0
190.0
529.0
26.0
74.0
62.0
27.0
123.0
28.0
33.0
19.0
109.0
171.0
831.0
52.0
129.0
66.0
43.0
152.0
214.0
321.0
145.0
171.0
71.0
805.0
160.0
144.0
796.0
38.0
62.0
204.0
94.0
14.0
321.0
126.0
20.0
25.0
32.0
8.0
74.0
250.0
109.0
68.0
90.0
56.0
38.0
89.0
144.0
47.0
25.0
57.0
157.0
101.0
86.0
133.0
44.0
66.0
7.0
1521.0
58.0
112.0
57.0
48.0
627.0
804.0
116.0
1407.0
1092.0
26.0
120.0
117.0
251.0
6688.0
200.0
100.0
156.0
298.0
31.0
288.0
29.0
130.0
241.0
76.0
132.0
794.0
116.0
150.0
446.0
316.0
208.0
66.0
1200.0
124.0
116.0
73.0
86.0
117.0
20.0
262.0
202.0
354.0
160.0
38.0
66.0
49.0
191.0
226.0
298.0
187.0
899.0
1278.0
470.0
1339.0
34.0
539.0
118.0
177.0
45.0
335.0
263.0
386.0
60.0
302.0
236.0
474.0
217.0
1138.0
161.0
329.0
432.0
1394.0
2655.0
1071.0
1026.0
13.0
221.0
521.0
271.0
76.0
242.0
80.0
278.0
14.0
10.0
10.0
11.0
13.0
12.0
13.0
96.0
14.0
11.0
12.0
28.0
341.0
166.0
768.0
1256.0
569.0
355.0
1116.0
298.0
144.0
806.0
5283.0
5776.0
126.0
163.0
323.0
50.0
29.0
187.0
208.0
180.0
506.0
26.0
73.0
62.0
26.0
127.0
29.0
32.0
19.0
119.0
178.0
840.0
51.0
127.0
64.0
46.0
163.0
212.0
341.0
155.0
172.0
76.0
881.0
167.0
148.0
726.0
35.0
62.0
204.0
91.0
14.0
349.0
117.0
20.0
25.0
32.0
8.0
69.0
268.0
106.0
68.0
86.0
54.0
40.0
82.0
140.0
49.0
25.0
56.0
157.0
111.0
81.0
132.0
46.0
66.0
7.0
1637.0
54.0
118.0
56.0
48.0
606.0
829.0
123.0
1368.0
1118.0
26.0
123.0
119.0
271.0
6247.0
201.0
98.0
151.0
294.0
33.0
274.0
28.0
120.0
239.0
76.0
138.0
760.0
120.0
156.0
464.0
323.0
209.0
69.0
1162.0
128.0
119.0
68.0
87.0
114.0
19.0
268.0
196.0
373.0
174.0
38.0
65.0
49.0
205.0
218.0
320.0
194.0
841.0
1209.0
492.0
1307.0
33.0
554.0
117.0
188.0
48.0
349.0
257.0
385.0
58.0
305.0
214.0
487.0
218.0
1067.0
161.0
332.0
420.0
1381.0
2675.0
1062.0
994.0
13.0
219.0
546.0
273.0
69.0
236.0
81.0
277.0
14.0
10.0
10.0
12.0
14.0
12.0
14.0
96.0
13.0
11.0
11.0
27.0
369.0
157.0
828.0
1328.0
551.0
337.0
1145.0
275.0
144.0
869.0
5031.0
6012.0
131.0
159.0
312.0
47.0
27.0
176.0
212.0
189.0
523.0
28.0
74.0
65.0
26.0
122.0
27.0
32.0
20.0
119.0
169.0
902.0
52.0
120.0
65.0
43.0
160.0
209.0
319.0
149.0
164.0
75.0
860.0
164.0
146.0
733.0
38.0
63.0
205.0
89.0
14.0
321.0
126.0
21.0
25.0
31.0
8.0
76.0
257.0
103.0
74.0
91.0
56.0
40.0
82.0
141.0
48.0
27.0
53.0
151.0
108.0
86.0
128.0
47.0
65.0
7.0
1573.0
54.0
119.0
54.0
44.0
620.0
817.0
112.0
1360.0
1139.0
24.0
121.0
118.0
262.0
6653.0
202.0
97.0
162.0
276.0
32.0
284.0
30.0
129.0
254.0
82.0
130.0
810.0
119.0
153.0
433.0
318.0
216.0
68.0
1227.0
127.0
127.0
70.0
93.0
111.0
19.0
263.0
206.0
364.0
175.0
36.0
66.0
52.0
187.0
224.0
307.0
193.0
848.0
1221.0
486.0
1263.0
33.0
544.0
120.0
180.0
45.0
345.0
251.0
378.0
61.0
304.0
218.0
466.0
202.0
1125.0
164.0
338.0
435.0
1313.0
2495.0
1018.0
1030.0
13.0
214.0
551.0
278.0
71.0
237.0
77.0
283.0
14.0
9.0
10.0
11.0
14.0
11.0
14.0
97.0
13.0
12.0
12.0
29.0
362.0
162.0
818.0
1263.0
583.0
328.0
1088.0
300.0
150.0
801.0
4972.0
5515.0
122.0
156.0
305.0
47.0
27.0
183.0
205.0
183.0
505.0
26.0
79.0
65.0
25.0
124.0
29.0
31.0
19.0
112.0
170.0
892.0
49.0
131.0
67.0
46.0
166.0
219.0
310.0
155.0
166.0
73.0
830.0
154.0
151.0
771.0
37.0
66.0
194.0
95.0
13.0
341.0
128.0
20.0
24.0
31.0
8.0
76.0
255.0
110.0
71.0
87.0
54.0
40.0
84.0
147.0
47.0
25.0
56.0
150.0
109.0
80.0
135.0
44.0
66.0
7.0
1503.0
59.0
118.0
54.0
45.0
650.0
840.0
114.0
1419.0
1122.0
26.0
115.0
111.0
263.0
6426.0
195.0
99.0
158.0
272.0
33.0
268.0
28.0
120.0
251.0
76.0
133.0
750.0
121.0
150.0
459.0
300.0
218.0
67.0
1246.0
122.0
115.0
67.0
88.0
117.0
20.0
263.0
201.0
363.0
168.0
38.0
68.0
51.0
189.0
236.0
303.0
195.0
877.0
1328.0
485.0
1248.0
35.0
546.0
116.0
184.0
44.0
317.0
252.0
385.0
57.0
318.0
224.0
500.0
219.0
1109.0
158.0
348.0
423.0
1307.0
2673.0
1052.0
963.0
12.0
224.0
524.0
279.0
76.0
251.0
81.0
285.0
13.0
10.0
9.0
11.0
14.0
12.0
13.0
94.0
14.0
12.0
12.0
28.0
354.0
165.0
764.0
1272.0
564.0
361.0
1168.0
283.0
148.0
824.0
5031.0
5871.0
119.0
171.0
312.0
51.0
29.0
193.0
213.0
192.0
486.0
26.0
72.0
67.0
26.0
118.0
29.0
32.0
20.0
110.0
168.0
868.0
49.0
129.0
67.0
45.0
162.0
212.0
319.0
149.0
163.0
73.0
837.0
156.0
145.0
760.0
35.0
64.0
213.0
98.0
14.0
355.0
126.0
21.0
26.0
30.0
8.0
76.0
262.0
110.0
72.0
89.0
56.0
40.0
81.0
147.0
45.0
26.0
53.0
151.0
101.0
84.0
127.0
46.0
61.0
7.0
1638.0
59.0
110.0
55.0
47.0
616.0
805.0
123.0
1362.0
1116.0
25.0
112.0
115.0
261.0
6270.0
202.0
98.0
166.0
273.0
31.0
271.0
29.0
127.0
240.0
83.0
133.0
805.0
121.0
159.0
458.0
303.0
206.0
67.0
1227.0
124.0
121.0
68.0
93.0
113.0
20.0
267.0
202.0
346.0
172.0
39.0
67.0
49.0
202.0
223.0
320.0
194.0
813.0
1310.0
472.0
1309.0
35.0
538.0
117.0
181.0
47.0
351.0
254.0
400.0
61.0
292.0
235.0
473.0
201.0
1029.0
157.0
350.0
440.0
1375.0
2688.0
1030.0
1039.0
12.0
227.0
532.0
271.0
73.0
243.0
75.0
281.0
14.0
10.0
10.0
12.0
14.0
12.0
13.0
94.0
13.0
12.0
12.0
27.0
339.0
162.0
786.0
1266.0
569.0
354.0
1087.0
291.0
153.0
811.0
5515.0
5937.0
118.0
172.0
307.0
49.0
27.0
179.0
214.0
182.0
485.0
28.0
72.0
62.0
25.0
116.0
28.0
31.0
20.0
117.0
174.0
844.0
53.0
131.0
64.0
42.0
154.0
203.0
311.0
141.0
164.0
72.0
841.0
156.0
148.0
724.0
38.0
61.0
198.0
98.0
14.0
339.0
127.0
20.0
26.0
30.0
8.0
76.0
269.0
104.0
73.0
84.0
59.0
40.0
83.0
147.0
49.0
26.0
57.0
159.0
108.0
84.0
126.0
44.0
62.0
7.0
1640.0
59.0
112.0
58.0
45.0
598.0
838.0
116.0
1358.0
1114.0
25.0
117.0
108.0
269.0
6169.0
210.0
95.0
160.0
299.0
33.0
271.0
29.0
125.0
255.0
82.0
141.0
789.0
124.0
158.0
422.0
302.0
213.0
67.0
1276.0
122.0
122.0
72.0
86.0
111.0
19.0
254.0
202.0
347.0
163.0
39.0
71.0
50.0
196.0
241.0
318.0
200.0
892.0
1227.0
516.0
1241.0
35.0
530.0
115.0
188.0
45.0
344.0
251.0
375.0
59.0
319.0
229.0
464.0
200.0
1127.0
169.0
326.0
441.0
1317.0
2597.0
1079.0
972.0
12.0
214.0
528.0
279.0
70.0
231.0
81.0
274.0
14.0
10.0
10.0
12.0
14.0
11.0
13.0
99.0
13.0
12.0
11.0
28.0
355.0
159.0
839.0
1332.0
569.0
339.0
1142.0
286.0
153.0
831.0
5226.0
5900.0
123.0
159.0
321.0
51.0
29.0
182.0
206.0
185.0
531.0
27.0
77.0
66.0
26.0
119.0
27.0
30.0
18.0
109.0
174.0
818.0
50.0
127.0
65.0
45.0
163.0
210.0
323.0
140.0
174.0
70.0
843.0
154.0
146.0
729.0
37.0
61.0
212.0
96.0
13.0
354.0
122.0
21.0
24.0
32.0
8.0
70.0
260.0
107.0
69.0
89.0
57.0
38.0
83.0
147.0
45.0
25.0
53.0
153.0
108.0
85.0
128.0
46.0
61.0
7.0
1501.0
56.0
119.0
55.0
47.0
660.0
841.0
117.0
1375.0
1123.0
25.0
120.0
112.0
267.0
6482.0
203.0
99.0
156.0
292.0
32.0
286.0
28.0
125.0
255.0
76.0
132.0
772.0
123.0
151.0
436.0
315.0
203.0
71.0
1263.0
122.0
122.0
73.0
91.0
114.0
20.0
252.0
204.0
370.0
172.0
36.0
67.0
51.0
205.0
239.0
310.0
193.0
887.0
1323.0
511.0
1229.0
34.0
521.0
111.0
188.0
48.0
330.0
257.0
388.0
57.0
289.0
214.0
495.0
219.0
1109.0
171.0
330.0
436.0
1272.0
2529.0
1083.0
1018.0
12.0
214.0
550.0
272.0
71.0
237.0
82.0
300.0
14.0
10.0
10.0
12.0
13.0
12.0
13.0
96.0
13.0
12.0
12.0
29.0
375.0
170.0
775.0
1379.0
573.0
350.0
1136.0
279.0
157.0
843.0
5440.0
5495.0
121.0
169.0
313.0
50.0
29.0
191.0
225.0
177.0
514.0
28.0
73.0
62.0
26.0
120.0
29.0
32.0
20.0
118.0
162.0
837.0
53.0
130.0
61.0
45.0
159.0
219.0
335.0
151.0
172.0
75.0
847.0
161.0
153.0
774.0
35.0
63.0
194.0
91.0
14.0
351.0
121.0
21.0
24.0
32.0
8.0
71.0
267.0
104.0
67.0
89.0
55.0
38.0
85.0
147.0
48.0
26.0
56.0
154.0
101.0
83.0
128.0
48.0
65.0
7.0
1611.0
59.0
117.0
55.0
47.0
600.0
814.0
118.0
1361.0
1127.0
25.0
117.0
118.0
266.0
6451.0
197.0
95.0
163.0
291.0
32.0
279.0
28.0
127.0
252.0
77.0
138.0
793.0
118.0
155.0
455.0
299.0
214.0
67.0
1217.0
134.0
115.0
71.0
87.0
114.0
19.0
266.0
191.0
368.0
168.0
37.0
69.0
49.0
196.0
241.0
301.0
193.0
821.0
1311.0
483.0
1351.0
34.0
543.0
112.0
184.0
47.0
347.0
266.0
377.0
59.0
292.0
225.0
500.0
217.0
1137.0
171.0
351.0
423.0
1312.0
2536.0
1035.0
969.0
13.0
229.0
516.0
286.0
72.0
248.0
78.0
277.0
14.0
10.0
10.0
11.0
13.0
12.0
14.0
92.0
13.0
12.0
11.0
28.0
355.0
157.0
842.0
1300.0
583.0
354.0
1158.0
296.0
144.0
790.0
5175.0
5499.0
123.0
170.0
325.0
48.0
27.0
192.0
225.0
194.0
509.0
27.0
74.0
66.0
25.0
124.0
28.0
33.0
20.0
110.0
171.0
823.0
51.0
131.0
63.0
45.0
158.0
204.0
333.0
149.0
167.0
70.0
822.0
152.0
150.0
788.0
38.0
60.0
209.0
91.0
14.0
337.0
122.0
20.0
26.0
30.0
8.0
73.0
251.0
113.0
68.0
89.0
56.0
41.0
82.0
150.0
46.0
27.0
54.0
151.0
109.0
81.0
126.0
45.0
61.0
7.0
1588.0
57.0
110.0
58.0
47.0
640.0
873.0
117.0
1418.0
1107.0
25.0
118.0
118.0
262.0
6742.0
216.0
101.0
158.0
278.0
33.0
266.0
30.0
124.0
250.0
80.0
130.0
791.0
115.0
156.0
449.0
312.0
221.0
68.0
1166.0
129.0
126.0
69.0
89.0
118.0
19.0
252.0
197.0
368.0
175.0
38.0
69.0
51.0
196.0
221.0
310.0
187.0
841.0
1225.0
507.0
1310.0
35.0
510.0
117.0
181.0
48.0
320.0
247.0
397.0
58.0
309.0
224.0
495.0
201.0
1030.0
170.0
353.0
410.0
1386.0
2688.0
1090.0
1001.0
13.0
220.0
520.0
278.0
75.0
239.0
80.0
286.0
14.0
10.0
10.0
12.0
14.0
11.0
14.0
98.0
13.0
12.0
12.0
27.0
369.0
173.0
783.0
1330.0
558.0
356.0
1117.0
295.0
154.0
863.0
5375.0
5469.0
125.0
161.0
326.0
49.0
27.0
191.0
219.0
181.0
500.0
26.0
72.0
65.0
26.0
118.0
27.0
31.0
18.0
117.0
178.0
874.0
52.0
119.0
67.0
42.0
159.0
218.0
334.0
155.0
175.0
71.0
822.0
156.0
139.0
747.0
38.0
62.0
205.0
96.0
14.0
345.0
129.0
20.0
25.0
30.0
8.0
72.0
251.0
108.0
70.0
88.0
57.0
40.0
88.0
152.0
46.0
25.0
56.0
161.0
106.0
84.0
133.0
44.0
64.0
7.0
1524.0
58.0
118.0
57.0
46.0
616.0
857.0
117.0
1307.0
1080.0
25.0
123.0
118.0
252.0
6358.0
199.0
102.0
160.0
298.0
33.0
263.0
29.0
119.0
247.0
80.0
130.0
831.0
117.0
156.0
436.0
319.0
213.0
65.0
1207.0
128.0
123.0
73.0
91.0
121.0
18.0
250.0
197.0
371.0
161.0
36.0
65.0
52.0
186.0
230.0
296.0
192.0
814.0
1232.0
504.0
1256.0
34.0
509.0
115.0
191.0
46.0
324.0
257.0
386.0
59.0
313.0
231.0
465.0
202.0
1093.0
169.0
325.0
415.0
1341.0
2748.0
1041.0
964.0
13.0
224.0
529.0
277.0
74.0
240.0
80.0
287.0
13.0
10.0
10.0
12.0
14.0
12.0
14.0
98.0
14.0
12.0
11.0
28.0
358.0
170.0
807.0
1374.0
598.0
354.0
1134.0
288.0
145.0
859.0
4977.0
5914.0
127.0
158.0
315.0
47.0
27.0
186.0
206.0
189.0
519.0
27.0
78.0
61.0
26.0
123.0
29.0
30.0
19.0
114.0
174.0
828.0
48.0
121.0
62.0
44.0
160.0
205.0
342.0
149.0
160.0
76.0
828.0
161.0
138.0
792.0
37.0
63.0
202.0
89.0
14.0
330.0
119.0
21.0
26.0
30.0
8.0
70.0
251.0
109.0
73.0
87.0
57.0
40.0
81.0
148.0
46.0
25.0
56.0
157.0
107.0
84.0
133.0
48.0
61.0
7.0
1619.0
57.0
110.0
56.0
45.0
602.0
866.0
123.0
1381.0
1061.0
26.0
118.0
113.0
258.0
6363.0
212.0
94.0
156.0
271.0
31.0
278.0
28.0
118.0
253.0
82.0
137.0
754.0
120.0
152.0
420.0
304.0
214.0
66.0
1228.0
133.0
126.0
70.0
88.0
113.0
19.0
267.0
193.0
339.0
170.0
36.0
69.0
49.0
191.0
224.0
321.0
201.0
831.0
1308.0
488.0
1232.0
35.0
535.0
120.0
192.0
45.0
342.0
245.0
397.0
59.0
298.0
216.0
468.0
219.0
1078.0
171.0
348.0
422.0
1385.0
2554.0
1013.0
1049.0
13.0
226.0
534.0
275.0
70.0
239.0
80.0
291.0
14.0
10.0
10.0
12.0
14.0
12.0
14.0
96.0
14.0
11.0
11.0
27.0
369.0
157.0
790.0
1295.0
566.0
328.0
1178.0
272.0
153.0
827.0
5098.0
5757.0
129.0
164.0
326.0
48.0
28.0
188.0
218.0
182.0
528.0
28.0
76.0
66.0
25.0
123.0
27.0
33.0
19.0
116.0
163.0
831.0
52.0
122.0
67.0
46.0
157.0
205.0
322.0
144.0
169.0
70.0
810.0
153.0
140.0
761.0
35.0
64.0
195.0
96.0
14.0
353.0
119.0
21.0
26.0
31.0
8.0
71.0
268.0
105.0
70.0
88.0
56.0
39.0
81.0
148.0
45.0
26.0
55.0
151.0
106.0
87.0
128.0
48.0
67.0
7.0
1614.0
59.0
110.0
58.0
45.0
597.0
812.0
119.0
1427.0
1049.0
25.0
112.0
108.0
266.0
6300.0
208.0
96.0
164.0
298.0
32.0
277.0
30.0
121.0
247.0
81.0
134.0
810.0
123.0
149.0
437.0
302.0
218.0
69.0
1281.0
132.0
117.0
68.0
93.0
115.0
19.0
266.0
205.0
374.0
171.0
38.0
71.0
52.0
187.0
239.0
297.0
200.0
888.0
1321.0
470.0
1246.0
34.0
533.0
115.0
182.0
48.0
334.0
263.0
382.0
58.0
309.0
224.0
474.0
217.0
1087.0
172.0
326.0
420.0
1287.0
2586.0
1015.0
988.0
13.0
225.0
519.0
289.0
76.0
248.0
79.0
299.0
14.0
10.0
10.0
12.0
13.0
12.0
13.0
95.0
14.0
11.0
12.0
27.0
341.0
158.0
838.0
1275.0
571.0
354.0
1149.0
301.0
158.0
829.0
5129.0
6019.0
125.0
170.0
335.0
51.0
28.0
179.0
220.0
181.0
531.0
26.0
72.0
65.0
25.0
118.0
27.0
33.0
20.0
113.0
179.0
850.0
52.0
130.0
67.0
45.0
163.0
214.0
309.0
140.0
175.0
72.0
874.0
158.0
146.0
738.0
38.0
63.0
211.0
91.0
14.0
332.0
129.0
21.0
26.0
32.0
8.0
74.0
255.0
103.0
70.0
84.0
58.0
39.0
83.0
148.0
45.0
25.0
57.0
161.0
106.0
83.0
132.0
44.0
67.0
7.0
1590.0
56.0
110.0
54.0
46.0
597.0
835.0
121.0
1345.0
1136.0
26.0
111.0
112.0
252.0
6772.0
205.0
95.0
151.0
299.0
33.0
263.0
28.0
122.0
260.0
75.0
129.0
833.0
115.0
158.0
422.0
313.0
217.0
65.0
1180.0
129.0
117.0
71.0
90.0
110.0
20.0
250.0
204.0
369.0
166.0
39.0
67.0
48.0
206.0
241.0
316.0
186.0
884.0
1289.0
503.0
1318.0
36.0
541.0
119.0
178.0
45.0
333.0
261.0
397.0
61.0
295.0
217.0
489.0
213.0
1108.0
171.0
335.0
439.0
1388.0
2648.0
1108.0
994.0
13.0
218.0
554.0
285.0
76.0
243.0
82.0
278.0
14.0
10.0
10.0
12.0
14.0
12.0
14.0
95.0
14.0
12.0
11.0
27.0
348.0
158.0
809.0
1381.0
600.0
330.0
1160.0
273.0
145.0
812.0
5047.0
6014.0
121.0
163.0
306.0
47.0
29.0
183.0
216.0
190.0
511.0
27.0
75.0
64.0
27.0
122.0
28.0
31.0
19.0
112.0
173.0
829.0
53.0
120.0
61.0
45.0
151.0
199.0
340.0
142.0
163.0
76.0
864.0
160.0
141.0
789.0
37.0
65.0
210.0
94.0
14.0
340.0
124.0
21.0
26.0
32.0
8.0
71.0
251.0
104.0
68.0
87.0
54.0
40.0
83.0
142.0
45.0
25.0
54.0
149.0
109.0
84.0
139.0
44.0
64.0
7.0
1602.0
55.0
109.0
56.0
47.0
646.0
853.0
117.0
1387.0
1086.0
26.0
121.0
119.0
263.0
6470.0
212.0
92.0
164.0
281.0
31.0
268.0
30.0
123.0
246.0
75.0
133.0
816.0
121.0
151.0
447.0
317.0
215.0
71.0
1278.0
131.0
123.0
73.0
94.0
118.0
20.0
256.0
202.0
371.0
164.0
37.0
65.0
52.0
196.0
235.0
309.0
198.0
864.0
1207.0
479.0
1284.0
36.0
530.0
117.0
175.0
47.0
318.0
260.0
374.0
59.0
298.0
221.0
470.0
219.0
1087.0
159.0
354.0
422.0
1268.0
2745.0
1001.0
1021.0
13.0
211.0
515.0
270.0
74.0
247.0
81.0
274.0
14.0
10.0
10.0
12.0
13.0
11.0
13.0
93.0
14.0
12.0
11.0
28.0
347.0
165.0
778.0
1336.0
596.0
359.0
1142.0
285.0
156.0
834.0
5186.0
5728.0
125.0
165.0
334.0
49.0
28.0
187.0
207.0
183.0
534.0
27.0
77.0
65.0
27.0
116.0
29.0
33.0
20.0
111.0
169.0
895.0
52.0
122.0
61.0
44.0
162.0
203.0
335.0
146.0
173.0
76.0
865.0
162.0
140.0
731.0
35.0
62.0
213.0
90.0
14.0
332.0
125.0
21.0
26.0
30.0
8.0
70.0
252.0
113.0
70.0
83.0
58.0
41.0
85.0
139.0
45.0
26.0
57.0
149.0
107.0
80.0
130.0
47.0
61.0
7.0
1658.0
57.0
108.0
56.0
46.0
617.0
815.0
118.0
1438.0
1145.0
26.0
118.0
119.0
254.0
6768.0
203.0
94.0
163.0
277.0
30.0
260.0
29.0
122.0
260.0
82.0
136.0
756.0
114.0
149.0
421.0
311.0
221.0
70.0
1274.0
127.0
123.0
72.0
90.0
111.0
19.0
266.0
193.0
371.0
173.0
37.0
65.0
49.0
193.0
235.0
313.0
187.0
819.0
1235.0
488.0
1264.0
36.0
517.0
113.0
188.0
44.0
340.0
247.0
369.0
57.0
294.0
214.0
458.0
219.0
1053.0
156.0
346.0
445.0
1315.0
2520.0
1099.0
956.0
13.0
226.0
542.0
287.0
74.0
253.0
81.0
291.0
14.0
9.0
10.0
11.0
14.0
12.0
14.0
91.0
14.0
12.0
12.0
29.0
346.0
159.0
762.0
1368.0
590.0
344.0
1136.0
282.0
153.0
866.0
5360.0
5808.0
121.0
170.0
307.0
48.0
29.0
187.0
221.0
191.0
519.0
26.0
78.0
62.0
27.0
116.0
27.0
30.0
19.0
117.0
173.0
861.0
52.0
131.0
61.0
46.0
161.0
221.0
315.0
149.0
164.0
70.0
857.0
154.0
146.0
782.0
35.0
61.0
199.0
98.0
14.0
356.0
124.0
19.0
26.0
31.0
8.0
76.0
254.0
106.0
71.0
86.0
56.0
41.0
86.0
141.0
47.0
27.0
54.0
163.0
110.0
87.0
135.0
48.0
64.0
7.0
1579.0
59.0
119.0
59.0
46.0
607.0
839.0
114.0
1355.0
1086.0
24.0
123.0
112.0
273.0
6357.0
215.0
98.0
164.0
289.0
32.0
280.0
27.0
127.0
257.0
76.0
128.0
805.0
119.0
144.0
461.0
297.0
213.0
70.0
1259.0
129.0
119.0
66.0
88.0
121.0
20.0
251.0
195.0
351.0
172.0
37.0
67.0
50.0
205.0
240.0
299.0
198.0
894.0
1290.0
497.0
1280.0
34.0
554.0
109.0
193.0
45.0
340.0
270.0
387.0
58.0
314.0
233.0
495.0
215.0
1063.0
158.0
326.0
440.0
1300.0
2663.0
1087.0
1032.0
13.0
223.0
542.0
295.0
75.0
241.0
75.0
292.0
14.0
10.0
10.0
12.0
14.0
12.0
13.0
95.0
14.0
12.0
12.0
29.0
358.0
168.0
798.0
1302.0
554.0
342.0
1085.0
296.0
153.0
858.0
5335.0
5836.0
123.0
163.0
307.0
49.0
29.0
179.0
213.0
180.0
503.0
27.0
73.0
62.0
26.0
121.0
28.0
33.0
19.0
113.0
170.0
899.0
51.0
122.0
61.0
44.0
154.0
203.0
320.0
141.0
175.0
76.0
816.0
162.0
147.0
776.0
38.0
64.0
197.0
91.0
13.0
340.0
121.0
21.0
24.0
32.0
8.0
71.0
271.0
109.0
73.0
85.0
55.0
38.0
81.0
150.0
47.0
26.0
54.0
151.0
106.0
87.0
136.0
44.0
63.0
7.0
1506.0
55.0
118.0
57.0
45.0
615.0
820.0
119.0
1336.0
1130.0
26.0
115.0
113.0
275.0
6211.0
196.0
101.0
167.0
281.0
31.0
265.0
29.0
125.0
245.0
79.0
134.0
830.0
117.0
147.0
420.0
317.0
222.0
70.0
1257.0
121.0
121.0
71.0
93.0
120.0
20.0
272.0
194.0
347.0
169.0
37.0
67.0
52.0
206.0
226.0
307.0
197.0
833.0
1306.0
498.0
1276.0
34.0
530.0
115.0
191.0
45.0
346.0
266.0
376.0
56.0
316.0
222.0
489.0
206.0
1117.0
157.0
346.0
438.0
1262.0
2590.0
1041.0
999.0
13.0
219.0
547.0
289.0
72.0
237.0
77.0
295.0
14.0
10.0
10.0
12.0
14.0
11.0
14.0
99.0
14.0
11.0
11.0
27.0
339.0
172.0
838.0
1345.0
564.0
362.0
1090.0
297.0
151.0
794.0
5508.0
5903.0
121.0
160.0
320.0
48.0
29.0
179.0
224.0
191.0
526.0
27.0
77.0
66.0
27.0
127.0
28.0
33.0
20.0
108.0
166.0
867.0
48.0
128.0
63.0
46.0
159.0
217.0
341.0
150.0
176.0
76.0
832.0
162.0
142.0
755.0
38.0
66.0
205.0
91.0
14.0
339.0
118.0
19.0
26.0
30.0
8.0
75.0
257.0
111.0
74.0
90.0
59.0
38.0
82.0
146.0
45.0
25.0
56.0
158.0
110.0
85.0
133.0
47.0
62.0
7.0
1507.0
58.0
113.0
59.0
46.0
620.0
860.0
118.0
1356.0
1125.0
25.0
114.0
115.0
267.0
6355.0
199.0
99.0
161.0
291.0
31.0
276.0
28.0
122.0
250.0
80.0
133.0
781.0
124.0
154.0
437.0
312.0
206.0
67.0
1227.0
134.0
121.0
72.0
92.0
114.0
20.0
251.0
202.0
356.0
159.0
39.0
71.0
53.0
200.0
231.0
306.0
196.0
827.0
1275.0
475.0
1312.0
36.0
537.0
119.0
182.0
44.0
349.0
244.0
372.0
57.0
308.0
231.0
471.0
201.0
1108.0
158.0
343.0
425.0
1400.0
2619.0
1074.0
980.0
13.0
220.0
536.0
280.0
70.0
237.0
82.0
294.0
13.0
10.0
10.0
11.0
14.0
12.0
14.0
99.0
13.0
12.0
12.0
29.0
349.0
169.0
832.0
1383.0
547.0
352.0
1105.0
288.0
154.0
863.0
5106.0
5828.0
126.0
172.0
332.0
48.0
27.0
190.0
221.0
187.0
516.0
26.0
76.0
61.0
27.0
128.0
28.0
32.0
19.0
116.0
175.0
848.0
50.0
126.0
65.0
44.0
163.0
214.0
331.0
146.0
170.0
76.0
872.0
165.0
151.0
743.0
36.0
62.0
203.0
90.0
14.0
354.0
123.0
21.0
25.0
32.0
8.0
69.0
261.0
103.0
74.0
83.0
59.0
39.0
81.0
142.0
48.0
27.0
53.0
153.0
103.0
81.0
137.0
45.0
62.0
7.0
1626.0
56.0
112.0
54.0
48.0
606.0
818.0
120.0
1336.0
1101.0
25.0
111.0
112.0
262.0
6832.0
209.0
102.0
155.0
285.0
31.0
273.0
29.0
122.0
250.0
77.0
131.0
761.0
124.0
152.0
461.0
309.0
203.0
67.0
1192.0
122.0
120.0
67.0
86.0
112.0
19.0
264.0
200.0
346.0
169.0
37.0
66.0
52.0
186.0
234.0
318.0
193.0
811.0
1326.0
493.0
1217.0
34.0
538.0
118.0
180.0
44.0
321.0
261.0
379.0
60.0
312.0
220.0
479.0
204.0
1118.0
163.0
340.0
442.0
1314.0
2606.0
1014.0
1037.0
12.0
228.0
560.0
292.0
71.0
238.0
81.0
290.0
14.0
10.0
10.0
12.0
13.0
12.0
13.0
94.0
13.0
12.0
12.0
28.0
348.0
170.0
837.0
1340.0
550.0
331.0
1108.0
289.0
157.0
876.0
5320.0
5525.0
119.0
165.0
320.0
49.0
28.0
185.0
226.0
178.0
517.0
27.0
75.0
62.0
26.0
121.0
27.0
31.0
20.0
119.0
168.0
876.0
50.0
129.0
64.0
44.0
163.0
200.0
332.0
145.0
166.0
75.0
868.0
168.0
150.0
788.0
37.0
63.0
211.0
94.0
13.0
347.0
125.0
20.0
26.0
30.0
8.0
71.0
252.0
113.0
73.0
87.0
59.0
38.0
82.0
147.0
46.0
27.0
54.0
153.0
104.0
80.0
138.0
48.0
67.0
7.0
1587.0
54.0
111.0
55.0
46.0
639.0
816.0
122.0
1438.0
1149.0
26.0
121.0
111.0
269.0
6325.0
210.0
95.0
164.0
284.0
30.0
260.0
30.0
124.0
240.0
78.0
139.0
751.0
113.0
158.0
425.0
327.0
210.0
70.0
1216.0
127.0
122.0
70.0
89.0
114.0
18.0
260.0
201.0
355.0
164.0
37.0
69.0
51.0
187.0
228.0
313.0
191.0
897.0
1295.0
170.0
162.0
154.0
135.0
493.0
143.0
154.0
141.0
130.0
156.0
137.0
158.0
164.0
134.0
140.0
174.0
154.0
149.0
133.0
151.0
171.0
142.0
160.0
400.0
146.0
172.0
144.0
136.0
147.0
163.0
160.0
377.0
463.0
366.0
429.0
441.0
368.0
425.0
473.0
469.0
382.0
370.0
486.0
141.0
154.0
176.0
144.0
141.0
168.0
177.0
146.0
424.0
145.0
149.0
141.0
162.0
143.0
155.0
138.0
156.0
138.0
170.0
148.0
133.0
133.0
138.0
167.0
152.0
161.0
173.0
422.0
142.0
131.0
167.0
465.0
140.0
176.0
175.0
143.0
160.0
176.0
141.0
151.0
172.0
136.0
167.0
177.0
167.0
370.0
162.0
150.0
407.0
133.0
365.0
170.0
422.0
150.0
163.0
143.0
165.0
149.0
168.0
136.0
151.0
154.0
142.0
149.0
154.0
131.0
149.0
143.0
134.0
452.0
149.0
169.0
140.0
143.0
172.0
481.0
147.0
153.0
168.0
146.0
475.0
134.0
172.0
139.0
166.0
147.0
134.0
158.0
160.0
442.0
152.0
401.0
481.0
462.0
177.0
410.0
378.0
458.0
472.0
452.0
425.0
468.0
399.0
476.0
469.0
405.0
406.0
481.0
411.0
156.0
152.0
147.0
135.0
141.0
146.0
141.0
131.0
154.0
149.0
157.0
488.0
484.0
414.0
438.0
470.0
480.0
156.0
160.0
148.0
203.0
153.0
169.0
164.0
373.0
140.0
158.0
135.0
176.0
131.0
155.0
135.0
174.0
146.0
163.0
132.0
135.0
157.0
176.0
171.0
137.0
150.0
135.0
440.0
133.0
150.0
156.0
147.0
160.0
170.0
147.0
369.0
478.0
379.0
446.0
489.0
468.0
425.0
412.0
468.0
475.0
410.0
438.0
149.0
167.0
155.0
133.0
155.0
158.0
144.0
147.0
456.0
176.0
168.0
161.0
142.0
151.0
131.0
148.0
167.0
132.0
137.0
151.0
152.0
131.0
173.0
164.0
139.0
150.0
139.0
421.0
174.0
133.0
144.0
457.0
163.0
150.0
158.0
141.0
161.0
154.0
169.0
174.0
172.0
160.0
144.0
174.0
161.0
472.0
140.0
151.0
429.0
131.0
407.0
142.0
462.0
154.0
171.0
162.0
171.0
142.0
162.0
162.0
134.0
173.0
158.0
139.0
140.0
170.0
166.0
144.0
169.0
399.0
145.0
148.0
170.0
153.0
168.0
443.0
157.0
175.0
130.0
131.0
414.0
134.0
131.0
139.0
172.0
172.0
147.0
156.0
141.0
375.0
155.0
391.0
436.0
433.0
174.0
427.0
388.0
429.0
369.0
457.0
485.0
433.0
482.0
413.0
405.0
393.0
443.0
490.0
370.0
140.0
143.0
173.0
168.0
132.0
164.0
154.0
175.0
170.0
165.0
162.0
399.0
483.0
458.0
375.0
425.0
430.0
131.0
173.0
176.0
202.0
180.0
133.0
153.0
473.0
167.0
132.0
148.0
153.0
152.0
153.0
158.0
146.0
137.0
137.0
170.0
155.0
130.0
165.0
139.0
165.0
161.0
139.0
427.0
152.0
171.0
174.0
176.0
159.0
170.0
146.0
381.0
396.0
394.0
448.0
470.0
403.0
427.0
457.0
458.0
438.0
477.0
440.0
144.0
133.0
131.0
157.0
150.0
166.0
160.0
159.0
401.0
145.0
131.0
169.0
153.0
131.0
145.0
158.0
146.0
149.0
169.0
168.0
166.0
139.0
164.0
161.0
119.0
142.0
173.0
443.0
164.0
134.0
132.0
389.0
174.0
162.0
166.0
158.0
154.0
139.0
165.0
152.0
149.0
149.0
144.0
149.0
142.0
483.0
144.0
168.0
393.0
171.0
470.0
139.0
423.0
148.0
167.0
145.0
130.0
173.0
158.0
149.0
161.0
156.0
143.0
154.0
141.0
168.0
171.0
142.0
138.0
372.0
175.0
134.0
150.0
152.0
158.0
445.0
137.0
144.0
136.0
168.0
455.0
138.0
152.0
171.0
158.0
137.0
174.0
158.0
171.0
490.0
167.0
491.0
474.0
383.0
176.0
433.0
493.0
492.0
448.0
417.0
478.0
395.0
447.0
394.0
367.0
418.0
477.0
454.0
388.0
165.0
146.0
134.0
153.0
137.0
141.0
149.0
152.0
139.0
147.0
167.0
479.0
406.0
446.0
493.0
462.0
402.0
167.0
170.0
136.0
173.0
168.0
151.0
154.0
455.0
173.0
150.0
175.0
134.0
130.0
174.0
136.0
175.0
167.0
174.0
135.0
138.0
161.0
136.0
148.0
141.0
140.0
139.0
449.0
165.0
146.0
158.0
141.0
145.0
171.0
138.0
494.0
411.0
375.0
477.0
444.0
396.0
489.0
423.0
366.0
364.0
371.0
424.0
162.0
144.0
173.0
140.0
177.0
158.0
146.0
170.0
482.0
159.0
162.0
169.0
156.0
152.0
147.0
133.0
159.0
136.0
174.0
135.0
152.0
143.0
160.0
150.0
133.0
141.0
131.0
384.0
150.0
132.0
148.0
480.0
158.0
161.0
169.0
173.0
164.0
157.0
146.0
154.0
174.0
132.0
139.0
177.0
171.0
475.0
152.0
153.0
483.0
172.0
432.0
163.0
372.0
175.0
173.0
148.0
155.0
135.0
165.0
131.0
168.0
132.0
165.0
173.0
173.0
171.0
151.0
144.0
134.0
447.0
134.0
167.0
172.0
138.0
156.0
366.0
171.0
136.0
175.0
146.0
484.0
160.0
131.0
138.0
138.0
155.0
148.0
134.0
130.0
385.0
136.0
475.0
417.0
423.0
154.0
363.0
366.0
440.0
456.0
389.0
404.0
409.0
459.0
476.0
485.0
401.0
374.0
474.0
371.0
174.0
169.0
142.0
150.0
176.0
175.0
157.0
136.0
175.0
147.0
160.0
441.0
377.0
477.0
414.0
400.0
370.0
170.0
133.0
171.0
194.0
192.0
155.0
139.0
363.0
137.0
175.0
176.0
176.0
168.0
164.0
145.0
133.0
173.0
157.0
146.0
160.0
130.0
146.0
152.0
165.0
175.0
157.0
410.0
167.0
147.0
131.0
148.0
156.0
167.0
133.0
377.0
414.0
475.0
494.0
392.0
394.0
397.0
368.0
494.0
465.0
444.0
472.0
131.0
133.0
130.0
134.0
171.0
145.0
145.0
135.0
492.0
158.0
143.0
152.0
174.0
169.0
177.0
151.0
168.0
142.0
151.0
166.0
142.0
139.0
176.0
142.0
145.0
163.0
130.0
431.0
134.0
168.0
147.0
494.0
140.0
175.0
135.0
158.0
159.0
137.0
155.0
143.0
174.0
132.0
163.0
162.0
161.0
398.0
139.0
143.0
472.0
166.0
390.0
142.0
477.0
139.0
158.0
133.0
148.0
166.0
160.0
169.0
161.0
150.0
135.0
143.0
165.0
166.0
152.0
140.0
169.0
428.0
176.0
158.0
140.0
136.0
173.0
485.0
168.0
142.0
159.0
163.0
387.0
155.0
166.0
163.0
159.0
150.0
174.0
176.0
157.0
373.0
168.0
379.0
440.0
489.0
139.0
456.0
426.0
409.0
473.0
408.0
424.0
426.0
480.0
364.0
424.0
373.0
375.0
490.0
447.0
160.0
147.0
138.0
137.0
162.0
150.0
130.0
157.0
158.0
140.0
172.0
409.0
401.0
466.0
488.0
407.0
396.0
150.0
170.0
149.0
203.0
182.0
152.0
150.0
462.0
152.0
136.0
143.0
172.0
133.0
142.0
160.0
164.0
132.0
132.0
164.0
151.0
135.0
148.0
142.0
163.0
164.0
168.0
386.0
163.0
154.0
170.0
139.0
149.0
144.0
153.0
471.0
463.0
457.0
466.0
452.0
374.0
379.0
494.0
406.0
373.0
429.0
447.0
161.0
167.0
176.0
143.0
166.0
132.0
162.0
135.0
469.0
163.0
174.0
153.0
140.0
174.0
172.0
134.0
146.0
148.0
131.0
147.0
151.0
171.0
149.0
143.0
126.0
133.0
156.0
457.0
154.0
141.0
130.0
486.0
131.0
172.0
146.0
130.0
139.0
139.0
174.0
136.0
140.0
140.0
170.0
131.0
149.0
431.0
169.0
141.0
373.0
163.0
466.0
164.0
448.0
158.0
165.0
177.0
132.0
164.0
174.0
133.0
135.0
167.0
146.0
160.0
166.0
151.0
148.0
122.0
132.0
469.0
171.0
162.0
148.0
134.0
173.0
439.0
162.0
160.0
149.0
171.0
483.0
133.0
171.0
177.0
154.0
147.0
136.0
158.0
168.0
389.0
134.0
396.0
365.0
438.0
155.0
439.0
455.0
476.0
422.0
436.0
465.0
451.0
466.0
373.0
412.0
384.0
407.0
365.0
380.0
163.0
137.0
142.0
167.0
130.0
167.0
155.0
133.0
140.0
145.0
135.0
417.0
412.0
451.0
422.0
463.0
432.0
131.0
157.0
160.0
164.0
168.0
161.0
144.0
370.0
152.0
139.0
151.0
168.0
139.0
155.0
134.0
134.0
130.0
172.0
138.0
159.0
154.0
137.0
150.0
157.0
160.0
153.0
426.0
157.0
140.0
155.0
167.0
146.0
172.0
132.0
433.0
492.0
373.0
386.0
387.0
419.0
411.0
392.0
410.0
455.0
442.0
406.0
146.0
165.0
162.0
146.0
142.0
135.0
155.0
170.0
485.0
170.0
138.0
146.0
159.0
139.0
149.0
165.0
155.0
136.0
174.0
167.0
159.0
156.0
162.0
138.0
145.0
132.0
160.0
410.0
148.0
148.0
169.0
402.0
144.0
169.0
159.0
162.0
136.0
154.0
134.0
152.0
143.0
134.0
167.0
156.0
159.0
414.0
139.0
141.0
448.0
132.0
478.0
150.0
438.0
131.0
166.0
172.0
157.0
163.0
153.0
147.0
157.0
177.0
154.0
160.0
134.0
150.0
145.0
127.0
172.0
410.0
142.0
145.0
166.0
161.0
150.0
493.0
157.0
161.0
173.0
173.0
372.0
176.0
152.0
143.0
162.0
165.0
172.0
149.0
172.0
395.0
135.0
403.0
477.0
475.0
165.0
432.0
467.0
384.0
417.0
459.0
465.0
401.0
393.0
480.0
409.0
483.0
390.0
368.0
365.0
157.0
154.0
173.0
142.0
140.0
165.0
173.0
130.0
134.0
169.0
141.0
435.0
412.0
372.0
381.0
393.0
385.0
146.0
166.0
155.0
199.0
196.0
163.0
149.0
462.0
145.0
149.0
170.0
167.0
158.0
149.0
137.0
148.0
159.0
148.0
144.0
131.0
132.0
168.0
153.0
177.0
156.0
131.0
459.0
140.0
142.0
151.0
170.0
163.0
170.0
152.0
450.0
386.0
471.0
422.0
481.0
444.0
389.0
442.0
380.0
426.0
428.0
455.0
175.0
166.0
167.0
131.0
135.0
150.0
142.0
130.0
388.0
161.0
151.0
140.0
139.0
131.0
138.0
177.0
142.0
146.0
169.0
161.0
173.0
147.0
152.0
134.0
152.0
171.0
133.0
401.0
138.0
139.0
154.0
371.0
146.0
144.0
159.0
172.0
156.0
165.0
130.0
167.0
146.0
143.0
156.0
163.0
154.0
463.0
132.0
153.0
436.0
172.0
488.0
177.0
436.0
167.0
154.0
141.0
142.0
142.0
166.0
133.0
146.0
160.0
132.0
172.0
144.0
146.0
172.0
148.0
157.0
406.0
163.0
145.0
159.0
157.0
158.0
417.0
134.0
170.0
177.0
139.0
421.0
159.0
137.0
149.0
157.0
160.0
156.0
166.0
140.0
484.0
175.0
486.0
419.0
472.0
151.0
421.0
374.0
430.0
460.0
442.0
420.0
384.0
464.0
408.0
387.0
431.0
385.0
375.0
418.0
168.0
136.0
156.0
153.0
173.0
168.0
162.0
165.0
161.0
148.0
150.0
430.0
373.0
401.0
493.0
482.0
448.0
139.0
155.0
147.0
176.0
197.0
166.0
168.0
437.0
168.0
165.0
174.0
176.0
177.0
171.0
140.0
168.0
168.0
171.0
143.0
132.0
172.0
140.0
173.0
161.0
175.0
151.0
370.0
162.0
154.0
132.0
131.0
156.0
130.0
137.0
414.0
410.0
421.0
371.0
487.0
472.0
457.0
403.0
445.0
417.0
486.0
485.0
156.0
152.0
163.0
177.0
152.0
164.0
135.0
161.0
371.0
143.0
160.0
144.0
139.0
133.0
162.0
146.0
176.0
139.0
133.0
137.0
134.0
171.0
166.0
164.0
146.0
170.0
170.0
403.0
176.0
151.0
142.0
385.0
133.0
150.0
132.0
174.0
133.0
164.0
133.0
153.0
153.0
160.0
145.0
141.0
171.0
441.0
143.0
136.0
375.0
135.0
383.0
170.0
401.0
151.0
174.0
139.0
149.0
170.0
140.0
139.0
173.0
157.0
163.0
172.0
131.0
130.0
161.0
133.0
155.0
455.0
152.0
166.0
175.0
175.0
160.0
373.0
166.0
145.0
148.0
148.0
485.0
147.0
165.0
168.0
170.0
141.0
137.0
167.0
156.0
490.0
157.0
398.0
450.0
474.0
165.0
416.0
440.0
487.0
393.0
381.0
484.0
452.0
386.0
458.0
478.0
385.0
372.0
460.0
422.0
161.0
171.0
150.0
152.0
140.0
142.0
144.0
169.0
158.0
131.0
146.0
423.0
482.0
449.0
397.0
489.0
421.0
161.0
163.0
171.0
202.0
176.0
140.0
132.0
466.0
152.0
151.0
151.0
164.0
134.0
175.0
157.0
130.0
151.0
158.0
145.0
164.0
136.0
137.0
159.0
169.0
156.0
170.0
447.0
162.0
141.0
133.0
136.0
150.0
163.0
137.0
389.0
400.0
370.0
371.0
451.0
483.0
376.0
433.0
467.0
372.0
410.0
491.0
176.0
152.0
176.0
174.0
165.0
151.0
132.0
144.0
377.0
169.0
144.0
138.0
136.0
138.0
149.0
149.0
146.0
145.0
142.0
135.0
136.0
166.0
138.0
149.0
136.0
146.0
157.0
464.0
137.0
151.0
171.0
374.0
172.0
151.0
152.0
166.0
175.0
137.0
131.0
150.0
170.0
163.0
162.0
161.0
160.0
476.0
158.0
148.0
448.0
168.0
374.0
156.0
465.0
130.0
144.0
136.0
175.0
151.0
138.0
164.0
130.0
152.0
134.0
150.0
132.0
144.0
146.0
129.0
138.0
410.0
159.0
164.0
140.0
151.0
176.0
469.0
165.0
149.0
170.0
143.0
397.0
148.0
145.0
169.0
167.0
147.0
157.0
168.0
136.0
398.0
141.0
424.0
400.0
470.0
136.0
432.0
476.0
368.0
436.0
484.0
472.0
370.0
370.0
421.0
436.0
445.0
432.0
482.0
491.0
148.0
172.0
133.0
159.0
175.0
165.0
140.0
161.0
148.0
170.0
156.0
388.0
397.0
387.0
388.0
419.0
472.0
173.0
131.0
159.0
205.0
195.0
152.0
165.0
412.0
150.0
157.0
145.0
175.0
174.0
164.0
130.0
171.0
146.0
138.0
158.0
159.0
173.0
160.0
167.0
161.0
176.0
151.0
469.0
172.0
168.0
172.0
160.0
142.0
143.0
145.0
437.0
401.0
422.0
406.0
388.0
389.0
466.0
438.0
398.0
374.0
389.0
380.0
170.0
138.0
170.0
136.0
160.0
139.0
144.0
144.0
451.0
145.0
167.0
148.0
157.0
145.0
145.0
130.0
130.0
170.0
140.0
139.0
135.0
172.0
135.0
145.0
118.0
171.0
146.0
480.0
157.0
135.0
168.0
466.0
174.0
150.0
141.0
138.0
171.0
174.0
151.0
145.0
132.0
167.0
147.0
159.0
133.0
369.0
157.0
133.0
444.0
131.0
491.0
152.0
490.0
169.0
149.0
157.0
152.0
167.0
158.0
166.0
132.0
146.0
130.0
166.0
145.0
141.0
164.0
147.0
149.0
387.0
138.0
150.0
133.0
148.0
139.0
429.0
134.0
157.0
140.0
147.0
468.0
156.0
138.0
164.0
144.0
136.0
144.0
133.0
172.0
377.0
156.0
464.0
387.0
477.0
170.0
396.0
477.0
417.0
486.0
489.0
400.0
367.0
451.0
444.0
423.0
365.0
405.0
369.0
453.0
133.0
168.0
158.0
139.0
138.0
134.0
171.0
174.0
147.0
141.0
151.0
406.0
417.0
466.0
435.0
423.0
405.0
151.0
137.0
145.0
184.0
165.0
165.0
168.0
489.0
160.0
166.0
159.0
169.0
149.0
160.0
151.0
175.0
176.0
156.0
176.0
142.0
161.0
173.0
150.0
146.0
144.0
154.0
365.0
144.0
161.0
150.0
147.0
151.0
131.0
167.0
435.0
464.0
464.0
492.0
446.0
430.0
437.0
409.0
477.0
473.0
370.0
453.0
160.0
163.0
159.0
166.0
175.0
154.0
166.0
151.0
397.0
165.0
146.0
131.0
160.0
136.0
153.0
132.0
160.0
166.0
139.0
153.0
159.0
141.0
160.0
148.0
148.0
173.0
165.0
365.0
154.0
158.0
168.0
401.0
141.0
148.0
133.0
135.0
166.0
157.0
144.0
153.0
132.0
168.0
137.0
142.0
150.0
440.0
160.0
135.0
414.0
142.0
363.0
148.0
363.0
175.0
134.0
147.0
150.0
168.0
153.0
145.0
134.0
171.0
149.0
171.0
141.0
143.0
137.0
131.0
131.0
454.0
149.0
130.0
158.0
173.0
161.0
454.0
152.0
148.0
164.0
173.0
394.0
132.0
136.0
172.0
166.0
147.0
161.0
160.0
170.0
469.0
145.0
409.0
421.0
397.0
172.0
474.0
457.0
457.0
423.0
438.0
430.0
415.0
430.0
449.0
386.0
409.0
491.0
449.0
456.0
176.0
167.0
137.0
154.0
130.0
134.0
153.0
159.0
176.0
143.0
174.0
466.0
393.0
374.0
410.0
484.0
482.0
169.0
141.0
132.0
182.0
176.0
145.0
140.0
379.0
160.0
147.0
156.0
172.0
162.0
130.0
137.0
133.0
148.0
151.0
149.0
148.0
145.0
146.0
140.0
134.0
154.0
157.0
493.0
164.0
134.0
152.0
155.0
134.0
145.0
151.0
493.0
476.0
432.0
457.0
446.0
483.0
416.0
368.0
395.0
424.0
482.0
467.0
135.0
150.0
169.0
131.0
133.0
156.0
145.0
173.0
382.0
147.0
162.0
141.0
154.0
173.0
144.0
143.0
134.0
174.0
148.0
167.0
173.0
163.0
149.0
150.0
145.0
131.0
145.0
393.0
158.0
170.0
153.0
476.0
140.0
152.0
141.0
150.0
170.0
160.0
175.0
163.0
141.0
158.0
175.0
152.0
169.0
379.0
154.0
158.0
414.0
130.0
478.0
137.0
483.0
161.0
133.0
150.0
160.0
159.0
171.0
164.0
132.0
141.0
138.0
156.0
161.0
170.0
169.0
118.0
149.0
373.0
149.0
170.0
160.0
141.0
159.0
425.0
132.0
173.0
149.0
175.0
406.0
133.0
167.0
165.0
176.0
154.0
130.0
160.0
169.0
416.0
159.0
402.0
381.0
365.0
163.0
413.0
410.0
398.0
485.0
402.0
471.0
419.0
426.0
464.0
489.0
383.0
384.0
459.0
363.0
169.0
171.0
151.0
134.0
159.0
149.0
165.0
136.0
174.0
146.0
163.0
384.0
401.0
431.0
397.0
468.0
408.0
132.0
158.0
133.0
152.0
165.0
138.0
170.0
482.0
163.0
171.0
153.0
140.0
151.0
158.0
153.0
132.0
177.0
140.0
144.0
159.0
147.0
168.0
160.0
137.0
133.0
151.0
456.0
133.0
172.0
139.0
151.0
167.0
154.0
175.0
437.0
445.0
488.0
367.0
368.0
377.0
428.0
385.0
405.0
367.0
480.0
368.0
145.0
130.0
144.0
142.0
138.0
138.0
174.0
172.0
372.0
155.0
132.0
163.0
171.0
131.0
165.0
159.0
136.0
133.0
172.0
144.0
167.0
159.0
172.0
162.0
146.0
160.0
144.0
489.0
153.0
153.0
155.0
394.0
157.0
133.0
173.0
175.0
161.0
133.0
132.0
171.0
157.0
145.0
146.0
173.0
159.0
444.0
166.0
155.0
457.0
160.0
447.0
141.0
494.0
134.0
162.0
138.0
168.0
166.0
167.0
151.0
136.0
156.0
146.0
142.0
164.0
138.0
162.0
144.0
160.0
443.0
158.0
134.0
174.0
141.0
142.0
459.0
157.0
137.0
161.0
141.0
369.0
145.0
133.0
168.0
174.0
145.0
175.0
150.0
167.0
377.0
175.0
425.0
454.0
467.0
139.0
457.0
461.0
435.0
412.0
368.0
364.0
373.0
418.0
389.0
463.0
387.0
436.0
465.0
395.0
151.0
135.0
169.0
133.0
135.0
149.0
137.0
131.0
158.0
148.0
171.0
489.0
394.0
407.0
369.0
365.0
376.0
140.0
150.0
145.0
166.0
195.0
145.0
174.0
434.0
159.0
160.0
162.0
169.0
156.0
140.0
136.0
148.0
136.0
130.0
177.0
159.0
132.0
134.0
149.0
162.0
130.0
138.0
379.0
147.0
135.0
137.0
156.0
147.0
167.0
133.0
366.0
486.0
479.0
412.0
486.0
421.0
448.0
418.0
419.0
412.0
409.0
419.0
172.0
164.0
132.0
157.0
153.0
173.0
160.0
171.0
397.0
157.0
139.0
169.0
168.0
132.0
144.0
142.0
152.0
134.0
165.0
168.0
148.0
151.0
133.0
159.0
113.0
141.0
149.0
453.0
133.0
133.0
173.0
457.0
155.0
160.0
167.0
142.0
167.0
132.0
145.0
168.0
167.0
137.0
176.0
168.0
147.0
457.0
171.0
136.0
474.0
132.0
443.0
130.0
380.0
154.0
141.0
171.0
176.0
136.0
156.0
150.0
134.0
131.0
144.0
171.0
152.0
151.0
174.0
120.0
171.0
471.0
168.0
170.0
154.0
168.0
134.0
404.0
140.0
152.0
177.0
145.0
469.0
176.0
160.0
170.0
145.0
147.0
174.0
176.0
145.0
448.0
151.0
384.0
447.0
457.0
166.0
488.0
471.0
390.0
491.0
467.0
450.0
408.0
431.0
415.0
410.0
381.0
386.0
401.0
493.0
161.0
133.0
174.0
162.0
138.0
131.0
177.0
151.0
150.0
157.0
151.0
449.0
406.0
436.0
428.0
438.0
462.0
174.0
167.0
151.0
174.0
173.0
136.0
133.0
460.0
170.0
168.0
169.0
155.0
174.0
139.0
159.0
155.0
176.0
143.0
138.0
142.0
133.0
141.0
162.0
175.0
155.0
138.0
452.0
147.0
147.0
171.0
163.0
152.0
175.0
165.0
384.0
442.0
470.0
473.0
396.0
470.0
394.0
376.0
381.0
486.0
401.0
444.0
156.0
175.0
139.0
152.0
154.0
161.0
146.0
137.0
489.0
163.0
145.0
131.0
150.0
145.0
164.0
137.0
173.0
160.0
161.0
149.0
172.0
136.0
141.0
160.0
142.0
162.0
146.0
451.0
150.0
148.0
153.0
483.0
173.0
176.0
175.0
136.0
157.0
152.0
167.0
167.0
139.0
156.0
167.0
156.0
149.0
454.0
172.0
148.0
409.0
132.0
463.0
135.0
466.0
162.0
137.0
133.0
158.0
149.0
138.0
171.0
170.0
167.0
147.0
172.0
159.0
157.0
150.0
113.0
136.0
489.0
173.0
144.0
147.0
139.0
140.0
440.0
165.0
159.0
164.0
146.0
429.0
142.0
172.0
163.0
151.0
177.0
160.0
133.0
156.0
458.0
146.0
456.0
468.0
420.0
147.0
424.0
436.0
399.0
471.0
464.0
477.0
396.0
488.0
439.0
460.0
467.0
428.0
487.0
405.0
156.0
171.0
139.0
151.0
137.0
173.0
136.0
131.0
156.0
158.0
161.0
382.0
447.0
375.0
424.0
490.0
470.0
169.0
143.0
166.0
194.0
186.0
146.0
162.0
368.0
131.0
176.0
176.0
159.0
144.0
133.0
177.0
172.0
171.0
141.0
175.0
161.0
175.0
140.0
149.0
138.0
173.0
159.0
492.0
135.0
155.0
149.0
159.0
137.0
131.0
150.0
435.0
445.0
449.0
483.0
458.0
389.0
397.0
477.0
407.0
457.0
393.0
451.0
162.0
158.0
145.0
154.0
160.0
150.0
157.0
135.0
405.0
162.0
154.0
137.0
165.0
162.0
168.0
147.0
159.0
135.0
152.0
132.0
160.0
174.0
145.0
149.0
137.0
151.0
130.0
415.0
167.0
156.0
175.0
419.0
157.0
174.0
133.0
150.0
138.0
148.0
132.0
137.0
158.0
158.0
161.0
153.0
152.0
383.0
137.0
154.0
462.0
150.0
476.0
176.0
413.0
175.0
163.0
140.0
161.0
177.0
174.0
134.0
137.0
163.0
148.0
158.0
140.0
133.0
145.0
129.0
147.0
433.0
146.0
148.0
138.0
166.0
177.0
444.0
160.0
142.0
138.0
170.0
457.0
160.0
151.0
153.0
171.0
167.0
166.0
165.0
169.0
395.0
139.0
432.0
414.0
420.0
169.0
453.0
468.0
463.0
475.0
461.0
410.0
424.0
416.0
408.0
420.0
366.0
460.0
474.0
407.0
143.0
174.0
132.0
146.0
159.0
133.0
170.0
135.0
175.0
151.0
139.0
370.0
413.0
445.0
487.0
436.0
425.0
137.0
134.0
137.0
205.0
159.0
171.0
168.0
377.0
141.0
155.0
139.0
169.0
171.0
155.0
152.0
165.0
137.0
175.0
168.0
145.0
145.0
131.0
138.0
140.0
171.0
138.0
414.0
133.0
171.0
176.0
135.0
156.0
173.0
168.0
494.0
433.0
417.0
417.0
492.0
411.0
379.0
399.0
491.0
493.0
393.0
460.0
168.0
131.0
142.0
144.0
164.0
150.0
166.0
145.0
403.0
131.0
154.0
144.0
135.0
135.0
156.0
141.0
130.0
136.0
156.0
131.0
135.0
171.0
132.0
157.0
150.0
166.0
164.0
391.0
133.0
139.0
165.0
474.0
144.0
134.0
163.0
150.0
142.0
176.0
130.0
135.0
140.0
147.0
142.0
174.0
170.0
373.0
148.0
133.0
477.0
132.0
428.0
169.0
417.0
158.0
154.0
174.0
167.0
134.0
142.0
133.0
168.0
168.0
153.0
140.0
132.0
131.0
177.0
145.0
149.0
368.0
173.0
145.0
132.0
143.0
163.0
469.0
170.0
177.0
148.0
133.0
381.0
136.0
148.0
168.0
140.0
135.0
158.0
133.0
157.0
375.0
162.0
392.0
443.0
420.0
174.0
485.0
441.0
477.0
483.0
476.0
368.0
409.0
464.0
400.0
460.0
442.0
387.0
449.0
367.0
176.0
130.0
171.0
142.0
173.0
138.0
166.0
144.0
150.0
157.0
138.0
465.0
375.0
470.0
423.0
385.0
444.0
134.0
143.0
132.0
155.0
186.0
149.0
137.0
364.0
147.0
142.0
176.0
157.0
131.0
173.0
139.0
172.0
144.0
162.0
166.0
143.0
144.0
146.0
134.0
160.0
146.0
166.0
390.0
162.0
152.0
154.0
161.0
152.0
157.0
159.0
390.0
396.0
477.0
435.0
485.0
375.0
399.0
387.0
432.0
435.0
446.0
408.0
136.0
131.0
132.0
133.0
154.0
131.0
170.0
161.0
476.0
164.0
159.0
144.0
143.0
145.0
162.0
169.0
170.0
146.0
171.0
171.0
166.0
174.0
136.0
137.0
150.0
146.0
170.0
391.0
142.0
155.0
162.0
456.0
170.0
163.0
176.0
155.0
168.0
164.0
164.0
130.0
167.0
134.0
131.0
170.0
137.0
370.0
169.0
138.0
391.0
153.0
422.0
141.0
417.0
131.0
165.0
157.0
147.0
167.0
156.0
154.0
147.0
130.0
142.0
149.0
161.0
130.0
169.0
117.0
156.0
377.0
165.0
155.0
141.0
145.0
144.0
467.0
171.0
138.0
166.0
141.0
391.0
162.0
173.0
171.0
132.0
160.0
135.0
146.0
177.0
422.0
175.0
465.0
432.0
424.0
131.0
382.0
413.0
412.0
443.0
398.0
414.0
492.0
480.0
466.0
472.0
463.0
424.0
413.0
431.0
167.0
176.0
149.0
145.0
175.0
138.0
153.0
171.0
158.0
167.0
166.0
432.0
486.0
494.0
365.0
371.0
374.0
148.0
159.0
152.0
167.0
188.0
139.0
173.0
456.0
148.0
152.0
158.0
140.0
173.0
153.0
149.0
157.0
168.0
146.0
143.0
138.0
156.0
135.0
159.0
140.0
163.0
159.0
451.0
137.0
135.0
136.0
131.0
150.0
160.0
134.0
390.0
479.0
474.0
464.0
461.0
487.0
478.0
375.0
388.0
443.0
445.0
390.0
138.0
149.0
155.0
158.0
137.0
162.0
132.0
157.0
450.0
174.0
142.0
166.0
144.0
175.0
148.0
157.0
152.0
132.0
133.0
137.0
168.0
163.0
167.0
133.0
143.0
142.0
158.0
436.0
130.0
158.0
145.0
433.0
131.0
174.0
156.0
149.0
157.0
133.0
147.0
148.0
137.0
171.0
157.0
169.0
159.0
460.0
162.0
131.0
429.0
139.0
393.0
144.0
440.0
143.0
171.0
133.0
143.0
169.0
155.0
172.0
146.0
143.0
158.0
130.0
166.0
147.0
157.0
121.0
173.0
459.0
138.0
137.0
142.0
160.0
155.0
479.0
144.0
138.0
170.0
133.0
427.0
150.0
177.0
158.0
138.0
165.0
155.0
144.0
132.0
369.0
156.0
475.0
436.0
472.0
133.0
415.0
380.0
373.0
453.0
418.0
402.0
431.0
386.0
419.0
389.0
478.0
365.0
373.0
450.0
170.0
171.0
169.0
140.0
144.0
165.0
147.0
158.0
158.0
145.0
151.0
439.0
393.0
437.0
447.0
391.0
376.0
157.0
144.0
165.0
