I_BRKGA_178_6_20_6_CESP
178 6 20 495.0
63437.5
60300.5
59137.5
60406.5
55938.5
62421.5
59705.5
62215.5
59422.5
62742.5
57021.5
61620.5
56582.5
62187.5
63662.5
61505.5
56747.5
55927.5
56007.5
53861.5
0.05864645468533004
0.046607978590180385
0.05471694275241543
0.0426201654391319
0.05716861167021484
0.048090618592180986
0.052797940102371696
0.04145212260190009
0.0568078584277031
0.048432236527422214
0.05930366903895681
0.04294518033927151
0.0538666482211778
0.0462780100359781
0.05403347014852403
0.04756585574420942
0.05161037954951756
0.049981164394358804
0.05935290693900622
0.02772178620014898
125.0
121.0
108.0
115.0
124.0
113.0
2557.0
22.0
1261.0
1300.0
67.0
529.0
468.0
1337.0
35.0
511.0
116.0
191.0
47.0
327.0
264.0
388.0
55.0
313.0
224.0
501.0
218.0
1129.0
166.0
330.0
433.0
1284.0
2680.0
1047.0
957.0
13.0
215.0
511.0
292.0
76.0
241.0
77.0
294.0
13.0
10.0
10.0
12.0
14.0
12.0
13.0
99.0
13.0
12.0
12.0
27.0
355.0
160.0
822.0
1341.0
596.0
331.0
1084.0
286.0
154.0
799.0
5505.0
5653.0
123.0
157.0
309.0
47.0
29.0
179.0
223.0
185.0
512.0
27.0
74.0
62.0
26.0
123.0
28.0
33.0
19.0
111.0
170.0
843.0
51.0
124.0
63.0
43.0
161.0
219.0
311.0
148.0
163.0
69.0
882.0
155.0
142.0
732.0
38.0
64.0
199.0
89.0
14.0
344.0
125.0
20.0
25.0
29.0
8.0
72.0
261.0
110.0
67.0
88.0
58.0
40.0
82.0
143.0
49.0
27.0
53.0
161.0
101.0
80.0
132.0
44.0
65.0
7.0
1514.0
54.0
115.0
58.0
47.0
604.0
796.0
123.0
1348.0
1080.0
26.0
120.0
109.0
263.0
6718.0
216.0
97.0
161.0
279.0
33.0
278.0
28.0
123.0
235.0
78.0
134.0
766.0
123.0
157.0
447.0
297.0
224.0
67.0
1257.0
132.0
126.0
73.0
93.0
117.0
19.0
261.0
199.0
339.0
159.0
36.0
66.0
52.0
205.0
223.0
319.0
193.0
892.0
1215.0
478.0
1275.0
34.0
560.0
113.0
176.0
45.0
346.0
253.0
373.0
58.0
291.0
230.0
473.0
208.0
1056.0
162.0
323.0
448.0
1321.0
2678.0
1015.0
1035.0
13.0
220.0
514.0
272.0
74.0
252.0
75.0
274.0
14.0
10.0
10.0
11.0
13.0
12.0
14.0
97.0
14.0
12.0
11.0
27.0
364.0
166.0
803.0
1314.0
544.0
341.0
1118.0
296.0
158.0
790.0
5484.0
5468.0
122.0
156.0
333.0
51.0
28.0
185.0
222.0
184.0
523.0
27.0
72.0
62.0
27.0
116.0
28.0
31.0
20.0
118.0
163.0
821.0
53.0
124.0
61.0
44.0
153.0
221.0
326.0
154.0
174.0
70.0
812.0
164.0
149.0
776.0
36.0
63.0
204.0
90.0
14.0
344.0
123.0
21.0
24.0
31.0
8.0
76.0
253.0
102.0
73.0
89.0
54.0
40.0
89.0
140.0
45.0
27.0
55.0
155.0
110.0
81.0
138.0
48.0
67.0
7.0
1527.0
55.0
111.0
56.0
48.0
620.0
861.0
119.0
1442.0
1132.0
25.0
123.0
110.0
252.0
6472.0
204.0
102.0
161.0
284.0
33.0
261.0
30.0
126.0
243.0
82.0
132.0
767.0
118.0
147.0
435.0
297.0
223.0
70.0
1182.0
122.0
121.0
68.0
86.0
114.0
20.0
252.0
207.0
346.0
170.0
38.0
67.0
50.0
194.0
242.0
297.0
190.0
875.0
1286.0
501.0
1268.0
36.0
527.0
111.0
175.0
44.0
339.0
257.0
374.0
59.0
320.0
232.0
463.0
209.0
1104.0
162.0
322.0
427.0
1274.0
2669.0
1091.0
992.0
13.0
220.0
544.0
282.0
70.0
231.0
78.0
291.0
14.0
10.0
10.0
12.0
14.0
12.0
13.0
97.0
14.0
12.0
11.0
29.0
365.0
173.0
814.0
1255.0
587.0
338.0
1128.0
290.0
147.0
846.0
5339.0
5916.0
122.0
163.0
330.0
49.0
27.0
190.0
212.0
181.0
505.0
28.0
75.0
64.0
26.0
117.0
27.0
33.0
19.0
113.0
172.0
830.0
48.0
120.0
62.0
45.0
158.0
217.0
321.0
153.0
176.0
74.0
864.0
153.0
141.0
730.0
38.0
63.0
197.0
94.0
14.0
355.0
129.0
19.0
25.0
32.0
8.0
69.0
264.0
108.0
70.0
88.0
56.0
41.0
82.0
154.0
46.0
26.0
58.0
163.0
100.0
80.0
131.0
48.0
62.0
7.0
1536.0
58.0
109.0
56.0
45.0
599.0
799.0
117.0
1387.0
1146.0
26.0
116.0
113.0
278.0
6419.0
210.0
98.0
153.0
294.0
30.0
269.0
30.0
123.0
245.0
79.0
129.0
809.0
123.0
159.0
457.0
311.0
217.0
66.0
1273.0
133.0
123.0
69.0
93.0
117.0
20.0
257.0
205.0
372.0
168.0
38.0
70.0
51.0
197.0
220.0
313.0
190.0
855.0
1311.0
473.0
1342.0
36.0
540.0
120.0
192.0
45.0
342.0
253.0
397.0
56.0
300.0
224.0
472.0
204.0
1140.0
166.0
325.0
438.0
1359.0
2640.0
1034.0
1026.0
12.0
228.0
523.0
285.0
71.0
244.0
79.0
274.0
14.0
10.0
9.0
11.0
14.0
11.0
13.0
98.0
14.0
12.0
11.0
28.0
355.0
165.0
843.0
1322.0
579.0
352.0
1130.0
284.0
152.0
870.0
5334.0
5979.0
119.0
170.0
323.0
48.0
28.0
184.0
219.0
186.0
487.0
26.0
74.0
67.0
25.0
118.0
28.0
32.0
19.0
111.0
166.0
874.0
50.0
121.0
64.0
46.0
160.0
207.0
312.0
148.0
174.0
70.0
879.0
163.0
141.0
728.0
36.0
66.0
197.0
93.0
14.0
345.0
120.0
20.0
25.0
30.0
8.0
75.0
266.0
113.0
68.0
86.0
57.0
40.0
87.0
147.0
48.0
25.0
56.0
154.0
101.0
84.0
131.0
46.0
62.0
7.0
1656.0
54.0
111.0
57.0
46.0
626.0
872.0
114.0
1378.0
1143.0
26.0
116.0
110.0
253.0
6165.0
208.0
99.0
158.0
273.0
33.0
282.0
29.0
119.0
234.0
77.0
131.0
811.0
115.0
151.0
423.0
328.0
210.0
69.0
1207.0
130.0
119.0
70.0
94.0
111.0
20.0
258.0
198.0
353.0
166.0
39.0
66.0
50.0
188.0
229.0
317.0
189.0
816.0
1240.0
487.0
1257.0
34.0
519.0
119.0
193.0
47.0
318.0
253.0
383.0
60.0
301.0
232.0
471.0
208.0
1054.0
172.0
355.0
427.0
1273.0
2502.0
1011.0
961.0
12.0
232.0
547.0
275.0
70.0
235.0
81.0
282.0
14.0
10.0
10.0
12.0
14.0
12.0
14.0
96.0
14.0
11.0
12.0
28.0
350.0
173.0
822.0
1303.0
595.0
363.0
1102.0
275.0
156.0
873.0
5516.0
5484.0
131.0
161.0
326.0
51.0
27.0
190.0
214.0
188.0
521.0
27.0
79.0
67.0
26.0
127.0
28.0
33.0
20.0
119.0
178.0
856.0
49.0
126.0
64.0
43.0
153.0
216.0
335.0
153.0
161.0
71.0
864.0
165.0
145.0
786.0
35.0
63.0
204.0
95.0
14.0
343.0
122.0
21.0
26.0
32.0
8.0
74.0
252.0
104.0
69.0
85.0
55.0
39.0
83.0
154.0
49.0
26.0
57.0
150.0
106.0
83.0
136.0
46.0
64.0
7.0
1543.0
56.0
118.0
55.0
48.0
638.0
813.0
118.0
1430.0
1139.0
25.0
114.0
117.0
275.0
6173.0
203.0
101.0
153.0
271.0
31.0
277.0
28.0
129.0
246.0
75.0
132.0
780.0
112.0
148.0
422.0
320.0
204.0
67.0
1207.0
128.0
118.0
71.0
94.0
117.0
19.0
262.0
202.0
369.0
169.0
38.0
67.0
50.0
206.0
232.0
309.0
205.0
881.0
1278.0
482.0
1221.0
33.0
556.0
114.0
192.0
47.0
333.0
252.0
377.0
60.0
290.0
234.0
473.0
200.0
1053.0
162.0
329.0
428.0
1384.0
2711.0
1109.0
1017.0
12.0
229.0
554.0
269.0
75.0
236.0
81.0
279.0
14.0
10.0
10.0
12.0
14.0
12.0
14.0
97.0
14.0
11.0
12.0
27.0
342.0
160.0
813.0
1381.0
574.0
346.0
1109.0
299.0
144.0
791.0
5353.0
5670.0
125.0
158.0
313.0
50.0
28.0
177.0
207.0
180.0
522.0
28.0
78.0
65.0
27.0
127.0
28.0
32.0
19.0
115.0
173.0
899.0
51.0
129.0
65.0
46.0
163.0
207.0
337.0
153.0
162.0
70.0
887.0
153.0
151.0
767.0
37.0
62.0
195.0
91.0
14.0
355.0
119.0
21.0
26.0
29.0
8.0
75.0
265.0
110.0
73.0
90.0
58.0
41.0
87.0
149.0
46.0
25.0
53.0
161.0
109.0
79.0
128.0
45.0
67.0
7.0
1640.0
55.0
118.0
57.0
48.0
635.0
807.0
115.0
1362.0
1116.0
25.0
113.0
111.0
271.0
6463.0
198.0
101.0
161.0
277.0
32.0
266.0
30.0
120.0
260.0
81.0
139.0
797.0
124.0
152.0
461.0
307.0
214.0
68.0
1226.0
131.0
125.0
69.0
89.0
122.0
19.0
267.0
204.0
343.0
169.0
39.0
70.0
53.0
202.0
226.0
310.0
191.0
873.0
1305.0
499.0
1331.0
36.0
559.0
109.0
181.0
45.0
326.0
263.0
362.0
56.0
307.0
228.0
497.0
209.0
1083.0
163.0
329.0
435.0
1327.0
2673.0
1103.0
1048.0
12.0
212.0
532.0
277.0
71.0
230.0
80.0
294.0
14.0
10.0
10.0
12.0
14.0
11.0
14.0
92.0
14.0
12.0
12.0
28.0
368.0
171.0
817.0
1294.0
569.0
351.0
1194.0
300.0
149.0
842.0
5000.0
5926.0
126.0
168.0
315.0
51.0
28.0
190.0
204.0
194.0
531.0
28.0
76.0
66.0
25.0
128.0
29.0
33.0
19.0
117.0
178.0
868.0
50.0
131.0
61.0
46.0
166.0
205.0
318.0
153.0
160.0
75.0
851.0
164.0
152.0
769.0
36.0
60.0
201.0
90.0
14.0
339.0
120.0
20.0
25.0
30.0
8.0
73.0
265.0
112.0
73.0
84.0
59.0
38.0
83.0
147.0
48.0
27.0
57.0
154.0
110.0
82.0
138.0
46.0
63.0
7.0
1561.0
54.0
118.0
58.0
47.0
646.0
850.0
114.0
1440.0
1072.0
24.0
123.0
116.0
251.0
6727.0
205.0
98.0
160.0
287.0
33.0
262.0
29.0
123.0
256.0
76.0
133.0
762.0
113.0
153.0
428.0
320.0
209.0
69.0
1229.0
128.0
120.0
69.0
91.0
118.0
20.0
256.0
207.0
355.0
158.0
37.0
71.0
49.0
192.0
239.0
318.0
195.0
830.0
1312.0
515.0
1310.0
33.0
555.0
114.0
178.0
47.0
329.0
254.0
393.0
60.0
303.0
223.0
460.0
205.0
1139.0
168.0
345.0
420.0
1383.0
2712.0
1059.0
961.0
12.0
210.0
514.0
278.0
71.0
235.0
76.0
288.0
14.0
10.0
10.0
12.0
13.0
12.0
14.0
98.0
14.0
12.0
11.0
29.0
351.0
172.0
770.0
1295.0
599.0
344.0
1113.0
299.0
154.0
834.0
5017.0
5569.0
126.0
165.0
320.0
51.0
29.0
194.0
225.0
182.0
504.0
27.0
78.0
64.0
25.0
120.0
27.0
33.0
19.0
111.0
170.0
847.0
52.0
122.0
65.0
45.0
159.0
219.0
315.0
152.0
174.0
73.0
874.0
152.0
148.0
759.0
37.0
61.0
195.0
94.0
14.0
328.0
124.0
20.0
25.0
30.0
8.0
70.0
251.0
112.0
69.0
89.0
55.0
39.0
88.0
143.0
46.0
25.0
55.0
152.0
111.0
86.0
129.0
46.0
62.0
7.0
1651.0
54.0
114.0
58.0
45.0
660.0
855.0
112.0
1314.0
1127.0
24.0
123.0
119.0
274.0
6698.0
211.0
94.0
163.0
286.0
32.0
275.0
29.0
121.0
251.0
83.0
132.0
764.0
123.0
147.0
441.0
311.0
212.0
70.0
1206.0
124.0
116.0
68.0
90.0
119.0
20.0
261.0
194.0
360.0
160.0
36.0
70.0
53.0
202.0
224.0
323.0
188.0
890.0
1227.0
507.0
1313.0
35.0
551.0
120.0
180.0
48.0
346.0
250.0
364.0
61.0
305.0
220.0
458.0
204.0
1101.0
170.0
356.0
420.0
1398.0
2696.0
1061.0
1046.0
13.0
221.0
554.0
287.0
69.0
238.0
77.0
286.0
14.0
10.0
10.0
12.0
13.0
12.0
14.0
98.0
14.0
11.0
12.0
28.0
351.0
163.0
829.0
1336.0
596.0
350.0
1190.0
273.0
151.0
796.0
5393.0
5836.0
127.0
172.0
313.0
48.0
27.0
186.0
218.0
190.0
508.0
26.0
73.0
62.0
26.0
116.0
28.0
31.0
19.0
117.0
173.0
833.0
49.0
131.0
66.0
45.0
162.0
215.0
327.0
145.0
166.0
73.0
817.0
161.0
152.0
728.0
36.0
64.0
208.0
92.0
13.0
327.0
129.0
20.0
26.0
32.0
8.0
73.0
261.0
109.0
71.0
88.0
59.0
39.0
83.0
149.0
46.0
27.0
58.0
160.0
103.0
80.0
130.0
48.0
66.0
7.0
1618.0
54.0
111.0
56.0
46.0
644.0
799.0
112.0
1422.0
1064.0
24.0
123.0
116.0
260.0
6419.0
198.0
92.0
165.0
277.0
33.0
283.0
30.0
120.0
257.0
81.0
133.0
827.0
113.0
155.0
436.0
311.0
216.0
68.0
1168.0
129.0
125.0
71.0
94.0
121.0
19.0
246.0
192.0
364.0
175.0
39.0
66.0
50.0
192.0
242.0
297.0
199.0
888.0
1232.0
516.0
1235.0
34.0
505.0
120.0
190.0
44.0
318.0
260.0
390.0
59.0
314.0
236.0
489.0
199.0
1140.0
160.0
343.0
448.0
1315.0
2681.0
1028.0
979.0
13.0
214.0
556.0
276.0
73.0
235.0
76.0
280.0
14.0
10.0
10.0
12.0
13.0
12.0
14.0
96.0
14.0
12.0
11.0
28.0
343.0
163.0
773.0
1368.0
563.0
361.0
1192.0
292.0
154.0
858.0
5405.0
5540.0
123.0
159.0
319.0
49.0
27.0
187.0
206.0
195.0
489.0
27.0
72.0
67.0
27.0
116.0
27.0
30.0
19.0
108.0
171.0
897.0
52.0
131.0
62.0
46.0
165.0
200.0
337.0
141.0
166.0
72.0
807.0
155.0
143.0
743.0
38.0
65.0
199.0
98.0
13.0
351.0
127.0
19.0
24.0
29.0
8.0
71.0
277.0
107.0
69.0
83.0
57.0
40.0
88.0
147.0
49.0
27.0
57.0
153.0
105.0
80.0
138.0
45.0
63.0
7.0
1513.0
55.0
113.0
59.0
48.0
633.0
846.0
119.0
1400.0
1075.0
25.0
117.0
109.0
272.0
6290.0
208.0
96.0
157.0
276.0
33.0
261.0
30.0
120.0
246.0
78.0
134.0
757.0
121.0
145.0
452.0
309.0
210.0
68.0
1261.0
122.0
115.0
67.0
90.0
111.0
20.0
270.0
194.0
357.0
159.0
37.0
69.0
50.0
191.0
241.0
309.0
203.0
835.0
1279.0
483.0
1272.0
34.0
549.0
114.0
179.0
45.0
332.0
256.0
399.0
57.0
289.0
217.0
501.0
219.0
1132.0
160.0
327.0
431.0
1350.0
2691.0
1081.0
1024.0
13.0
225.0
533.0
275.0
75.0
251.0
82.0
289.0
13.0
10.0
10.0
12.0
13.0
12.0
14.0
92.0
14.0
12.0
12.0
29.0
339.0
163.0
766.0
1356.0
559.0
338.0
1198.0
299.0
155.0
869.0
5435.0
5811.0
127.0
159.0
327.0
47.0
27.0
190.0
210.0
178.0
488.0
26.0
72.0
67.0
27.0
128.0
29.0
31.0
20.0
117.0
174.0
858.0
50.0
129.0
62.0
46.0
164.0
220.0
315.0
142.0
172.0
75.0
883.0
153.0
150.0
746.0
36.0
62.0
204.0
89.0
14.0
335.0
124.0
21.0
25.0
30.0
8.0
75.0
259.0
103.0
67.0
88.0
57.0
41.0
88.0
142.0
47.0
27.0
53.0
153.0
105.0
81.0
138.0
48.0
63.0
7.0
1540.0
55.0
112.0
55.0
44.0
620.0
875.0
122.0
1332.0
1065.0
26.0
116.0
111.0
273.0
6199.0
198.0
102.0
153.0
271.0
32.0
276.0
30.0
123.0
257.0
77.0
132.0
813.0
114.0
156.0
421.0
313.0
217.0
68.0
1272.0
121.0
125.0
69.0
91.0
118.0
20.0
263.0
204.0
358.0
167.0
36.0
70.0
49.0
187.0
220.0
295.0
192.0
838.0
1229.0
504.0
1230.0
34.0
557.0
115.0
177.0
44.0
333.0
259.0
400.0
57.0
291.0
236.0
505.0
207.0
1099.0
162.0
332.0
446.0
1335.0
2694.0
1033.0
971.0
12.0
217.0
547.0
267.0
69.0
241.0
76.0
299.0
14.0
10.0
10.0
12.0
13.0
11.0
14.0
93.0
14.0
12.0
11.0
28.0
350.0
171.0
763.0
1323.0
599.0
342.0
1191.0
273.0
150.0
800.0
5371.0
5592.0
130.0
173.0
335.0
49.0
28.0
191.0
208.0
185.0
482.0
28.0
73.0
63.0
26.0
121.0
29.0
32.0
19.0
110.0
172.0
851.0
51.0
125.0
61.0
43.0
152.0
217.0
320.0
143.0
171.0
74.0
867.0
160.0
152.0
725.0
36.0
63.0
208.0
96.0
14.0
344.0
125.0
21.0
24.0
32.0
8.0
73.0
275.0
111.0
70.0
87.0
55.0
41.0
85.0
141.0
45.0
25.0
55.0
157.0
108.0
87.0
131.0
48.0
64.0
7.0
1556.0
58.0
109.0
55.0
47.0
617.0
810.0
117.0
1307.0
1043.0
24.0
115.0
116.0
267.0
6695.0
205.0
101.0
154.0
297.0
30.0
287.0
29.0
130.0
236.0
81.0
127.0
798.0
114.0
147.0
447.0
307.0
221.0
67.0
1276.0
133.0
120.0
68.0
88.0
119.0
19.0
255.0
190.0
373.0
164.0
36.0
71.0
51.0
198.0
227.0
311.0
188.0
894.0
1205.0
515.0
1252.0
34.0
529.0
111.0
193.0
44.0
329.0
270.0
381.0
56.0
294.0
232.0
499.0
204.0
1075.0
167.0
355.0
421.0
1261.0
2521.0
1070.0
1030.0
13.0
230.0
538.0
293.0
71.0
253.0
79.0
277.0
14.0
10.0
10.0
11.0
13.0
12.0
13.0
100.0
14.0
12.0
12.0
27.0
363.0
159.0
843.0
1342.0
589.0
337.0
1119.0
280.0
155.0
868.0
5413.0
6019.0
119.0
172.0
332.0
48.0
27.0
193.0
223.0
185.0
533.0
28.0
76.0
67.0
26.0
128.0
27.0
31.0
20.0
117.0
178.0
862.0
51.0
122.0
61.0
46.0
154.0
215.0
321.0
145.0
166.0
72.0
857.0
159.0
152.0
748.0
37.0
61.0
206.0
98.0
13.0
345.0
117.0
19.0
24.0
30.0
8.0
74.0
263.0
106.0
68.0
88.0
55.0
41.0
87.0
145.0
48.0
26.0
58.0
151.0
105.0
87.0
127.0
46.0
67.0
7.0
1665.0
55.0
119.0
54.0
45.0
652.0
863.0
120.0
1441.0
1150.0
25.0
111.0
112.0
263.0
6371.0
204.0
93.0
165.0
298.0
33.0
269.0
28.0
121.0
240.0
82.0
138.0
821.0
115.0
155.0
443.0
312.0
217.0
68.0
1211.0
130.0
125.0
67.0
93.0
114.0
19.0
253.0
199.0
359.0
169.0
39.0
70.0
52.0
196.0
222.0
295.0
190.0
861.0
1242.0
489.0
1278.0
33.0
531.0
116.0
191.0
48.0
323.0
246.0
396.0
61.0
313.0
220.0
472.0
218.0
1087.0
162.0
350.0
427.0
1334.0
2659.0
1039.0
1014.0
13.0
220.0
544.0
278.0
74.0
252.0
80.0
294.0
13.0
10.0
10.0
12.0
14.0
12.0
14.0
95.0
13.0
12.0
12.0
29.0
365.0
169.0
790.0
1300.0
545.0
337.0
1088.0
283.0
144.0
820.0
5280.0
5672.0
128.0
169.0
324.0
48.0
29.0
182.0
214.0
190.0
526.0
27.0
75.0
64.0
26.0
120.0
29.0
33.0
19.0
109.0
168.0
878.0
50.0
121.0
62.0
44.0
160.0
202.0
341.0
141.0
176.0
73.0
811.0
168.0
152.0
803.0
37.0
63.0
196.0
93.0
14.0
328.0
129.0
20.0
26.0
31.0
8.0
73.0
257.0
112.0
74.0
89.0
58.0
41.0
84.0
142.0
49.0
26.0
58.0
163.0
109.0
81.0
129.0
47.0
67.0
7.0
1510.0
58.0
110.0
57.0
47.0
627.0
843.0
120.0
1372.0
1043.0
24.0
114.0
115.0
252.0
6290.0
212.0
94.0
164.0
287.0
31.0
261.0
30.0
120.0
252.0
83.0
129.0
814.0
113.0
150.0
464.0
323.0
218.0
68.0
1205.0
125.0
122.0
68.0
87.0
113.0
20.0
254.0
198.0
352.0
170.0
36.0
67.0
50.0
187.0
240.0
307.0
188.0
900.0
1222.0
515.0
1289.0
34.0
539.0
114.0
185.0
44.0
330.0
260.0
370.0
59.0
316.0
222.0
459.0
199.0
1083.0
169.0
343.0
435.0
1288.0
2749.0
1011.0
1015.0
12.0
228.0
553.0
290.0
72.0
235.0
79.0
279.0
13.0
10.0
10.0
12.0
14.0
11.0
13.0
98.0
14.0
12.0
12.0
29.0
341.0
172.0
843.0
1271.0
581.0
354.0
1111.0
279.0
153.0
868.0
5173.0
5722.0
128.0
171.0
333.0
51.0
27.0
183.0
225.0
194.0
503.0
26.0
79.0
61.0
27.0
127.0
28.0
31.0
19.0
113.0
171.0
824.0
50.0
120.0
64.0
45.0
155.0
209.0
335.0
155.0
170.0
71.0
822.0
166.0
139.0
773.0
37.0
62.0
210.0
94.0
14.0
336.0
117.0
20.0
26.0
29.0
8.0
71.0
271.0
110.0
72.0
89.0
57.0
38.0
86.0
144.0
45.0
26.0
53.0
158.0
104.0
87.0
126.0
46.0
64.0
7.0
1575.0
59.0
115.0
59.0
44.0
635.0
860.0
115.0
1316.0
1155.0
26.0
119.0
112.0
253.0
6378.0
196.0
97.0
152.0
290.0
31.0
273.0
30.0
118.0
247.0
75.0
139.0
811.0
117.0
146.0
448.0
313.0
214.0
67.0
1262.0
130.0
118.0
72.0
92.0
115.0
19.0
264.0
191.0
363.0
173.0
36.0
68.0
48.0
188.0
237.0
298.0
202.0
854.0
1315.0
489.0
1324.0
33.0
558.0
115.0
184.0
45.0
333.0
252.0
368.0
57.0
294.0
222.0
492.0
204.0
1091.0
161.0
342.0
437.0
1386.0
2747.0
1045.0
1024.0
13.0
233.0
507.0
290.0
74.0
239.0
77.0
282.0
14.0
10.0
10.0
12.0
14.0
12.0
14.0
94.0
14.0
12.0
12.0
27.0
350.0
168.0
794.0
1256.0
577.0
355.0
1079.0
276.0
156.0
851.0
5302.0
5452.0
123.0
158.0
310.0
49.0
28.0
185.0
223.0
187.0
482.0
26.0
76.0
65.0
27.0
117.0
29.0
32.0
20.0
109.0
168.0
817.0
53.0
122.0
66.0
44.0
167.0
210.0
323.0
150.0
162.0
71.0
869.0
164.0
142.0
776.0
36.0
63.0
204.0
90.0
14.0
348.0
126.0
21.0
25.0
31.0
8.0
71.0
256.0
105.0
74.0
87.0
57.0
39.0
89.0
150.0
48.0
26.0
54.0
158.0
105.0
80.0
132.0
47.0
62.0
7.0
1542.0
54.0
117.0
54.0
46.0
647.0
857.0
114.0
1439.0
1111.0
26.0
120.0
119.0
276.0
6329.0
201.0
101.0
162.0
293.0
30.0
287.0
30.0
118.0
254.0
80.0
132.0
810.0
113.0
158.0
433.0
320.0
214.0
65.0
1186.0
131.0
121.0
70.0
92.0
110.0
20.0
269.0
201.0
374.0
161.0
38.0
64.0
52.0
193.0
233.0
313.0
187.0
872.0
1311.0
494.0
1259.0
34.0
530.0
110.0
186.0
46.0
351.0
260.0
391.0
57.0
295.0
214.0
493.0
201.0
1048.0
161.0
349.0
445.0
1287.0
2586.0
1096.0
955.0
13.0
225.0
521.0
273.0
71.0
237.0
80.0
277.0
13.0
10.0
9.0
12.0
14.0
12.0
13.0
94.0
14.0
12.0
11.0
29.0
342.0
170.0
829.0
1356.0
558.0
362.0
1166.0
290.0
157.0
862.0
5404.0
5668.0
121.0
165.0
329.0
47.0
28.0
188.0
221.0
193.0
531.0
28.0
78.0
65.0
25.0
117.0
27.0
32.0
20.0
115.0
179.0
861.0
52.0
131.0
63.0
46.0
152.0
199.0
320.0
144.0
174.0
75.0
808.0
160.0
145.0
795.0
37.0
64.0
206.0
92.0
13.0
344.0
117.0
20.0
26.0
31.0
8.0
71.0
271.0
104.0
69.0
90.0
59.0
37.0
89.0
150.0
49.0
27.0
53.0
164.0
104.0
83.0
131.0
48.0
61.0
7.0
1576.0
58.0
117.0
55.0
46.0
643.0
817.0
117.0
1427.0
1109.0
24.0
112.0
117.0
260.0
6573.0
212.0
95.0
162.0
281.0
31.0
279.0
29.0
122.0
257.0
81.0
127.0
755.0
113.0
154.0
460.0
297.0
206.0
66.0
1207.0
125.0
121.0
71.0
92.0
117.0
20.0
264.0
190.0
356.0
174.0
36.0
65.0
52.0
195.0
229.0
305.0
189.0
818.0
1263.0
482.0
1270.0
33.0
546.0
110.0
193.0
47.0
336.0
250.0
392.0
56.0
314.0
223.0
474.0
202.0
1098.0
157.0
340.0
424.0
1374.0
2695.0
1035.0
999.0
13.0
221.0
511.0
272.0
72.0
238.0
82.0
288.0
13.0
10.0
10.0
12.0
14.0
12.0
14.0
96.0
14.0
12.0
11.0
29.0
340.0
168.0
823.0
1337.0
571.0
348.0
1116.0
275.0
150.0
850.0
5201.0
5616.0
120.0
160.0
315.0
50.0
29.0
193.0
207.0
186.0
489.0
28.0
75.0
64.0
26.0
123.0
28.0
31.0
19.0
115.0
162.0
826.0
52.0
124.0
64.0
45.0
157.0
212.0
321.0
153.0
167.0
72.0
825.0
165.0
152.0
735.0
37.0
63.0
197.0
91.0
13.0
335.0
120.0
19.0
25.0
31.0
8.0
73.0
270.0
105.0
72.0
89.0
57.0
38.0
82.0
147.0
49.0
27.0
56.0
155.0
104.0
84.0
134.0
47.0
67.0
7.0
1506.0
59.0
115.0
57.0
44.0
609.0
878.0
120.0
1422.0
1136.0
24.0
116.0
114.0
256.0
6409.0
199.0
100.0
164.0
295.0
31.0
274.0
28.0
122.0
255.0
76.0
128.0
825.0
112.0
145.0
458.0
313.0
205.0
71.0
1281.0
124.0
124.0
70.0
89.0
113.0
19.0
247.0
189.0
371.0
169.0
38.0
68.0
53.0
203.0
229.0
322.0
192.0
891.0
1235.0
496.0
1284.0
35.0
518.0
120.0
174.0
46.0
341.0
244.0
390.0
59.0
295.0
219.0
481.0
198.0
1049.0
157.0
324.0
430.0
1397.0
2716.0
1025.0
986.0
13.0
233.0
554.0
278.0
70.0
230.0
79.0
290.0
14.0
10.0
10.0
11.0
14.0
12.0
14.0
95.0
14.0
12.0
12.0
27.0
371.0
163.0
771.0
1274.0
587.0
357.0
1194.0
281.0
148.0
805.0
5295.0
5783.0
128.0
159.0
305.0
48.0
28.0
188.0
216.0
190.0
507.0
27.0
74.0
61.0
26.0
120.0
28.0
32.0
19.0
117.0
166.0
889.0
48.0
125.0
63.0
45.0
165.0
217.0
336.0
153.0
167.0
72.0
878.0
165.0
138.0
780.0
35.0
62.0
213.0
92.0
13.0
323.0
128.0
20.0
25.0
30.0
8.0
74.0
255.0
103.0
68.0
90.0
55.0
39.0
89.0
154.0
48.0
27.0
55.0
152.0
107.0
82.0
131.0
47.0
62.0
7.0
1530.0
59.0
116.0
54.0
45.0
643.0
875.0
122.0
1352.0
1129.0
26.0
115.0
111.0
275.0
6192.0
214.0
97.0
158.0
275.0
32.0
284.0
29.0
125.0
239.0
80.0
139.0
802.0
120.0
153.0
423.0
323.0
210.0
70.0
1287.0
127.0
120.0
69.0
88.0
120.0
20.0
266.0
194.0
371.0
161.0
37.0
68.0
53.0
202.0
239.0
311.0
198.0
855.0
1299.0
468.0
1235.0
34.0
520.0
110.0
176.0
48.0
349.0
262.0
397.0
61.0
302.0
235.0
495.0
213.0
1105.0
171.0
323.0
407.0
1381.0
2583.0
1044.0
1040.0
13.0
222.0
541.0
289.0
70.0
229.0
81.0
284.0
14.0
10.0
10.0
12.0
14.0
12.0
13.0
91.0
14.0
12.0
12.0
27.0
360.0
163.0
801.0
1342.0
565.0
348.0
1160.0
299.0
148.0
816.0
5310.0
5519.0
129.0
164.0
336.0
50.0
27.0
184.0
220.0
191.0
486.0
28.0
73.0
63.0
27.0
124.0
29.0
31.0
19.0
117.0
162.0
864.0
51.0
122.0
63.0
42.0
159.0
209.0
322.0
154.0
166.0
75.0
809.0
153.0
151.0
725.0
37.0
63.0
194.0
91.0
14.0
330.0
122.0
20.0
24.0
31.0
8.0
76.0
251.0
108.0
68.0
84.0
59.0
38.0
84.0
143.0
46.0
25.0
55.0
148.0
102.0
86.0
131.0
46.0
65.0
7.0
1658.0
55.0
113.0
57.0
48.0
621.0
872.0
114.0
1341.0
1155.0
25.0
119.0
115.0
272.0
6213.0
213.0
93.0
155.0
288.0
31.0
276.0
28.0
128.0
246.0
78.0
135.0
798.0
114.0
157.0
453.0
297.0
210.0
71.0
1169.0
130.0
115.0
70.0
89.0
114.0
20.0
271.0
203.0
374.0
173.0
38.0
65.0
48.0
197.0
233.0
298.0
188.0
829.0
1240.0
187.0
175.0
139.0
137.0
371.0
168.0
151.0
168.0
160.0
146.0
170.0
154.0
177.0
142.0
166.0
135.0
154.0
176.0
143.0
150.0
160.0
159.0
151.0
490.0
152.0
143.0
148.0
133.0
147.0
167.0
153.0
485.0
378.0
371.0
400.0
389.0
461.0
413.0
388.0
404.0
415.0
386.0
449.0
144.0
153.0
143.0
134.0
138.0
145.0
147.0
164.0
492.0
161.0
150.0
153.0
171.0
137.0
145.0
134.0
141.0
150.0
168.0
144.0
153.0
148.0
151.0
132.0
151.0
174.0
154.0
437.0
139.0
137.0
163.0
364.0
150.0
167.0
137.0
140.0
141.0
149.0
142.0
145.0
160.0
162.0
139.0
162.0
165.0
441.0
138.0
134.0
374.0
158.0
466.0
154.0
424.0
131.0
174.0
154.0
143.0
137.0
149.0
133.0
138.0
167.0
174.0
135.0
148.0
153.0
133.0
114.0
177.0
411.0
170.0
162.0
132.0
149.0
146.0
385.0
145.0
164.0
133.0
174.0
365.0
130.0
168.0
162.0
169.0
142.0
171.0
167.0
135.0
422.0
155.0
490.0
366.0
488.0
160.0
457.0
494.0
412.0
474.0
388.0
467.0
450.0
486.0
414.0
381.0
417.0
384.0
457.0
432.0
156.0
160.0
152.0
166.0
143.0
136.0
166.0
147.0
152.0
167.0
170.0
483.0
375.0
463.0
478.0
476.0
446.0
158.0
166.0
152.0
158.0
204.0
151.0
169.0
406.0
133.0
160.0
146.0
166.0
175.0
141.0
162.0
166.0
132.0
162.0
156.0
141.0
144.0
174.0
164.0
176.0
156.0
132.0
443.0
137.0
158.0
151.0
140.0
173.0
160.0
134.0
441.0
470.0
461.0
447.0
403.0
442.0
456.0
488.0
451.0
458.0
383.0
436.0
157.0
151.0
136.0
138.0
145.0
155.0
144.0
132.0
444.0
159.0
152.0
174.0
171.0
139.0
142.0
132.0
140.0
156.0
173.0
133.0
174.0
168.0
161.0
138.0
132.0
157.0
145.0
460.0
176.0
146.0
157.0
492.0
163.0
164.0
157.0
175.0
166.0
142.0
165.0
152.0
177.0
150.0
153.0
166.0
141.0
492.0
171.0
148.0
462.0
161.0
485.0
141.0
487.0
140.0
144.0
165.0
130.0
173.0
158.0
132.0
176.0
140.0
151.0
130.0
149.0
147.0
133.0
113.0
158.0
458.0
177.0
159.0
138.0
144.0
147.0
395.0
140.0
131.0
160.0
138.0
446.0
149.0
169.0
175.0
135.0
160.0
157.0
175.0
173.0
413.0
160.0
381.0
438.0
363.0
163.0
363.0
494.0
436.0
421.0
370.0
452.0
363.0
410.0
454.0
488.0
445.0
462.0
383.0
432.0
146.0
174.0
168.0
163.0
158.0
151.0
134.0
137.0
166.0
174.0
175.0
474.0
450.0
364.0
394.0
472.0
389.0
177.0
166.0
173.0
176.0
200.0
131.0
135.0
446.0
140.0
142.0
171.0
176.0
151.0
130.0
139.0
134.0
155.0
174.0
134.0
147.0
155.0
163.0
136.0
137.0
154.0
138.0
391.0
172.0
176.0
133.0
142.0
165.0
176.0
144.0
482.0
464.0
483.0
483.0
423.0
397.0
385.0
493.0
401.0
459.0
429.0
457.0
165.0
136.0
164.0
142.0
139.0
170.0
170.0
158.0
453.0
165.0
139.0
172.0
148.0
146.0
160.0
161.0
175.0
161.0
148.0
147.0
140.0
164.0
170.0
145.0
149.0
144.0
141.0
391.0
156.0
165.0
146.0
395.0
147.0
169.0
152.0
134.0
133.0
168.0
149.0
133.0
133.0
158.0
170.0
176.0
164.0
379.0
133.0
168.0
451.0
167.0
390.0
139.0
447.0
147.0
163.0
137.0
148.0
160.0
175.0
163.0
137.0
131.0
177.0
142.0
175.0
158.0
158.0
112.0
149.0
405.0
154.0
155.0
148.0
153.0
155.0
424.0
173.0
168.0
155.0
175.0
375.0
146.0
170.0
138.0
168.0
149.0
148.0
142.0
165.0
383.0
159.0
390.0
484.0
408.0
139.0
467.0
424.0
449.0
483.0
435.0
456.0
417.0
367.0
389.0
465.0
451.0
431.0
397.0
489.0
131.0
156.0
160.0
173.0
158.0
145.0
149.0
139.0
169.0
176.0
133.0
480.0
435.0
403.0
387.0
379.0
487.0
157.0
172.0
173.0
183.0
172.0
170.0
155.0
455.0
153.0
161.0
153.0
149.0
155.0
167.0
150.0
143.0
136.0
145.0
130.0
158.0
145.0
151.0
151.0
158.0
165.0
145.0
489.0
171.0
138.0
150.0
161.0
137.0
167.0
143.0
435.0
488.0
387.0
400.0
443.0
375.0
395.0
451.0
372.0
459.0
484.0
445.0
157.0
150.0
170.0
174.0
158.0
166.0
150.0
176.0
415.0
141.0
149.0
159.0
152.0
142.0
156.0
166.0
140.0
132.0
162.0
130.0
135.0
139.0
136.0
138.0
149.0
150.0
159.0
448.0
156.0
130.0
166.0
389.0
156.0
150.0
136.0
156.0
149.0
157.0
145.0
145.0
142.0
153.0
140.0
139.0
154.0
433.0
132.0
158.0
414.0
137.0
424.0
135.0
478.0
130.0
155.0
149.0
176.0
133.0
133.0
152.0
158.0
162.0
131.0
149.0
152.0
177.0
143.0
114.0
170.0
382.0
167.0
144.0
170.0
133.0
136.0
420.0
168.0
171.0
169.0
164.0
479.0
132.0
169.0
143.0
170.0
137.0
155.0
133.0
172.0
451.0
147.0
368.0
439.0
475.0
168.0
401.0
448.0
394.0
449.0
480.0
371.0
367.0
370.0
457.0
448.0
394.0
493.0
453.0
491.0
153.0
159.0
170.0
160.0
131.0
138.0
153.0
175.0
134.0
136.0
135.0
440.0
464.0
462.0
363.0
477.0
493.0
146.0
162.0
163.0
170.0
203.0
153.0
142.0
463.0
168.0
137.0
177.0
150.0
162.0
168.0
160.0
142.0
131.0
147.0
130.0
166.0
161.0
163.0
136.0
157.0
154.0
135.0
480.0
150.0
130.0
146.0
171.0
157.0
144.0
171.0
458.0
380.0
375.0
388.0
453.0
431.0
416.0
425.0
400.0
364.0
399.0
473.0
157.0
150.0
155.0
171.0
171.0
131.0
152.0
151.0
436.0
149.0
131.0
165.0
165.0
173.0
166.0
135.0
143.0
164.0
171.0
142.0
152.0
173.0
166.0
163.0
149.0
169.0
132.0
448.0
133.0
170.0
137.0
454.0
171.0
138.0
169.0
175.0
172.0
140.0
171.0
156.0
164.0
131.0
151.0
157.0
146.0
414.0
153.0
177.0
384.0
172.0
485.0
177.0
428.0
173.0
140.0
169.0
130.0
140.0
171.0
142.0
140.0
131.0
141.0
167.0
135.0
147.0
166.0
143.0
155.0
377.0
152.0
165.0
162.0
136.0
137.0
453.0
145.0
153.0
166.0
131.0
379.0
154.0
138.0
161.0
142.0
134.0
159.0
139.0
153.0
468.0
139.0
398.0
378.0
418.0
132.0
460.0
432.0
384.0
455.0
460.0
404.0
428.0
398.0
414.0
379.0
425.0
382.0
402.0
473.0
133.0
151.0
143.0
154.0
159.0
146.0
173.0
146.0
165.0
136.0
165.0
461.0
366.0
444.0
443.0
465.0
425.0
176.0
173.0
134.0
189.0
181.0
138.0
174.0
471.0
172.0
130.0
158.0
147.0
148.0
152.0
167.0
165.0
162.0
151.0
154.0
157.0
144.0
137.0
160.0
137.0
136.0
156.0
365.0
143.0
137.0
170.0
130.0
164.0
146.0
141.0
461.0
442.0
479.0
487.0
420.0
476.0
458.0
373.0
442.0
417.0
466.0
461.0
174.0
163.0
142.0
154.0
147.0
159.0
142.0
137.0
411.0
140.0
144.0
149.0
160.0
156.0
152.0
172.0
157.0
157.0
158.0
164.0
156.0
176.0
144.0
137.0
126.0
147.0
132.0
442.0
168.0
138.0
153.0
462.0
134.0
139.0
159.0
150.0
152.0
161.0
172.0
164.0
149.0
139.0
168.0
149.0
135.0
378.0
174.0
158.0
415.0
171.0
425.0
138.0
467.0
163.0
148.0
167.0
172.0
163.0
141.0
167.0
137.0
165.0
174.0
175.0
143.0
144.0
132.0
144.0
156.0
472.0
151.0
150.0
145.0
143.0
152.0
468.0
148.0
136.0
172.0
148.0
442.0
157.0
136.0
171.0
139.0
144.0
173.0
145.0
132.0
437.0
170.0
457.0
368.0
434.0
136.0
396.0
473.0
438.0
479.0
427.0
476.0
383.0
367.0
381.0
436.0
400.0
488.0
417.0
480.0
145.0
164.0
131.0
167.0
152.0
147.0
139.0
131.0
154.0
131.0
151.0
462.0
436.0
477.0
490.0
430.0
473.0
160.0
159.0
158.0
188.0
186.0
143.0
142.0
397.0
161.0
165.0
159.0
143.0
168.0
153.0
165.0
164.0
131.0
137.0
134.0
164.0
160.0
141.0
145.0
175.0
148.0
163.0
378.0
173.0
167.0
144.0
145.0
152.0
171.0
168.0
377.0
485.0
366.0
435.0
424.0
492.0
419.0
471.0
394.0
403.0
461.0
397.0
173.0
137.0
169.0
132.0
150.0
160.0
149.0
157.0
492.0
170.0
146.0
135.0
153.0
134.0
167.0
146.0
139.0
153.0
141.0
177.0
162.0
142.0
151.0
174.0
115.0
131.0
163.0
399.0
151.0
175.0
165.0
441.0
148.0
132.0
160.0
138.0
158.0
142.0
134.0
169.0
173.0
158.0
133.0
171.0
161.0
428.0
174.0
137.0
480.0
170.0
391.0
149.0
443.0
156.0
168.0
175.0
172.0
160.0
141.0
176.0
168.0
134.0
140.0
163.0
143.0
131.0
164.0
150.0
151.0
367.0
149.0
146.0
142.0
151.0
163.0
488.0
131.0
135.0
142.0
176.0
420.0
176.0
157.0
176.0
145.0
151.0
170.0
163.0
174.0
398.0
148.0
423.0
438.0
419.0
135.0
461.0
368.0
434.0
384.0
397.0
367.0
425.0
419.0
473.0
430.0
387.0
438.0
471.0
456.0
134.0
176.0
169.0
141.0
155.0
154.0
133.0
156.0
130.0
140.0
152.0
449.0
391.0
387.0
433.0
468.0
401.0
139.0
155.0
157.0
184.0
156.0
144.0
166.0
469.0
164.0
135.0
160.0
166.0
142.0
133.0
164.0
156.0
158.0
139.0
141.0
130.0
169.0
131.0
151.0
144.0
165.0
149.0
379.0
142.0
157.0
175.0
155.0
139.0
132.0
136.0
418.0
398.0
454.0
372.0
437.0
447.0
438.0
444.0
401.0
363.0
468.0
371.0
139.0
133.0
137.0
162.0
134.0
147.0
132.0
175.0
461.0
135.0
151.0
142.0
136.0
147.0
155.0
136.0
174.0
154.0
148.0
157.0
172.0
159.0
160.0
135.0
114.0
159.0
134.0
389.0
175.0
138.0
171.0
443.0
149.0
153.0
143.0
159.0
145.0
165.0
159.0
142.0
176.0
158.0
168.0
170.0
146.0
404.0
138.0
162.0
425.0
137.0
370.0
153.0
392.0
132.0
175.0
136.0
162.0
132.0
149.0
163.0
133.0
163.0
173.0
158.0
131.0
152.0
147.0
145.0
151.0
372.0
130.0
147.0
156.0
174.0
171.0
487.0
155.0
146.0
131.0
138.0
374.0
140.0
145.0
164.0
167.0
139.0
147.0
163.0
171.0
447.0
167.0
442.0
393.0
468.0
143.0
449.0
397.0
386.0
468.0
386.0
386.0
465.0
487.0
411.0
487.0
488.0
418.0
456.0
448.0
168.0
133.0
165.0
144.0
159.0
175.0
133.0
137.0
149.0
146.0
169.0
390.0
368.0
468.0
463.0
401.0
387.0
148.0
170.0
130.0
205.0
154.0
142.0
155.0
414.0
153.0
162.0
171.0
169.0
136.0
155.0
130.0
173.0
176.0
165.0
147.0
165.0
148.0
172.0
146.0
155.0
147.0
165.0
436.0
157.0
153.0
176.0
156.0
160.0
173.0
144.0
491.0
487.0
466.0
373.0
368.0
389.0
393.0
449.0
416.0
456.0
456.0
437.0
151.0
141.0
140.0
153.0
155.0
140.0
173.0
165.0
484.0
155.0
174.0
149.0
142.0
172.0
155.0
163.0
176.0
165.0
173.0
168.0
172.0
168.0
139.0
162.0
146.0
176.0
152.0
408.0
138.0
149.0
133.0
423.0
155.0
153.0
140.0
165.0
132.0
147.0
167.0
132.0
137.0
133.0
171.0
144.0
141.0
445.0
148.0
160.0
389.0
154.0
365.0
158.0
447.0
143.0
174.0
169.0
172.0
154.0
144.0
131.0
153.0
176.0
152.0
175.0
157.0
137.0
157.0
133.0
151.0
368.0
151.0
169.0
140.0
145.0
148.0
489.0
141.0
176.0
149.0
154.0
470.0
177.0
155.0
172.0
148.0
175.0
152.0
160.0
134.0
419.0
169.0
492.0
430.0
431.0
164.0
440.0
489.0
368.0
379.0
457.0
441.0
387.0
441.0
390.0
399.0
422.0
399.0
461.0
478.0
153.0
135.0
158.0
153.0
131.0
160.0
158.0
167.0
170.0
133.0
142.0
423.0
453.0
409.0
366.0
415.0
449.0
143.0
145.0
138.0
160.0
161.0
162.0
174.0
433.0
149.0
141.0
164.0
148.0
133.0
150.0
172.0
160.0
138.0
150.0
135.0
169.0
154.0
177.0
135.0
131.0
134.0
152.0
397.0
145.0
149.0
143.0
152.0
145.0
148.0
139.0
367.0
373.0
436.0
492.0
444.0
392.0
453.0
418.0
399.0
426.0
383.0
475.0
141.0
150.0
166.0
153.0
173.0
161.0
156.0
145.0
414.0
148.0
133.0
150.0
140.0
135.0
131.0
165.0
147.0
147.0
146.0
130.0
167.0
173.0
176.0
177.0
137.0
154.0
177.0
421.0
137.0
133.0
176.0
445.0
143.0
140.0
156.0
168.0
166.0
154.0
150.0
154.0
159.0
139.0
171.0
142.0
157.0
387.0
171.0
132.0
388.0
139.0
434.0
176.0
409.0
163.0
174.0
157.0
175.0
148.0
168.0
167.0
140.0
139.0
139.0
164.0
172.0
138.0
174.0
138.0
135.0
455.0
146.0
167.0
170.0
168.0
173.0
459.0
147.0
162.0
146.0
175.0
455.0
153.0
161.0
145.0
146.0
141.0
134.0
165.0
167.0
393.0
165.0
418.0
386.0
405.0
168.0
390.0
459.0
374.0
388.0
388.0
404.0
441.0
378.0
406.0
416.0
403.0
390.0
486.0
427.0
152.0
169.0
138.0
149.0
168.0
171.0
131.0
148.0
160.0
140.0
143.0
444.0
425.0
437.0
421.0
451.0
475.0
143.0
169.0
141.0
205.0
187.0
135.0
165.0
394.0
148.0
176.0
177.0
137.0
161.0
171.0
172.0
163.0
165.0
175.0
167.0
140.0
173.0
151.0
136.0
176.0
157.0
151.0
417.0
143.0
154.0
164.0
153.0
172.0
169.0
164.0
485.0
448.0
462.0
401.0
486.0
493.0
455.0
468.0
482.0
478.0
374.0
390.0
164.0
157.0
167.0
163.0
148.0
132.0
144.0
173.0
428.0
134.0
171.0
159.0
167.0
137.0
146.0
158.0
162.0
170.0
150.0
177.0
151.0
157.0
148.0
153.0
140.0
140.0
167.0
475.0
135.0
160.0
153.0
472.0
153.0
173.0
133.0
163.0
131.0
152.0
152.0
153.0
168.0
132.0
155.0
171.0
137.0
448.0
155.0
150.0
464.0
138.0
366.0
154.0
473.0
144.0
170.0
176.0
149.0
173.0
157.0
165.0
152.0
130.0
134.0
157.0
141.0
171.0
138.0
141.0
175.0
382.0
175.0
156.0
172.0
174.0
171.0
467.0
171.0
177.0
150.0
151.0
471.0
170.0
166.0
149.0
156.0
143.0
137.0
138.0
175.0
414.0
152.0
411.0
480.0
435.0
160.0
476.0
450.0
435.0
431.0
461.0
485.0
486.0
428.0
428.0
413.0
420.0
382.0
491.0
413.0
165.0
147.0
138.0
163.0
142.0
131.0
169.0
165.0
151.0
133.0
145.0
379.0
483.0
418.0
428.0
418.0
426.0
149.0
146.0
142.0
190.0
168.0
154.0
153.0
431.0
140.0
146.0
162.0
156.0
167.0
167.0
149.0
151.0
172.0
143.0
136.0
162.0
160.0
157.0
145.0
172.0
147.0
136.0
440.0
146.0
136.0
152.0
152.0
147.0
152.0
155.0
439.0
399.0
463.0
395.0
366.0
371.0
467.0
418.0
399.0
391.0
434.0
491.0
134.0
146.0
172.0
135.0
174.0
176.0
134.0
166.0
393.0
154.0
173.0
153.0
136.0
170.0
139.0
170.0
176.0
163.0
167.0
157.0
141.0
142.0
147.0
146.0
151.0
172.0
159.0
369.0
168.0
175.0
160.0
404.0
137.0
172.0
164.0
150.0
137.0
146.0
155.0
150.0
150.0
162.0
173.0
133.0
168.0
430.0
141.0
133.0
422.0
161.0
417.0
164.0
390.0
139.0
170.0
176.0
174.0
133.0
173.0
136.0
143.0
155.0
174.0
144.0
131.0
157.0
147.0
151.0
139.0
473.0
136.0
142.0
140.0
174.0
174.0
485.0
133.0
175.0
136.0
133.0
401.0
162.0
158.0
138.0
171.0
170.0
153.0
164.0
172.0
389.0
174.0
480.0
379.0
452.0
131.0
467.0
367.0
429.0
450.0
394.0
490.0
377.0
371.0
388.0
398.0
430.0
386.0
402.0
489.0
134.0
132.0
132.0
168.0
138.0
176.0
157.0
142.0
172.0
139.0
144.0
403.0
487.0
378.0
421.0
429.0
446.0
155.0
160.0
156.0
153.0
172.0
130.0
135.0
368.0
166.0
135.0
172.0
137.0
157.0
137.0
140.0
163.0
164.0
175.0
152.0
136.0
166.0
168.0
135.0
157.0
163.0
137.0
405.0
164.0
139.0
153.0
146.0
171.0
133.0
148.0
385.0
419.0
409.0
378.0
373.0
415.0
364.0
427.0
375.0
452.0
493.0
475.0
153.0
137.0
157.0
143.0
130.0
168.0
168.0
156.0
384.0
146.0
162.0
138.0
171.0
149.0
148.0
132.0
153.0
167.0
158.0
172.0
167.0
158.0
167.0
131.0
126.0
153.0
138.0
495.0
167.0
161.0
144.0
479.0
151.0
176.0
168.0
163.0
157.0
146.0
169.0
175.0
137.0
156.0
175.0
144.0
172.0
485.0
157.0
173.0
364.0
141.0
417.0
177.0
477.0
162.0
142.0
155.0
156.0
169.0
145.0
142.0
175.0
132.0
160.0
149.0
176.0
158.0
159.0
138.0
174.0
432.0
157.0
147.0
136.0
133.0
156.0
391.0
150.0
175.0
150.0
156.0
382.0
147.0
149.0
139.0
153.0
161.0
174.0
147.0
158.0
468.0
144.0
419.0
461.0
480.0
153.0
366.0
403.0
488.0
416.0
371.0
437.0
401.0
487.0
478.0
424.0
481.0
368.0
488.0
469.0
157.0
155.0
159.0
159.0
133.0
139.0
141.0
158.0
136.0
163.0
175.0
484.0
398.0
370.0
474.0
457.0
488.0
172.0
145.0
137.0
159.0
196.0
176.0
171.0
429.0
135.0
133.0
135.0
174.0
152.0
158.0
168.0
172.0
159.0
157.0
164.0
169.0
143.0
172.0
135.0
172.0
148.0
174.0
431.0
143.0
160.0
166.0
172.0
147.0
156.0
160.0
483.0
376.0
480.0
395.0
407.0
435.0
467.0
445.0
456.0
438.0
457.0
486.0
167.0
163.0
163.0
152.0
152.0
141.0
137.0
153.0
370.0
157.0
168.0
174.0
140.0
164.0
152.0
173.0
131.0
143.0
177.0
159.0
168.0
143.0
150.0
135.0
136.0
131.0
144.0
494.0
166.0
145.0
153.0
377.0
173.0
140.0
136.0
154.0
169.0
163.0
156.0
159.0
167.0
148.0
133.0
137.0
165.0
487.0
149.0
141.0
454.0
156.0
465.0
174.0
367.0
142.0
171.0
173.0
164.0
146.0
163.0
132.0
169.0
156.0
158.0
141.0
138.0
158.0
173.0
143.0
167.0
381.0
153.0
168.0
133.0
162.0
157.0
369.0
176.0
150.0
176.0
153.0
416.0
149.0
158.0
175.0
173.0
149.0
161.0
168.0
143.0
428.0
134.0
463.0
439.0
371.0
133.0
383.0
455.0
457.0
465.0
467.0
430.0
439.0
438.0
386.0
406.0
450.0
400.0
494.0
490.0
153.0
151.0
174.0
171.0
177.0
153.0
146.0
132.0
157.0
143.0
143.0
432.0
436.0
440.0
470.0
367.0
466.0
142.0
175.0
168.0
195.0
169.0
143.0
158.0
471.0
176.0
132.0
163.0
130.0
169.0
174.0
140.0
170.0
134.0
176.0
135.0
140.0
173.0
165.0
154.0
163.0
151.0
172.0
434.0
153.0
157.0
144.0
163.0
149.0
134.0
165.0
390.0
489.0
379.0
457.0
380.0
380.0
462.0
448.0
397.0
438.0
450.0
494.0
168.0
146.0
142.0
168.0
156.0
140.0
175.0
150.0
488.0
154.0
143.0
174.0
150.0
162.0
173.0
146.0
165.0
134.0
135.0
142.0
136.0
133.0
135.0
134.0
147.0
170.0
172.0
460.0
137.0
177.0
141.0
394.0
153.0
157.0
155.0
135.0
142.0
136.0
155.0
175.0
168.0
138.0
151.0
135.0
150.0
454.0
174.0
168.0
373.0
133.0
468.0
154.0
430.0
142.0
151.0
153.0
151.0
135.0
154.0
144.0
166.0
148.0
137.0
140.0
174.0
157.0
176.0
137.0
133.0
459.0
150.0
172.0
148.0
172.0
145.0
372.0
134.0
170.0
166.0
171.0
445.0
145.0
155.0
151.0
135.0
156.0
170.0
167.0
150.0
417.0
131.0
385.0
475.0
491.0
145.0
455.0
469.0
424.0
384.0
492.0
459.0
370.0
437.0
406.0
377.0
449.0
381.0
391.0
418.0
175.0
148.0
167.0
148.0
140.0
172.0
161.0
165.0
162.0
164.0
143.0
438.0
408.0
401.0
453.0
458.0
463.0
133.0
143.0
176.0
155.0
175.0
134.0
135.0
376.0
134.0
161.0
158.0
169.0
137.0
142.0
133.0
171.0
169.0
151.0
159.0
140.0
165.0
174.0
145.0
156.0
143.0
147.0
485.0
140.0
165.0
147.0
148.0
138.0
149.0
133.0
452.0
436.0
490.0
370.0
399.0
421.0
436.0
389.0
476.0
470.0
468.0
486.0
151.0
141.0
143.0
132.0
132.0
152.0
150.0
130.0
380.0
134.0
162.0
137.0
130.0
164.0
157.0
155.0
162.0
164.0
133.0
145.0
158.0
141.0
132.0
162.0
140.0
172.0
134.0
470.0
151.0
165.0
168.0
443.0
173.0
135.0
146.0
170.0
173.0
154.0
173.0
139.0
171.0
162.0
144.0
139.0
174.0
440.0
172.0
132.0
431.0
162.0
458.0
136.0
380.0
134.0
135.0
137.0
149.0
140.0
155.0
159.0
158.0
136.0
150.0
176.0
171.0
160.0
133.0
140.0
141.0
482.0
173.0
131.0
173.0
133.0
164.0
371.0
160.0
140.0
171.0
170.0
483.0
163.0
136.0
132.0
151.0
148.0
176.0
166.0
136.0
454.0
158.0
441.0
419.0
424.0
156.0
454.0
367.0
452.0
389.0
460.0
482.0
478.0
375.0
478.0
415.0
467.0
372.0
375.0
482.0
149.0
172.0
163.0
141.0
154.0
143.0
165.0
162.0
152.0
174.0
151.0
422.0
475.0
494.0
399.0
367.0
485.0
171.0
132.0
152.0
177.0
167.0
135.0
171.0
365.0
139.0
163.0
149.0
177.0
130.0
174.0
162.0
172.0
164.0
170.0
145.0
154.0
157.0
163.0
136.0
147.0
176.0
157.0
364.0
133.0
162.0
149.0
161.0
132.0
177.0
157.0
473.0
394.0
471.0
429.0
400.0
482.0
395.0
450.0
381.0
363.0
491.0
403.0
135.0
136.0
161.0
157.0
161.0
155.0
175.0
168.0
407.0
147.0
171.0
152.0
157.0
144.0
172.0
156.0
174.0
146.0
162.0
167.0
152.0
131.0
153.0
175.0
137.0
167.0
158.0
459.0
130.0
177.0
147.0
440.0
165.0
171.0
163.0
175.0
155.0
148.0
133.0
133.0
144.0
167.0
150.0
138.0
143.0
448.0
149.0
169.0
481.0
174.0
490.0
167.0
445.0
135.0
141.0
146.0
175.0
138.0
141.0
149.0
171.0
163.0
158.0
153.0
164.0
169.0
161.0
134.0
137.0
433.0
151.0
142.0
159.0
158.0
157.0
373.0
164.0
133.0
160.0
153.0
394.0
145.0
142.0
172.0
155.0
171.0
150.0
140.0
174.0
444.0
168.0
408.0
383.0
491.0
147.0
461.0
475.0
408.0
411.0
481.0
474.0
475.0
448.0
428.0
441.0
363.0
424.0
432.0
385.0
131.0
169.0
160.0
152.0
171.0
158.0
147.0
161.0
144.0
134.0
143.0
373.0
392.0
472.0
367.0
491.0
433.0
164.0
164.0
168.0
156.0
198.0
146.0
139.0
384.0
146.0
132.0
154.0
139.0
167.0
155.0
161.0
136.0
136.0
168.0
177.0
161.0
164.0
176.0
165.0
163.0
173.0
138.0
483.0
148.0
172.0
149.0
146.0
157.0
144.0
134.0
405.0
440.0
410.0
436.0
394.0
486.0
446.0
473.0
447.0
493.0
464.0
417.0
141.0
169.0
173.0
163.0
147.0
174.0
144.0
167.0
378.0
147.0
157.0
133.0
133.0
153.0
163.0
157.0
144.0
149.0
149.0
152.0
143.0
133.0
164.0
145.0
133.0
175.0
131.0
389.0
155.0
150.0
151.0
419.0
176.0
130.0
164.0
170.0
147.0
176.0
130.0
161.0
161.0
142.0
168.0
148.0
153.0
419.0
146.0
148.0
378.0
140.0
387.0
138.0
481.0
175.0
145.0
134.0
148.0
176.0
164.0
154.0
133.0
152.0
164.0
152.0
144.0
163.0
159.0
118.0
139.0
434.0
165.0
131.0
135.0
158.0
155.0
407.0
158.0
148.0
149.0
138.0
410.0
155.0
170.0
162.0
173.0
157.0
147.0
160.0
177.0
410.0
164.0
469.0
452.0
453.0
160.0
456.0
368.0
456.0
393.0
454.0
445.0
454.0
469.0
433.0
389.0
432.0
373.0
455.0
408.0
152.0
135.0
147.0
135.0
133.0
164.0
153.0
162.0
171.0
175.0
170.0
445.0
461.0
492.0
427.0
426.0
475.0
148.0
140.0
157.0
168.0
203.0
141.0
138.0
413.0
174.0
158.0
164.0
169.0
145.0
150.0
155.0
145.0
151.0
135.0
137.0
144.0
153.0
161.0
147.0
175.0
145.0
138.0
454.0
163.0
155.0
175.0
151.0
160.0
158.0
162.0
370.0
466.0
486.0
368.0
390.0
375.0
442.0
388.0
467.0
435.0
471.0
400.0
170.0
166.0
151.0
177.0
130.0
134.0
146.0
153.0
380.0
169.0
174.0
152.0
130.0
147.0
165.0
142.0
154.0
141.0
149.0
131.0
154.0
143.0
160.0
148.0
118.0
155.0
134.0
417.0
174.0
159.0
176.0
433.0
133.0
157.0
139.0
163.0
142.0
150.0
131.0
138.0
139.0
133.0
162.0
154.0
171.0
384.0
147.0
168.0
472.0
135.0
455.0
131.0
364.0
142.0
158.0
143.0
160.0
142.0
161.0
138.0
142.0
156.0
138.0
157.0
138.0
176.0
134.0
135.0
155.0
493.0
139.0
152.0
135.0
150.0
130.0
465.0
142.0
148.0
164.0
173.0
468.0
152.0
137.0
134.0
171.0
145.0
162.0
138.0
159.0
410.0
164.0
481.0
448.0
375.0
131.0
443.0
437.0
420.0
486.0
420.0
472.0
478.0
407.0
411.0
469.0
423.0
372.0
492.0
490.0
171.0
175.0
156.0
145.0
136.0
154.0
166.0
165.0
164.0
149.0
153.0
437.0
376.0
363.0
371.0
477.0
478.0
150.0
144.0
139.0
164.0
160.0
131.0
153.0
392.0
136.0
163.0
169.0
143.0
174.0
169.0
166.0
163.0
130.0
130.0
174.0
131.0
159.0
154.0
167.0
136.0
171.0
148.0
446.0
157.0
161.0
176.0
165.0
132.0
163.0
150.0
454.0
377.0
474.0
478.0
436.0
478.0
429.0
474.0
422.0
384.0
448.0
448.0
158.0
167.0
174.0
151.0
173.0
175.0
162.0
143.0
475.0
140.0
133.0
146.0
166.0
146.0
152.0
146.0
144.0
130.0
171.0
155.0
157.0
132.0
134.0
168.0
142.0
131.0
166.0
408.0
171.0
137.0
153.0
490.0
160.0
159.0
176.0
162.0
155.0
136.0
150.0
139.0
160.0
148.0
176.0
174.0
173.0
387.0
175.0
131.0
494.0
175.0
458.0
156.0
408.0
166.0
130.0
163.0
164.0
173.0
169.0
158.0
144.0
168.0
134.0
143.0
157.0
168.0
164.0
142.0
134.0
495.0
135.0
143.0
167.0
146.0
165.0
400.0
137.0
158.0
159.0
156.0
460.0
158.0
176.0
156.0
162.0
153.0
172.0
132.0
139.0
416.0
147.0
429.0
389.0
472.0
155.0
453.0
448.0
472.0
408.0
446.0
390.0
457.0
479.0
490.0
380.0
471.0
465.0
485.0
472.0
156.0
177.0
173.0
137.0
169.0
151.0
144.0
160.0
155.0
151.0
163.0
379.0
459.0
478.0
373.0
412.0
448.0
158.0
151.0
172.0
