I_BRKGA_178_6_10_4_CESP
178 6 10 495.0
55461.5
57202.5
58156.5
55634.5
57789.5
55872.5
58919.5
55086.5
59093.5
61671.5
0.11214232074271836
0.09421859484192005
0.10220248049037314
0.09092911920105426
0.11845133336551565
0.09115916780209374
0.10402800970416146
0.09868825650128132
0.10563307284633833
0.08254764450454366
109.0
114.0
115.0
113.0
119.0
126.0
2557.0
22.0
1261.0
1300.0
67.0
529.0
517.0
1332.0
34.0
509.0
109.0
192.0
47.0
341.0
269.0
363.0
56.0
294.0
218.0
466.0
210.0
1098.0
167.0
326.0
449.0
1387.0
2678.0
1044.0
1052.0
12.0
229.0
523.0
273.0
71.0
241.0
77.0
289.0
14.0
10.0
10.0
11.0
14.0
12.0
14.0
91.0
14.0
12.0
12.0
27.0
346.0
158.0
820.0
1384.0
556.0
345.0
1153.0
294.0
153.0
812.0
5211.0
5974.0
126.0
160.0
322.0
51.0
27.0
189.0
222.0
181.0
521.0
27.0
76.0
66.0
27.0
122.0
27.0
32.0
19.0
115.0
171.0
832.0
49.0
130.0
61.0
45.0
158.0
216.0
330.0
140.0
174.0
72.0
873.0
153.0
142.0
785.0
35.0
65.0
214.0
96.0
14.0
338.0
119.0
21.0
26.0
30.0
8.0
70.0
275.0
106.0
74.0
88.0
55.0
39.0
85.0
149.0
46.0
25.0
55.0
164.0
107.0
86.0
130.0
45.0
67.0
7.0
1542.0
55.0
116.0
56.0
47.0
643.0
852.0
116.0
1378.0
1087.0
26.0
118.0
111.0
270.0
6472.0
196.0
98.0
164.0
290.0
31.0
276.0
30.0
130.0
236.0
80.0
130.0
783.0
121.0
144.0
423.0
313.0
216.0
71.0
1174.0
124.0
123.0
73.0
87.0
116.0
19.0
250.0
204.0
341.0
160.0
38.0
71.0
51.0
200.0
223.0
312.0
189.0
832.0
1281.0
502.0
1226.0
36.0
542.0
116.0
189.0
48.0
339.0
250.0
401.0
60.0
306.0
224.0
502.0
203.0
1111.0
161.0
343.0
418.0
1327.0
2550.0
1058.0
1032.0
13.0
231.0
518.0
285.0
74.0
240.0
75.0
276.0
14.0
10.0
10.0
12.0
14.0
12.0
14.0
95.0
14.0
11.0
12.0
29.0
364.0
157.0
841.0
1360.0
554.0
354.0
1116.0
299.0
153.0
796.0
5308.0
5483.0
131.0
159.0
317.0
49.0
27.0
190.0
207.0
178.0
531.0
27.0
73.0
67.0
26.0
124.0
29.0
31.0
19.0
112.0
164.0
867.0
53.0
126.0
67.0
45.0
155.0
214.0
314.0
146.0
169.0
75.0
803.0
165.0
145.0
766.0
36.0
66.0
201.0
97.0
13.0
342.0
127.0
21.0
24.0
31.0
8.0
73.0
261.0
104.0
74.0
91.0
57.0
41.0
82.0
142.0
48.0
26.0
57.0
160.0
108.0
83.0
132.0
46.0
66.0
7.0
1648.0
57.0
112.0
54.0
45.0
606.0
849.0
115.0
1430.0
1074.0
25.0
122.0
115.0
255.0
6386.0
197.0
97.0
166.0
288.0
30.0
267.0
28.0
120.0
246.0
78.0
134.0
821.0
113.0
146.0
440.0
329.0
205.0
71.0
1173.0
133.0
121.0
66.0
86.0
120.0
19.0
263.0
203.0
349.0
162.0
36.0
70.0
52.0
203.0
242.0
311.0
200.0
880.0
1270.0
497.0
1222.0
35.0
556.0
119.0
184.0
46.0
341.0
252.0
375.0
57.0
314.0
229.0
480.0
213.0
1080.0
165.0
342.0
406.0
1397.0
2718.0
1073.0
966.0
13.0
231.0
517.0
280.0
71.0
247.0
76.0
287.0
14.0
10.0
10.0
12.0
14.0
12.0
14.0
97.0
14.0
11.0
12.0
27.0
359.0
159.0
786.0
1287.0
585.0
362.0
1104.0
285.0
149.0
843.0
5458.0
5810.0
120.0
172.0
324.0
50.0
29.0
179.0
210.0
193.0
525.0
27.0
73.0
64.0
26.0
122.0
29.0
33.0
19.0
118.0
172.0
859.0
53.0
123.0
63.0
46.0
161.0
207.0
322.0
155.0
172.0
73.0
860.0
162.0
151.0
753.0
36.0
64.0
215.0
94.0
14.0
351.0
126.0
21.0
24.0
31.0
8.0
71.0
270.0
107.0
68.0
83.0
57.0
38.0
87.0
145.0
46.0
25.0
58.0
161.0
102.0
83.0
137.0
47.0
61.0
7.0
1641.0
58.0
119.0
57.0
44.0
626.0
806.0
123.0
1407.0
1138.0
24.0
117.0
112.0
255.0
6839.0
201.0
95.0
158.0
273.0
31.0
271.0
28.0
130.0
238.0
83.0
136.0
757.0
117.0
156.0
451.0
307.0
204.0
70.0
1276.0
134.0
123.0
68.0
86.0
113.0
19.0
262.0
187.0
367.0
169.0
38.0
71.0
48.0
204.0
241.0
305.0
202.0
880.0
1270.0
490.0
1315.0
33.0
528.0
112.0
179.0
46.0
337.0
260.0
369.0
56.0
296.0
223.0
501.0
205.0
1085.0
157.0
337.0
421.0
1364.0
2682.0
1096.0
1028.0
13.0
210.0
554.0
292.0
74.0
233.0
82.0
295.0
14.0
10.0
10.0
11.0
14.0
12.0
13.0
96.0
14.0
11.0
12.0
29.0
375.0
165.0
773.0
1333.0
591.0
354.0
1081.0
296.0
156.0
845.0
5044.0
5892.0
119.0
159.0
330.0
47.0
28.0
178.0
212.0
189.0
501.0
26.0
72.0
62.0
27.0
121.0
27.0
31.0
20.0
117.0
175.0
838.0
53.0
121.0
65.0
42.0
154.0
210.0
321.0
150.0
160.0
73.0
870.0
163.0
150.0
775.0
37.0
64.0
213.0
94.0
14.0
323.0
127.0
20.0
24.0
32.0
8.0
73.0
271.0
113.0
70.0
86.0
54.0
39.0
84.0
140.0
48.0
25.0
56.0
159.0
108.0
86.0
129.0
46.0
65.0
7.0
1539.0
59.0
115.0
57.0
46.0
637.0
822.0
114.0
1323.0
1065.0
26.0
120.0
119.0
253.0
6505.0
212.0
101.0
151.0
275.0
32.0
288.0
29.0
123.0
246.0
76.0
141.0
782.0
120.0
154.0
438.0
302.0
208.0
70.0
1164.0
129.0
119.0
73.0
91.0
118.0
20.0
264.0
204.0
349.0
161.0
38.0
68.0
50.0
186.0
232.0
321.0
193.0
830.0
1280.0
472.0
1311.0
35.0
543.0
120.0
189.0
45.0
323.0
261.0
380.0
58.0
290.0
226.0
456.0
209.0
1035.0
171.0
344.0
417.0
1280.0
2687.0
1092.0
959.0
12.0
220.0
508.0
275.0
70.0
239.0
76.0
296.0
13.0
10.0
10.0
11.0
14.0
12.0
13.0
97.0
13.0
12.0
12.0
28.0
346.0
167.0
821.0
1386.0
548.0
358.0
1137.0
286.0
158.0
809.0
5505.0
6022.0
122.0
161.0
305.0
51.0
29.0
183.0
224.0
183.0
534.0
28.0
74.0
66.0
26.0
122.0
28.0
33.0
18.0
119.0
169.0
877.0
52.0
129.0
63.0
42.0
164.0
203.0
343.0
145.0
160.0
73.0
828.0
161.0
148.0
777.0
37.0
64.0
200.0
89.0
14.0
343.0
121.0
19.0
26.0
30.0
8.0
70.0
274.0
104.0
69.0
88.0
59.0
40.0
85.0
145.0
49.0
25.0
54.0
155.0
109.0
80.0
130.0
44.0
65.0
7.0
1550.0
54.0
113.0
54.0
46.0
647.0
815.0
122.0
1325.0
1115.0
24.0
115.0
108.0
277.0
6501.0
206.0
97.0
152.0
274.0
33.0
284.0
28.0
126.0
243.0
76.0
136.0
763.0
114.0
146.0
458.0
327.0
219.0
68.0
1187.0
130.0
122.0
70.0
88.0
119.0
19.0
248.0
197.0
372.0
162.0
38.0
68.0
50.0
193.0
240.0
315.0
205.0
818.0
1285.0
496.0
1343.0
36.0
522.0
118.0
183.0
48.0
340.0
252.0
370.0
58.0
314.0
230.0
495.0
198.0
1141.0
159.0
344.0
411.0
1383.0
2524.0
1054.0
979.0
13.0
231.0
540.0
273.0
73.0
247.0
75.0
277.0
13.0
10.0
10.0
12.0
14.0
12.0
14.0
96.0
14.0
12.0
12.0
27.0
369.0
166.0
784.0
1300.0
596.0
362.0
1180.0
272.0
147.0
824.0
5057.0
5837.0
127.0
163.0
335.0
48.0
27.0
181.0
214.0
192.0
512.0
28.0
74.0
67.0
27.0
117.0
29.0
30.0
20.0
114.0
178.0
873.0
52.0
127.0
65.0
46.0
162.0
219.0
337.0
152.0
176.0
76.0
815.0
158.0
143.0
774.0
35.0
66.0
198.0
93.0
14.0
343.0
118.0
20.0
25.0
30.0
8.0
76.0
253.0
104.0
70.0
85.0
59.0
41.0
89.0
144.0
45.0
25.0
56.0
158.0
110.0
83.0
126.0
47.0
65.0
7.0
1580.0
58.0
112.0
58.0
46.0
609.0
875.0
118.0
1441.0
1146.0
25.0
112.0
117.0
277.0
6243.0
197.0
100.0
165.0
283.0
32.0
266.0
30.0
119.0
239.0
79.0
135.0
765.0
118.0
150.0
440.0
325.0
204.0
69.0
1205.0
122.0
118.0
67.0
90.0
114.0
20.0
269.0
194.0
358.0
161.0
38.0
65.0
53.0
206.0
220.0
323.0
189.0
827.0
1297.0
486.0
1219.0
34.0
546.0
112.0
190.0
45.0
328.0
256.0
393.0
56.0
289.0
220.0
465.0
217.0
1079.0
166.0
329.0
442.0
1304.0
2498.0
1057.0
1048.0
12.0
218.0
513.0
284.0
74.0
252.0
75.0
279.0
13.0
10.0
10.0
12.0
14.0
12.0
14.0
94.0
13.0
12.0
12.0
28.0
368.0
157.0
767.0
1365.0
588.0
341.0
1112.0
287.0
149.0
852.0
5354.0
5732.0
121.0
161.0
305.0
50.0
29.0
194.0
225.0
185.0
514.0
27.0
78.0
64.0
27.0
119.0
29.0
33.0
20.0
109.0
178.0
891.0
53.0
126.0
64.0
46.0
155.0
203.0
317.0
144.0
175.0
72.0
845.0
160.0
148.0
796.0
37.0
66.0
211.0
98.0
14.0
346.0
125.0
20.0
26.0
31.0
8.0
70.0
276.0
109.0
72.0
91.0
57.0
37.0
89.0
146.0
48.0
25.0
54.0
150.0
111.0
86.0
134.0
48.0
63.0
7.0
1574.0
58.0
109.0
56.0
48.0
650.0
842.0
117.0
1363.0
1144.0
25.0
116.0
115.0
270.0
6197.0
215.0
95.0
155.0
286.0
32.0
279.0
30.0
123.0
244.0
82.0
140.0
775.0
114.0
158.0
452.0
316.0
207.0
66.0
1258.0
130.0
124.0
70.0
94.0
122.0
19.0
263.0
201.0
370.0
160.0
39.0
65.0
48.0
202.0
220.0
303.0
190.0
828.0
1287.0
482.0
1218.0
33.0
531.0
119.0
184.0
47.0
317.0
265.0
389.0
61.0
310.0
229.0
504.0
198.0
1050.0
171.0
332.0
431.0
1339.0
2670.0
1095.0
1047.0
12.0
218.0
554.0
275.0
75.0
250.0
78.0
290.0
13.0
10.0
10.0
12.0
14.0
11.0
14.0
100.0
13.0
12.0
11.0
29.0
341.0
165.0
814.0
1317.0
562.0
331.0
1178.0
283.0
145.0
798.0
5337.0
5889.0
128.0
158.0
326.0
49.0
29.0
186.0
215.0
192.0
519.0
28.0
79.0
63.0
25.0
121.0
27.0
31.0
19.0
117.0
175.0
815.0
52.0
122.0
65.0
44.0
163.0
219.0
320.0
154.0
174.0
69.0
870.0
153.0
141.0
794.0
37.0
64.0
208.0
98.0
14.0
324.0
129.0
21.0
26.0
32.0
8.0
73.0
252.0
111.0
70.0
87.0
54.0
38.0
81.0
144.0
46.0
27.0
55.0
156.0
103.0
82.0
127.0
48.0
61.0
7.0
1646.0
55.0
111.0
58.0
46.0
639.0
826.0
113.0
1444.0
1121.0
24.0
118.0
113.0
272.0
6704.0
208.0
96.0
166.0
281.0
33.0
261.0
30.0
119.0
251.0
77.0
132.0
819.0
122.0
155.0
449.0
308.0
208.0
70.0
1198.0
134.0
124.0
72.0
85.0
121.0
20.0
263.0
200.0
372.0
162.0
39.0
67.0
52.0
187.0
223.0
304.0
199.0
888.0
1326.0
509.0
1343.0
35.0
547.0
117.0
190.0
46.0
334.0
268.0
370.0
59.0
307.0
224.0
486.0
214.0
1112.0
165.0
334.0
427.0
1342.0
2674.0
1077.0
1018.0
13.0
222.0
555.0
291.0
74.0
233.0
77.0
284.0
13.0
10.0
9.0
12.0
14.0
12.0
14.0
97.0
14.0
12.0
12.0
28.0
345.0
169.0
782.0
1373.0
593.0
353.0
1138.0
297.0
147.0
860.0
5177.0
5746.0
119.0
158.0
316.0
49.0
29.0
193.0
207.0
182.0
507.0
26.0
73.0
65.0
27.0
125.0
28.0
33.0
19.0
116.0
164.0
885.0
50.0
124.0
62.0
46.0
157.0
200.0
325.0
154.0
172.0
74.0
868.0
156.0
151.0
743.0
38.0
66.0
210.0
93.0
13.0
342.0
126.0
19.0
24.0
29.0
8.0
73.0
269.0
104.0
73.0
89.0
54.0
41.0
82.0
148.0
46.0
26.0
53.0
164.0
109.0
82.0
130.0
44.0
64.0
7.0
1608.0
58.0
115.0
57.0
46.0
655.0
835.0
114.0
1323.0
1129.0
26.0
114.0
112.0
259.0
6611.0
209.0
98.0
157.0
276.0
30.0
276.0
29.0
121.0
252.0
77.0
133.0
796.0
113.0
159.0
448.0
300.0
223.0
66.0
1221.0
122.0
122.0
70.0
91.0
111.0
19.0
257.0
191.0
345.0
167.0
38.0
71.0
49.0
204.0
227.0
318.0
191.0
879.0
1208.0
485.0
1303.0
36.0
514.0
120.0
179.0
48.0
333.0
264.0
395.0
58.0
320.0
222.0
474.0
215.0
1040.0
165.0
353.0
413.0
1313.0
2521.0
1076.0
1003.0
13.0
227.0
520.0
270.0
70.0
249.0
77.0
301.0
14.0
10.0
10.0
11.0
14.0
12.0
14.0
98.0
14.0
12.0
11.0
29.0
359.0
166.0
779.0
1336.0
548.0
354.0
1135.0
298.0
159.0
824.0
5220.0
5617.0
123.0
158.0
320.0
49.0
29.0
178.0
205.0
179.0
532.0
28.0
74.0
62.0
27.0
118.0
28.0
31.0
20.0
118.0
179.0
818.0
49.0
130.0
67.0
43.0
157.0
215.0
337.0
153.0
166.0
74.0
821.0
153.0
144.0
784.0
37.0
66.0
215.0
92.0
14.0
354.0
128.0
21.0
25.0
29.0
8.0
73.0
274.0
103.0
68.0
82.0
58.0
41.0
86.0
150.0
45.0
27.0
54.0
155.0
104.0
86.0
130.0
48.0
63.0
7.0
1598.0
59.0
114.0
54.0
47.0
655.0
837.0
123.0
1339.0
1134.0
24.0
116.0
117.0
260.0
6295.0
216.0
101.0
154.0
292.0
33.0
262.0
28.0
125.0
249.0
83.0
133.0
759.0
118.0
150.0
455.0
324.0
206.0
68.0
1269.0
132.0
120.0
67.0
86.0
119.0
20.0
253.0
202.0
373.0
160.0
38.0
71.0
53.0
195.0
239.0
294.0
189.0
842.0
1262.0
166.0
173.0
171.0
131.0
402.0
135.0
166.0
138.0
155.0
131.0
177.0
138.0
163.0
163.0
145.0
154.0
161.0
144.0
175.0
137.0
166.0
134.0
173.0
452.0
147.0
168.0
163.0
169.0
168.0
176.0
166.0
452.0
437.0
417.0
461.0
447.0
483.0
449.0
450.0
428.0
494.0
370.0
417.0
173.0
135.0
164.0
143.0
133.0
131.0
159.0
147.0
451.0
176.0
147.0
133.0
130.0
140.0
166.0
134.0
145.0
138.0
168.0
153.0
146.0
139.0
131.0
169.0
143.0
168.0
140.0
440.0
140.0
136.0
168.0
378.0
158.0
147.0
167.0
173.0
153.0
164.0
155.0
133.0
150.0
152.0
141.0
131.0
144.0
444.0
164.0
141.0
436.0
154.0
441.0
131.0
443.0
148.0
151.0
131.0
167.0
168.0
145.0
171.0
157.0
134.0
153.0
175.0
142.0
164.0
160.0
139.0
177.0
369.0
166.0
138.0
169.0
151.0
147.0
457.0
157.0
156.0
167.0
133.0
390.0
155.0
172.0
159.0
143.0
162.0
141.0
134.0
162.0
378.0
158.0
366.0
423.0
481.0
150.0
427.0
463.0
380.0
426.0
432.0
370.0
482.0
372.0
426.0
383.0
486.0
391.0
380.0
448.0
146.0
173.0
141.0
171.0
131.0
147.0
175.0
156.0
156.0
159.0
144.0
438.0
394.0
385.0
425.0
453.0
400.0
152.0
169.0
130.0
201.0
169.0
170.0
161.0
438.0
152.0
141.0
170.0
154.0
146.0
133.0
149.0
145.0
137.0
166.0
148.0
157.0
135.0
131.0
140.0
141.0
165.0
145.0
469.0
159.0
170.0
145.0
143.0
152.0
141.0
147.0
405.0
433.0
379.0
384.0
429.0
426.0
440.0
487.0
463.0
391.0
448.0
486.0
133.0
165.0
174.0
170.0
133.0
145.0
172.0
169.0
364.0
157.0
177.0
175.0
145.0
154.0
150.0
139.0
164.0
172.0
144.0
157.0
160.0
156.0
141.0
173.0
128.0
132.0
170.0
381.0
153.0
139.0
162.0
426.0
152.0
152.0
149.0
162.0
133.0
169.0
150.0
139.0
171.0
165.0
141.0
172.0
174.0
455.0
132.0
175.0
401.0
133.0
450.0
169.0
471.0
139.0
159.0
141.0
154.0
147.0
172.0
137.0
159.0
158.0
173.0
160.0
149.0
169.0
160.0
121.0
155.0
460.0
161.0
155.0
139.0
177.0
135.0
438.0
157.0
146.0
146.0
155.0
405.0
144.0
169.0
134.0
175.0
143.0
132.0
169.0
156.0
374.0
163.0
486.0
364.0
399.0
131.0
398.0
470.0
406.0
488.0
493.0
370.0
450.0
377.0
455.0
384.0
433.0
406.0
478.0
443.0
164.0
169.0
163.0
151.0
152.0
141.0
168.0
158.0
173.0
155.0
156.0
385.0
380.0
364.0
465.0
375.0
443.0
138.0
176.0
135.0
176.0
162.0
164.0
167.0
485.0
132.0
161.0
176.0
140.0
174.0
175.0
134.0
130.0
135.0
167.0
174.0
172.0
151.0
157.0
136.0
143.0
152.0
151.0
392.0
154.0
154.0
136.0
136.0
142.0
143.0
169.0
422.0
421.0
493.0
409.0
466.0
407.0
476.0
405.0
381.0
410.0
442.0
368.0
132.0
133.0
143.0
156.0
174.0
176.0
153.0
131.0
481.0
154.0
131.0
145.0
176.0
133.0
137.0
149.0
153.0
130.0
144.0
139.0
133.0
137.0
133.0
160.0
125.0
175.0
143.0
410.0
168.0
156.0
172.0
380.0
168.0
140.0
130.0
174.0
167.0
136.0
136.0
156.0
161.0
146.0
147.0
157.0
154.0
400.0
150.0
163.0
364.0
150.0
437.0
154.0
423.0
163.0
155.0
132.0
140.0
174.0
164.0
174.0
130.0
148.0
156.0
171.0
140.0
133.0
131.0
145.0
142.0
422.0
134.0
134.0
165.0
176.0
174.0
373.0
170.0
133.0
162.0
159.0
381.0
167.0
175.0
133.0
165.0
147.0
134.0
151.0
173.0
394.0
153.0
428.0
483.0
399.0
168.0
400.0
488.0
387.0
395.0
472.0
477.0
433.0
415.0
483.0
416.0
476.0
460.0
473.0
415.0
156.0
146.0
132.0
145.0
165.0
143.0
165.0
174.0
143.0
150.0
174.0
493.0
421.0
379.0
438.0
382.0
392.0
158.0
156.0
167.0
154.0
161.0
134.0
137.0
401.0
162.0
149.0
132.0
149.0
161.0
169.0
134.0
167.0
140.0
173.0
142.0
138.0
153.0
170.0
138.0
143.0
147.0
160.0
399.0
155.0
160.0
155.0
133.0
157.0
175.0
169.0
483.0
441.0
371.0
364.0
491.0
450.0
411.0
472.0
437.0
474.0
454.0
465.0
167.0
160.0
167.0
131.0
138.0
174.0
132.0
173.0
368.0
160.0
144.0
151.0
142.0
161.0
171.0
149.0
133.0
171.0
137.0
176.0
137.0
143.0
145.0
136.0
141.0
151.0
132.0
385.0
156.0
175.0
142.0
486.0
150.0
153.0
154.0
166.0
135.0
160.0
134.0
148.0
170.0
172.0
145.0
169.0
142.0
489.0
160.0
159.0
466.0
156.0
374.0
148.0
407.0
160.0
163.0
168.0
162.0
135.0
162.0
169.0
162.0
173.0
153.0
170.0
151.0
132.0
130.0
151.0
139.0
424.0
167.0
152.0
174.0
157.0
159.0
443.0
168.0
143.0
137.0
166.0
423.0
168.0
154.0
164.0
151.0
136.0
158.0
133.0
142.0
423.0
176.0
426.0
475.0
492.0
150.0
382.0
493.0
378.0
429.0
445.0
481.0
481.0
444.0
488.0
477.0
366.0
453.0
456.0
474.0
131.0
140.0
152.0
138.0
142.0
146.0
165.0
133.0
176.0
148.0
146.0
406.0
433.0
439.0
465.0
445.0
406.0
152.0
147.0
136.0
175.0
204.0
162.0
148.0
433.0
160.0
171.0
168.0
137.0
160.0
176.0
132.0
170.0
155.0
135.0
138.0
170.0
174.0
134.0
153.0
170.0
159.0
142.0
418.0
146.0
148.0
140.0
148.0
170.0
153.0
159.0
402.0
403.0
411.0
473.0
464.0
477.0
460.0
414.0
467.0
396.0
430.0
495.0
133.0
156.0
176.0
155.0
132.0
158.0
146.0
176.0
386.0
166.0
147.0
151.0
133.0
159.0
169.0
170.0
160.0
173.0
138.0
155.0
150.0
158.0
138.0
146.0
125.0
132.0
176.0
435.0
174.0
165.0
152.0
464.0
173.0
166.0
173.0
130.0
138.0
145.0
159.0
134.0
170.0
164.0
152.0
145.0
133.0
454.0
139.0
134.0
415.0
136.0
407.0
173.0
404.0
146.0
150.0
165.0
172.0
164.0
169.0
132.0
166.0
175.0
138.0
156.0
134.0
167.0
151.0
146.0
170.0
426.0
135.0
144.0
175.0
160.0
171.0
468.0
167.0
136.0
168.0
155.0
404.0
136.0
138.0
154.0
170.0
159.0
132.0
162.0
130.0
455.0
152.0
364.0
432.0
492.0
177.0
454.0
493.0
403.0
449.0
394.0
449.0
484.0
455.0
419.0
468.0
494.0
469.0
383.0
415.0
162.0
150.0
162.0
132.0
150.0
156.0
173.0
147.0
141.0
139.0
160.0
410.0
477.0
369.0
467.0
420.0
408.0
146.0
144.0
136.0
167.0
206.0
133.0
162.0
454.0
136.0
135.0
173.0
163.0
137.0
166.0
139.0
171.0
150.0
164.0
156.0
132.0
142.0
142.0
170.0
160.0
155.0
168.0
482.0
171.0
130.0
165.0
174.0
171.0
173.0
134.0
422.0
438.0
415.0
450.0
482.0
466.0
394.0
429.0
404.0
481.0
457.0
482.0
171.0
176.0
136.0
146.0
144.0
153.0
146.0
177.0
394.0
158.0
149.0
166.0
142.0
175.0
144.0
177.0
177.0
148.0
131.0
139.0
156.0
174.0
168.0
156.0
125.0
175.0
144.0
374.0
167.0
158.0
151.0
431.0
167.0
161.0
136.0
155.0
159.0
146.0
144.0
162.0
165.0
131.0
144.0
145.0
174.0
456.0
164.0
142.0
422.0
160.0
466.0
171.0
367.0
157.0
141.0
145.0
148.0
152.0
141.0
150.0
136.0
161.0
168.0
130.0
142.0
169.0
152.0
123.0
175.0
386.0
152.0
169.0
133.0
165.0
175.0
404.0
160.0
170.0
140.0
157.0
386.0
172.0
154.0
146.0
166.0
133.0
134.0
142.0
139.0
481.0
177.0
368.0
430.0
416.0
130.0
494.0
470.0
415.0
493.0
426.0
379.0
401.0
399.0
440.0
465.0
403.0
460.0
401.0
434.0
133.0
132.0
134.0
151.0
171.0
173.0
155.0
135.0
136.0
157.0
146.0
462.0
486.0
452.0
367.0
452.0
429.0
141.0
137.0
155.0
155.0
186.0
157.0
161.0
424.0
150.0
156.0
151.0
163.0
173.0
150.0
155.0
163.0
139.0
173.0
141.0
150.0
150.0
172.0
144.0
146.0
169.0
168.0
409.0
135.0
176.0
131.0
143.0
163.0
132.0
172.0
404.0
366.0
441.0
416.0
367.0
468.0
405.0
445.0
376.0
387.0
481.0
389.0
157.0
157.0
158.0
167.0
147.0
149.0
152.0
136.0
444.0
176.0
142.0
133.0
166.0
159.0
149.0
169.0
135.0
159.0
157.0
143.0
133.0
174.0
169.0
131.0
150.0
150.0
141.0
451.0
146.0
134.0
157.0
391.0
174.0
168.0
149.0
176.0
174.0
147.0
163.0
132.0
166.0
165.0
171.0
151.0
156.0
371.0
154.0
143.0
422.0
155.0
474.0
162.0
379.0
155.0
136.0
151.0
160.0
147.0
162.0
148.0
166.0
155.0
155.0
177.0
150.0
156.0
143.0
149.0
157.0
416.0
149.0
144.0
134.0
160.0
152.0
488.0
147.0
144.0
142.0
132.0
401.0
138.0
177.0
160.0
150.0
149.0
152.0
148.0
136.0
395.0
159.0
369.0
383.0
399.0
148.0
460.0
465.0
465.0
458.0
386.0
446.0
482.0
442.0
384.0
481.0
450.0
492.0
372.0
388.0
138.0
142.0
143.0
161.0
152.0
159.0
158.0
170.0
174.0
144.0
135.0
439.0
377.0
463.0
404.0
464.0
418.0
132.0
135.0
171.0
156.0
167.0
133.0
156.0
406.0
153.0
144.0
162.0
158.0
166.0
156.0
161.0
143.0
131.0
158.0
169.0
146.0
133.0
163.0
152.0
172.0
172.0
137.0
420.0
140.0
171.0
176.0
161.0
142.0
131.0
130.0
363.0
419.0
472.0
429.0
382.0
364.0
451.0
440.0
427.0
470.0
468.0
391.0
145.0
167.0
145.0
161.0
164.0
155.0
160.0
159.0
478.0
146.0
151.0
139.0
170.0
166.0
131.0
166.0
174.0
131.0
159.0
148.0
140.0
176.0
175.0
168.0
145.0
173.0
147.0
479.0
135.0
134.0
134.0
447.0
172.0
139.0
147.0
136.0
131.0
144.0
174.0
141.0
148.0
147.0
156.0
163.0
171.0
462.0
174.0
136.0
371.0
164.0
404.0
176.0
432.0
168.0
135.0
150.0
171.0
151.0
167.0
168.0
151.0
144.0
169.0
132.0
160.0
136.0
140.0
124.0
162.0
397.0
136.0
155.0
148.0
171.0
148.0
473.0
167.0
162.0
137.0
130.0
374.0
167.0
130.0
137.0
141.0
167.0
176.0
166.0
171.0
392.0
148.0
425.0
457.0
400.0
165.0
369.0
428.0
380.0
489.0
493.0
487.0
383.0
393.0
398.0
440.0
409.0
491.0
387.0
407.0
147.0
148.0
157.0
176.0
131.0
144.0
158.0
139.0
140.0
164.0
175.0
461.0
470.0
379.0
409.0
465.0
438.0
150.0
149.0
154.0
175.0
207.0
141.0
168.0
447.0
147.0
170.0
145.0
163.0
155.0
155.0
133.0
166.0
170.0
136.0
172.0
142.0
165.0
138.0
136.0
167.0
142.0
158.0
398.0
158.0
167.0
130.0
149.0
139.0
152.0
169.0
364.0
446.0
410.0
389.0
402.0
368.0
370.0
374.0
470.0
485.0
459.0
447.0
156.0
163.0
150.0
167.0
149.0
138.0
139.0
163.0
477.0
139.0
156.0
158.0
139.0
152.0
140.0
171.0
156.0
151.0
171.0
165.0
175.0
164.0
130.0
166.0
137.0
138.0
156.0
482.0
151.0
132.0
173.0
371.0
163.0
160.0
131.0
140.0
173.0
137.0
130.0
162.0
159.0
130.0
174.0
173.0
159.0
451.0
158.0
132.0
454.0
162.0
402.0
135.0
387.0
159.0
134.0
154.0
157.0
133.0
132.0
141.0
133.0
164.0
152.0
172.0
133.0
153.0
170.0
135.0
167.0
483.0
149.0
136.0
146.0
152.0
144.0
410.0
139.0
156.0
169.0
132.0
494.0
133.0
144.0
137.0
162.0
134.0
138.0
147.0
167.0
471.0
177.0
460.0
397.0
388.0
132.0
438.0
374.0
417.0
453.0
382.0
456.0
416.0
452.0
410.0
478.0
388.0
421.0
413.0
430.0
148.0
162.0
162.0
163.0
152.0
162.0
139.0
172.0
152.0
158.0
148.0
491.0
405.0
408.0
437.0
445.0
484.0
172.0
160.0
146.0
184.0
160.0
139.0
175.0
439.0
155.0
163.0
148.0
132.0
146.0
168.0
143.0
133.0
137.0
163.0
147.0
131.0
164.0
149.0
130.0
151.0
165.0
162.0
395.0
132.0
173.0
138.0
133.0
152.0
133.0
154.0
482.0
481.0
489.0
461.0
449.0
376.0
404.0
407.0
432.0
473.0
418.0
455.0
160.0
130.0
162.0
160.0
136.0
136.0
151.0
156.0
387.0
174.0
144.0
176.0
148.0
172.0
156.0
136.0
133.0
140.0
167.0
146.0
158.0
173.0
145.0
144.0
116.0
141.0
146.0
376.0
166.0
138.0
169.0
366.0
152.0
167.0
157.0
161.0
131.0
137.0
177.0
170.0
173.0
163.0
153.0
158.0
137.0
471.0
156.0
170.0
488.0
140.0
447.0
162.0
393.0
152.0
135.0
163.0
133.0
153.0
138.0
139.0
162.0
137.0
166.0
156.0
161.0
132.0
134.0
119.0
142.0
383.0
167.0
164.0
141.0
142.0
154.0
380.0
153.0
169.0
168.0
145.0
392.0
173.0
175.0
147.0
174.0
157.0
136.0
172.0
174.0
440.0
170.0
368.0
389.0
401.0
163.0
437.0
411.0
392.0
477.0
477.0
426.0
461.0
482.0
434.0
373.0
445.0
441.0
392.0
477.0
156.0
138.0
134.0
167.0
172.0
177.0
139.0
151.0
136.0
154.0
160.0
384.0
366.0
390.0
494.0
484.0
379.0
162.0
161.0
144.0
