I_BRKGA_178_6_5_5_CESP
178 6 5 495.0
56784.5
56520.5
62779.5
59958.5
60461.5
0.2047594345817839
0.18342747672652387
0.20763310564258688
0.1846680932097466
0.21951188983935888
114.0
119.0
124.0
111.0
127.0
127.0
2557.0
22.0
1261.0
1300.0
67.0
529.0
480.0
1268.0
35.0
560.0
117.0
186.0
46.0
338.0
267.0
364.0
61.0
312.0
232.0
477.0
199.0
1093.0
168.0
328.0
437.0
1261.0
2557.0
1087.0
981.0
13.0
231.0
512.0
266.0
75.0
237.0
80.0
299.0
14.0
10.0
9.0
12.0
14.0
11.0
13.0
96.0
13.0
12.0
12.0
29.0
346.0
171.0
793.0
1347.0
579.0
363.0
1119.0
282.0
149.0
796.0
5208.0
5560.0
125.0
161.0
309.0
49.0
29.0
188.0
223.0
192.0
522.0
26.0
72.0
61.0
26.0
127.0
29.0
32.0
20.0
109.0
173.0
874.0
48.0
124.0
64.0
45.0
161.0
211.0
316.0
153.0
171.0
76.0
816.0
165.0
150.0
791.0
37.0
63.0
203.0
90.0
14.0
324.0
121.0
21.0
25.0
31.0
8.0
70.0
270.0
105.0
69.0
90.0
57.0
38.0
88.0
144.0
49.0
27.0
55.0
158.0
107.0
80.0
126.0
45.0
63.0
7.0
1542.0
54.0
112.0
56.0
46.0
658.0
814.0
122.0
1349.0
1096.0
25.0
123.0
118.0
256.0
6319.0
206.0
98.0
167.0
278.0
33.0
282.0
29.0
128.0
242.0
76.0
135.0
823.0
123.0
159.0
450.0
329.0
217.0
70.0
1212.0
124.0
115.0
72.0
89.0
112.0
20.0
253.0
206.0
350.0
171.0
37.0
67.0
52.0
188.0
241.0
310.0
186.0
830.0
1314.0
479.0
1225.0
34.0
542.0
117.0
181.0
48.0
340.0
245.0
377.0
56.0
296.0
225.0
459.0
207.0
1039.0
157.0
327.0
413.0
1312.0
2646.0
1043.0
987.0
12.0
226.0
552.0
281.0
70.0
235.0
82.0
283.0
14.0
9.0
10.0
11.0
14.0
12.0
13.0
96.0
14.0
12.0
12.0
29.0
352.0
172.0
788.0
1324.0
557.0
328.0
1185.0
293.0
158.0
793.0
5466.0
5830.0
127.0
173.0
328.0
50.0
28.0
182.0
218.0
183.0
484.0
28.0
76.0
67.0
26.0
123.0
27.0
32.0
19.0
115.0
162.0
850.0
49.0
129.0
61.0
46.0
152.0
207.0
319.0
141.0
174.0
71.0
867.0
153.0
138.0
778.0
38.0
65.0
211.0
98.0
14.0
333.0
117.0
21.0
25.0
31.0
8.0
75.0
257.0
107.0
70.0
91.0
59.0
40.0
83.0
141.0
48.0
27.0
57.0
160.0
104.0
82.0
129.0
45.0
66.0
7.0
1616.0
57.0
117.0
54.0
46.0
651.0
853.0
112.0
1321.0
1138.0
26.0
118.0
111.0
278.0
6461.0
209.0
100.0
166.0
296.0
31.0
279.0
29.0
122.0
238.0
75.0
141.0
799.0
119.0
158.0
435.0
301.0
215.0
71.0
1239.0
131.0
118.0
73.0
89.0
118.0
19.0
253.0
199.0
375.0
172.0
36.0
67.0
50.0
204.0
226.0
321.0
195.0
849.0
1253.0
484.0
1310.0
33.0
537.0
115.0
183.0
48.0
348.0
250.0
365.0
56.0
295.0
224.0
467.0
203.0
1084.0
159.0
339.0
422.0
1363.0
2518.0
1042.0
1025.0
13.0
231.0
547.0
290.0
75.0
253.0
79.0
284.0
14.0
10.0
9.0
12.0
14.0
11.0
13.0
94.0
14.0
12.0
12.0
29.0
372.0
157.0
788.0
1292.0
549.0
337.0
1123.0
294.0
149.0
800.0
5138.0
5803.0
129.0
165.0
320.0
48.0
28.0
185.0
208.0
185.0
514.0
26.0
74.0
66.0
25.0
118.0
28.0
32.0
19.0
113.0
175.0
884.0
52.0
130.0
64.0
43.0
155.0
212.0
310.0
146.0
165.0
76.0
844.0
153.0
145.0
791.0
37.0
61.0
212.0
94.0
14.0
323.0
128.0
20.0
25.0
31.0
8.0
71.0
251.0
108.0
71.0
89.0
57.0
38.0
82.0
151.0
48.0
25.0
56.0
149.0
105.0
85.0
134.0
45.0
65.0
7.0
1613.0
58.0
117.0
57.0
44.0
636.0
855.0
114.0
1322.0
1147.0
24.0
115.0
110.0
274.0
6294.0
205.0
95.0
163.0
279.0
32.0
269.0
28.0
123.0
250.0
79.0
135.0
765.0
118.0
148.0
447.0
314.0
216.0
70.0
1211.0
126.0
117.0
68.0
91.0
112.0
19.0
256.0
207.0
349.0
165.0
38.0
69.0
53.0
205.0
230.0
293.0
188.0
824.0
1221.0
500.0
1231.0
35.0
536.0
118.0
181.0
44.0
338.0
263.0
376.0
60.0
308.0
229.0
478.0
202.0
1101.0
158.0
327.0
432.0
1375.0
2536.0
1049.0
988.0
12.0
215.0
555.0
273.0
75.0
245.0
76.0
278.0
13.0
10.0
10.0
12.0
14.0
12.0
14.0
93.0
14.0
11.0
12.0
28.0
351.0
171.0
808.0
1348.0
564.0
349.0
1136.0
276.0
145.0
810.0
5236.0
5788.0
120.0
165.0
305.0
50.0
29.0
175.0
217.0
187.0
514.0
28.0
74.0
62.0
27.0
123.0
28.0
32.0
20.0
119.0
175.0
892.0
52.0
126.0
62.0
45.0
160.0
216.0
312.0
142.0
160.0
76.0
880.0
163.0
142.0
758.0
36.0
61.0
197.0
91.0
14.0
350.0
126.0
21.0
25.0
32.0
8.0
74.0
258.0
109.0
69.0
84.0
59.0
40.0
89.0
144.0
47.0
27.0
55.0
151.0
106.0
79.0
127.0
45.0
63.0
7.0
1599.0
55.0
113.0
58.0
45.0
656.0
861.0
120.0
1376.0
1047.0
25.0
115.0
110.0
272.0
6755.0
200.0
101.0
154.0
272.0
31.0
281.0
30.0
124.0
237.0
78.0
130.0
809.0
116.0
157.0
463.0
297.0
223.0
71.0
1203.0
130.0
126.0
70.0
87.0
121.0
20.0
264.0
190.0
356.0
162.0
37.0
70.0
50.0
198.0
230.0
303.0
191.0
868.0
1238.0
510.0
1309.0
35.0
553.0
117.0
177.0
47.0
335.0
249.0
378.0
60.0
302.0
222.0
503.0
206.0
1098.0
157.0
349.0
440.0
1272.0
2532.0
1032.0
1028.0
12.0
233.0
534.0
282.0
72.0
245.0
76.0
300.0
14.0
10.0
10.0
12.0
14.0
12.0
14.0
97.0
14.0
11.0
12.0
29.0
366.0
159.0
824.0
1360.0
586.0
361.0
1192.0
291.0
147.0
874.0
5347.0
5682.0
121.0
165.0
308.0
49.0
28.0
193.0
221.0
193.0
482.0
26.0
75.0
63.0
27.0
125.0
27.0
32.0
20.0
110.0
169.0
851.0
49.0
120.0
64.0
45.0
156.0
221.0
335.0
147.0
173.0
72.0
864.0
152.0
144.0
796.0
37.0
61.0
201.0
97.0
14.0
339.0
127.0
19.0
26.0
31.0
8.0
70.0
263.0
109.0
73.0
91.0
58.0
38.0
86.0
150.0
45.0
26.0
54.0
151.0
111.0
83.0
130.0
44.0
61.0
7.0
1611.0
59.0
118.0
55.0
47.0
597.0
809.0
120.0
1407.0
1050.0
26.0
120.0
119.0
258.0
6540.0
202.0
99.0
156.0
273.0
32.0
273.0
28.0
123.0
259.0
75.0
129.0
775.0
113.0
152.0
441.0
314.0
214.0
69.0
1236.0
124.0
123.0
68.0
92.0
117.0
20.0
256.0
196.0
361.0
167.0
37.0
67.0
52.0
195.0
240.0
305.0
187.0
842.0
1206.0
172.0
190.0
167.0
174.0
388.0
177.0
141.0
162.0
167.0
170.0
176.0
176.0
158.0
139.0
164.0
150.0
163.0
156.0
142.0
164.0
134.0
136.0
165.0
378.0
164.0
155.0
155.0
165.0
161.0
151.0
131.0
470.0
457.0
463.0
394.0
408.0
445.0
389.0
396.0
392.0
461.0
444.0
418.0
140.0
167.0
143.0
142.0
146.0
173.0
173.0
140.0
394.0
141.0
145.0
168.0
165.0
172.0
164.0
174.0
133.0
164.0
150.0
135.0
160.0
153.0
137.0
140.0
114.0
150.0
145.0
478.0
157.0
167.0
176.0
392.0
170.0
157.0
147.0
149.0
139.0
139.0
138.0
156.0
144.0
150.0
173.0
176.0
147.0
421.0
140.0
142.0
363.0
168.0
448.0
139.0
409.0
137.0
157.0
168.0
142.0
147.0
137.0
172.0
156.0
150.0
155.0
171.0
162.0
143.0
154.0
146.0
140.0
385.0
157.0
138.0
135.0
153.0
135.0
489.0
158.0
138.0
175.0
138.0
387.0
165.0
157.0
153.0
137.0
139.0
167.0
170.0
146.0
465.0
167.0
437.0
407.0
440.0
153.0
390.0
411.0
434.0
494.0
464.0
395.0
369.0
419.0
484.0
415.0
442.0
398.0
371.0
474.0
172.0
145.0
167.0
153.0
149.0
164.0
166.0
140.0
149.0
157.0
142.0
442.0
479.0
396.0
470.0
398.0
466.0
148.0
162.0
139.0
194.0
156.0
137.0
152.0
369.0
172.0
169.0
142.0
145.0
160.0
152.0
135.0
163.0
130.0
176.0
170.0
176.0
153.0
166.0
152.0
142.0
148.0
142.0
376.0
177.0
152.0
158.0
161.0
153.0
175.0
163.0
485.0
393.0
458.0
374.0
399.0
445.0
450.0
422.0
482.0
371.0
387.0
423.0
163.0
140.0
164.0
162.0
176.0
141.0
175.0
150.0
415.0
130.0
138.0
164.0
149.0
172.0
174.0
136.0
155.0
146.0
172.0
167.0
152.0
155.0
153.0
175.0
149.0
165.0
172.0
366.0
150.0
142.0
147.0
464.0
134.0
176.0
131.0
138.0
140.0
169.0
155.0
139.0
166.0
137.0
137.0
150.0
146.0
495.0
152.0
140.0
425.0
154.0
438.0
130.0
462.0
164.0
140.0
166.0
148.0
139.0
169.0
172.0
160.0
163.0
171.0
168.0
159.0
156.0
135.0
124.0
142.0
441.0
174.0
143.0
152.0
157.0
160.0
403.0
171.0
166.0
135.0
152.0
402.0
173.0
171.0
136.0
152.0
164.0
171.0
154.0
138.0
475.0
165.0
455.0
467.0
465.0
152.0
364.0
403.0
364.0
427.0
477.0
363.0
464.0
473.0
484.0
402.0
489.0
455.0
465.0
461.0
172.0
168.0
162.0
174.0
153.0
175.0
176.0
170.0
151.0
143.0
144.0
366.0
486.0
435.0
452.0
410.0
468.0
165.0
130.0
162.0
154.0
202.0
167.0
141.0
409.0
160.0
164.0
161.0
173.0
135.0
176.0
148.0
159.0
138.0
175.0
139.0
155.0
133.0
162.0
153.0
141.0
173.0
165.0
464.0
145.0
164.0
175.0
172.0
142.0
171.0
132.0
428.0
406.0
369.0
422.0
426.0
406.0
412.0
480.0
422.0
414.0
364.0
377.0
160.0
177.0
149.0
137.0
152.0
174.0
143.0
175.0
369.0
133.0
164.0
141.0
131.0
169.0
131.0
170.0
164.0
136.0
149.0
137.0
155.0
168.0
145.0
130.0
144.0
175.0
146.0
431.0
166.0
172.0
163.0
447.0
154.0
139.0
173.0
134.0
159.0
153.0
144.0
151.0
135.0
169.0
170.0
138.0
133.0
428.0
144.0
135.0
464.0
134.0
378.0
152.0
415.0
175.0
162.0
158.0
152.0
135.0
176.0
173.0
163.0
167.0
151.0
161.0
131.0
166.0
140.0
145.0
163.0
384.0
142.0
172.0
174.0
159.0
152.0
400.0
155.0
169.0
139.0
138.0
405.0
172.0
162.0
156.0
143.0
130.0
146.0
162.0
172.0
419.0
158.0
465.0
388.0
436.0
145.0
374.0
490.0
487.0
447.0
488.0
458.0
410.0
417.0
427.0
390.0
367.0
434.0
479.0
400.0
134.0
131.0
156.0
169.0
155.0
155.0
158.0
164.0
148.0
160.0
143.0
405.0
462.0
396.0
444.0
452.0
377.0
169.0
131.0
159.0
202.0
159.0
170.0
153.0
392.0
132.0
138.0
172.0
150.0
156.0
139.0
135.0
161.0
155.0
130.0
161.0
162.0
158.0
165.0
152.0
167.0
163.0
143.0
439.0
144.0
148.0
174.0
176.0
132.0
169.0
131.0
448.0
366.0
368.0
364.0
409.0
484.0
390.0
479.0
490.0
392.0
414.0
436.0
155.0
138.0
160.0
172.0
173.0
168.0
135.0
149.0
387.0
160.0
148.0
165.0
175.0
130.0
163.0
155.0
133.0
175.0
142.0
143.0
166.0
141.0
174.0
144.0
151.0
173.0
149.0
469.0
138.0
137.0
132.0
470.0
159.0
176.0
142.0
149.0
138.0
158.0
147.0
153.0
141.0
143.0
173.0
134.0
171.0
459.0
174.0
167.0
466.0
160.0
488.0
132.0
445.0
142.0
145.0
142.0
135.0
140.0
156.0
164.0
171.0
157.0
149.0
153.0
165.0
141.0
130.0
147.0
144.0
375.0
155.0
162.0
152.0
142.0
164.0
426.0
168.0
160.0
159.0
176.0
454.0
154.0
146.0
170.0
153.0
171.0
152.0
144.0
151.0
463.0
157.0
398.0
461.0
460.0
134.0
379.0
409.0
408.0
380.0
370.0
393.0
379.0
419.0
464.0
373.0
448.0
394.0
375.0
482.0
149.0
170.0
153.0
169.0
165.0
145.0
163.0
137.0
139.0
136.0
135.0
406.0
438.0
405.0
386.0
451.0
372.0
137.0
156.0
165.0
158.0
159.0
148.0
163.0
426.0
141.0
171.0
142.0
142.0
161.0
145.0
172.0
154.0
136.0
137.0
153.0
160.0
177.0
156.0
155.0
130.0
150.0
170.0
433.0
135.0
143.0
158.0
149.0
151.0
174.0
138.0
481.0
380.0
446.0
405.0
375.0
392.0
417.0
465.0
373.0
364.0
457.0
383.0
168.0
156.0
132.0
153.0
130.0
172.0
151.0
150.0
445.0
130.0
155.0
152.0
134.0
154.0
148.0
148.0
151.0
155.0
168.0
140.0
139.0
130.0
137.0
154.0
120.0
177.0
145.0
383.0
140.0
137.0
153.0
410.0
166.0
155.0
138.0
133.0
154.0
168.0
157.0
163.0
140.0
134.0
154.0
177.0
131.0
491.0
168.0
147.0
464.0
173.0
484.0
134.0
394.0
160.0
170.0
140.0
177.0
142.0
137.0
173.0
165.0
155.0
137.0
171.0
167.0
132.0
166.0
138.0
166.0
458.0
166.0
154.0
161.0
159.0
134.0
461.0
138.0
171.0
162.0
158.0
440.0
156.0
133.0
157.0
159.0
154.0
146.0
152.0
147.0
446.0
158.0
420.0
490.0
487.0
167.0
489.0
434.0
452.0
437.0
443.0
480.0
378.0
468.0
484.0
447.0
459.0
414.0
457.0
491.0
138.0
175.0
161.0
140.0
176.0
150.0
136.0
164.0
130.0
154.0
150.0
366.0
373.0
455.0
475.0
376.0
409.0
135.0
159.0
135.0
