I_BRKGA_178_6_25_11_CESP
178 6 25 495.0
63108.5
56469.5
63483.5
54896.5
56364.5
63570.5
60678.5
63383.5
57537.5
61765.5
58853.5
57159.5
56528.5
57043.5
56543.5
63296.5
60796.5
59242.5
56152.5
58748.5
60892.5
61882.5
59040.5
59012.5
55538.5
0.04476567594350367
0.03239828975008944
0.04385930742788334
0.0324047244158237
0.04528080656222928
0.03674388347413398
0.04114022922026971
0.039929472670137585
0.04123758820168778
0.039340845685592964
0.042655013517122316
0.03951081892663019
0.04271368141713298
0.03554493727582293
0.04636634531810859
0.03992202686880453
0.0462075240561883
0.037480408780320024
0.04744787266815485
0.0371103028596815
0.04264350143155211
0.03676166426156673
0.04454659808519561
0.03742390549291082
0.026564575689457026
123.0
111.0
124.0
108.0
125.0
129.0
2557.0
22.0
1261.0
1300.0
67.0
529.0
479.0
1223.0
33.0
507.0
117.0
183.0
45.0
349.0
255.0
369.0
61.0
301.0
226.0
481.0
215.0
1030.0
171.0
336.0
442.0
1316.0
2536.0
1096.0
978.0
13.0
232.0
558.0
275.0
74.0
244.0
77.0
279.0
14.0
9.0
10.0
12.0
14.0
11.0
14.0
93.0
14.0
12.0
12.0
29.0
342.0
166.0
779.0
1324.0
590.0
362.0
1186.0
282.0
152.0
867.0
5251.0
5938.0
122.0
171.0
329.0
48.0
28.0
186.0
219.0
180.0
513.0
28.0
74.0
65.0
26.0
127.0
28.0
31.0
19.0
112.0
168.0
861.0
48.0
122.0
66.0
46.0
158.0
211.0
330.0
146.0
170.0
76.0
872.0
158.0
149.0
732.0
35.0
64.0
215.0
98.0
14.0
335.0
119.0
20.0
24.0
31.0
8.0
71.0
267.0
103.0
71.0
83.0
55.0
39.0
84.0
149.0
45.0
26.0
57.0
150.0
101.0
79.0
136.0
45.0
67.0
7.0
1664.0
59.0
111.0
56.0
44.0
636.0
826.0
116.0
1331.0
1055.0
26.0
111.0
112.0
276.0
6792.0
210.0
98.0
158.0
273.0
31.0
285.0
30.0
118.0
250.0
77.0
128.0
768.0
121.0
153.0
445.0
298.0
220.0
68.0
1262.0
122.0
118.0
73.0
86.0
116.0
19.0
248.0
188.0
356.0
162.0
39.0
69.0
49.0
190.0
224.0
318.0
198.0
889.0
1269.0
515.0
1340.0
36.0
526.0
112.0
176.0
47.0
320.0
244.0
385.0
56.0
304.0
232.0
458.0
207.0
1139.0
159.0
332.0
432.0
1322.0
2577.0
1028.0
998.0
13.0
227.0
539.0
270.0
76.0
254.0
79.0
296.0
14.0
10.0
10.0
12.0
14.0
12.0
14.0
92.0
14.0
12.0
12.0
27.0
367.0
157.0
838.0
1323.0
552.0
338.0
1102.0
274.0
152.0
823.0
5400.0
6012.0
119.0
172.0
321.0
50.0
28.0
176.0
206.0
185.0
525.0
26.0
72.0
61.0
27.0
122.0
27.0
31.0
19.0
116.0
170.0
816.0
53.0
123.0
61.0
44.0
164.0
214.0
321.0
152.0
170.0
74.0
805.0
164.0
141.0
749.0
36.0
62.0
197.0
91.0
13.0
331.0
122.0
20.0
25.0
30.0
8.0
69.0
261.0
113.0
72.0
84.0
57.0
38.0
84.0
141.0
49.0
25.0
55.0
162.0
103.0
87.0
132.0
47.0
67.0
7.0
1654.0
58.0
109.0
58.0
45.0
653.0
868.0
113.0
1428.0
1119.0
24.0
120.0
114.0
278.0
6833.0
209.0
97.0
153.0
280.0
30.0
274.0
29.0
120.0
245.0
82.0
135.0
757.0
112.0
153.0
424.0
318.0
212.0
67.0
1275.0
123.0
119.0
73.0
88.0
112.0
20.0
264.0
189.0
349.0
166.0
38.0
66.0
51.0
195.0
237.0
318.0
200.0
887.0
1280.0
494.0
1306.0
33.0
545.0
110.0
180.0
46.0
345.0
244.0
397.0
58.0
292.0
235.0
456.0
218.0
1104.0
170.0
344.0
413.0
1372.0
2661.0
1028.0
974.0
13.0
211.0
520.0
293.0
71.0
247.0
82.0
283.0
14.0
10.0
10.0
12.0
14.0
11.0
14.0
92.0
14.0
12.0
12.0
29.0
354.0
169.0
786.0
1383.0
565.0
344.0
1179.0
297.0
146.0
819.0
5179.0
5979.0
123.0
166.0
309.0
51.0
28.0
180.0
220.0
188.0
500.0
28.0
72.0
64.0
25.0
121.0
27.0
32.0
20.0
116.0
165.0
817.0
53.0
126.0
67.0
44.0
164.0
221.0
331.0
145.0
161.0
74.0
870.0
157.0
140.0
803.0
36.0
65.0
211.0
98.0
14.0
331.0
120.0
20.0
24.0
32.0
8.0
69.0
277.0
103.0
72.0
87.0
59.0
41.0
87.0
143.0
46.0
26.0
55.0
160.0
107.0
87.0
133.0
48.0
65.0
7.0
1567.0
55.0
117.0
58.0
48.0
657.0
852.0
113.0
1397.0
1043.0
25.0
121.0
113.0
254.0
6811.0
197.0
99.0
161.0
286.0
32.0
269.0
30.0
121.0
249.0
81.0
138.0
803.0
116.0
156.0
449.0
314.0
218.0
66.0
1196.0
134.0
118.0
67.0
87.0
111.0
19.0
246.0
192.0
357.0
162.0
37.0
68.0
49.0
197.0
240.0
313.0
191.0
876.0
1240.0
476.0
1341.0
34.0
527.0
111.0
193.0
44.0
331.0
250.0
398.0
61.0
320.0
221.0
473.0
218.0
1061.0
162.0
329.0
419.0
1270.0
2533.0
1098.0
1032.0
13.0
223.0
534.0
293.0
70.0
242.0
78.0
287.0
13.0
10.0
10.0
12.0
14.0
11.0
14.0
99.0
13.0
12.0
12.0
28.0
341.0
164.0
831.0
1264.0
564.0
351.0
1080.0
274.0
157.0
849.0
5090.0
5663.0
130.0
165.0
318.0
48.0
27.0
176.0
210.0
189.0
493.0
26.0
72.0
64.0
26.0
128.0
27.0
33.0
19.0
113.0
176.0
835.0
49.0
119.0
65.0
46.0
164.0
215.0
320.0
150.0
167.0
73.0
840.0
157.0
143.0
735.0
35.0
66.0
213.0
89.0
14.0
344.0
124.0
20.0
24.0
32.0
8.0
71.0
263.0
106.0
69.0
88.0
55.0
40.0
85.0
140.0
49.0
26.0
57.0
157.0
105.0
81.0
128.0
48.0
61.0
7.0
1581.0
54.0
110.0
59.0
45.0
605.0
818.0
122.0
1303.0
1151.0
26.0
117.0
110.0
278.0
6256.0
214.0
97.0
160.0
294.0
31.0
277.0
29.0
121.0
258.0
83.0
133.0
793.0
117.0
145.0
446.0
301.0
206.0
70.0
1201.0
132.0
125.0
73.0
91.0
120.0
18.0
263.0
195.0
346.0
162.0
38.0
66.0
51.0
187.0
226.0
316.0
195.0
882.0
1257.0
509.0
1249.0
35.0
536.0
118.0
193.0
47.0
328.0
267.0
379.0
56.0
307.0
220.0
487.0
217.0
1074.0
166.0
324.0
427.0
1330.0
2716.0
1098.0
1030.0
12.0
213.0
559.0
278.0
73.0
234.0
77.0
278.0
14.0
10.0
9.0
11.0
14.0
12.0
14.0
98.0
14.0
11.0
11.0
28.0
352.0
165.0
774.0
1282.0
553.0
350.0
1174.0
299.0
157.0
803.0
4972.0
5659.0
122.0
162.0
306.0
48.0
27.0
177.0
210.0
182.0
492.0
27.0
73.0
62.0
25.0
121.0
27.0
31.0
19.0
111.0
177.0
863.0
50.0
121.0
64.0
46.0
156.0
213.0
331.0
144.0
173.0
75.0
848.0
159.0
152.0
751.0
36.0
66.0
209.0
98.0
14.0
344.0
121.0
21.0
26.0
32.0
8.0
73.0
267.0
109.0
67.0
83.0
55.0
38.0
85.0
142.0
47.0
26.0
57.0
149.0
107.0
86.0
132.0
46.0
65.0
7.0
1541.0
55.0
115.0
54.0
46.0
598.0
811.0
123.0
1347.0
1147.0
24.0
115.0
117.0
254.0
6584.0
197.0
101.0
160.0
281.0
31.0
272.0
30.0
119.0
236.0
82.0
135.0
796.0
121.0
150.0
433.0
323.0
203.0
68.0
1225.0
121.0
118.0
69.0
94.0
113.0
19.0
269.0
192.0
340.0
160.0
37.0
71.0
53.0
200.0
237.0
310.0
191.0
894.0
1279.0
511.0
1249.0
35.0
534.0
119.0
182.0
45.0
327.0
252.0
395.0
61.0
296.0
216.0
459.0
206.0
1103.0
172.0
327.0
427.0
1335.0
2511.0
1104.0
988.0
12.0
227.0
553.0
290.0
71.0
250.0
82.0
293.0
14.0
10.0
10.0
12.0
13.0
11.0
14.0
91.0
13.0
12.0
12.0
28.0
368.0
163.0
802.0
1357.0
581.0
339.0
1148.0
298.0
148.0
830.0
5363.0
5590.0
128.0
165.0
304.0
49.0
28.0
192.0
211.0
189.0
510.0
28.0
73.0
64.0
26.0
127.0
27.0
32.0
19.0
118.0
166.0
884.0
52.0
129.0
67.0
46.0
156.0
217.0
316.0
143.0
174.0
76.0
800.0
164.0
147.0
789.0
36.0
61.0
208.0
97.0
13.0
353.0
128.0
21.0
24.0
32.0
8.0
71.0
263.0
104.0
73.0
90.0
57.0
37.0
89.0
152.0
47.0
27.0
57.0
162.0
103.0
83.0
128.0
45.0
64.0
7.0
1570.0
57.0
119.0
57.0
48.0
632.0
874.0
123.0
1333.0
1043.0
26.0
122.0
117.0
270.0
6605.0
214.0
93.0
157.0
275.0
32.0
277.0
28.0
123.0
247.0
75.0
134.0
829.0
113.0
154.0
447.0
311.0
216.0
70.0
1273.0
132.0
119.0
72.0
87.0
118.0
19.0
252.0
203.0
352.0
171.0
39.0
68.0
51.0
203.0
223.0
298.0
203.0
837.0
1214.0
496.0
1298.0
35.0
553.0
109.0
190.0
46.0
344.0
249.0
397.0
61.0
301.0
213.0
505.0
214.0
1114.0
162.0
352.0
426.0
1366.0
2671.0
1051.0
1023.0
13.0
227.0
553.0
280.0
76.0
239.0
79.0
297.0
14.0
10.0
9.0
12.0
14.0
12.0
13.0
99.0
14.0
12.0
12.0
28.0
356.0
162.0
800.0
1349.0
548.0
329.0
1141.0
290.0
148.0
865.0
5365.0
5972.0
121.0
168.0
308.0
49.0
29.0
190.0
210.0
182.0
521.0
26.0
77.0
64.0
27.0
120.0
29.0
33.0
19.0
111.0
177.0
870.0
49.0
119.0
67.0
42.0
159.0
207.0
312.0
155.0
167.0
72.0
847.0
159.0
140.0
748.0
37.0
60.0
201.0
92.0
13.0
348.0
120.0
20.0
26.0
30.0
8.0
69.0
259.0
111.0
74.0
85.0
58.0
38.0
84.0
146.0
49.0
27.0
54.0
155.0
111.0
81.0
130.0
47.0
65.0
7.0
1521.0
58.0
117.0
56.0
47.0
641.0
872.0
114.0
1341.0
1094.0
25.0
123.0
108.0
272.0
6301.0
206.0
93.0
155.0
272.0
33.0
263.0
29.0
118.0
247.0
77.0
135.0
831.0
113.0
157.0
453.0
306.0
204.0
66.0
1225.0
124.0
124.0
67.0
88.0
115.0
19.0
251.0
205.0
368.0
161.0
37.0
68.0
52.0
203.0
223.0
321.0
194.0
860.0
1225.0
491.0
1257.0
33.0
538.0
119.0
189.0
44.0
327.0
246.0
362.0
61.0
301.0
216.0
481.0
205.0
1062.0
156.0
353.0
411.0
1309.0
2749.0
1007.0
964.0
13.0
216.0
527.0
266.0
70.0
239.0
82.0
299.0
14.0
10.0
10.0
12.0
14.0
12.0
13.0
100.0
14.0
12.0
12.0
29.0
358.0
161.0
805.0
1324.0
569.0
356.0
1134.0
285.0
146.0
801.0
5426.0
5619.0
124.0
169.0
321.0
50.0
28.0
185.0
219.0
186.0
531.0
27.0
74.0
63.0
26.0
127.0
28.0
30.0
20.0
116.0
170.0
878.0
50.0
126.0
65.0
42.0
155.0
206.0
329.0
145.0
171.0
70.0
879.0
160.0
150.0
758.0
36.0
62.0
207.0
93.0
14.0
343.0
121.0
19.0
26.0
32.0
8.0
73.0
263.0
106.0
72.0
91.0
55.0
39.0
82.0
145.0
49.0
27.0
58.0
151.0
103.0
81.0
128.0
47.0
66.0
7.0
1621.0
55.0
118.0
54.0
47.0
646.0
815.0
116.0
1371.0
1077.0
24.0
118.0
115.0
263.0
6679.0
214.0
97.0
158.0
272.0
32.0
262.0
28.0
130.0
235.0
79.0
139.0
805.0
122.0
147.0
451.0
299.0
221.0
65.0
1252.0
131.0
121.0
70.0
85.0
116.0
19.0
269.0
202.0
341.0
166.0
38.0
70.0
49.0
200.0
222.0
296.0
186.0
893.0
1234.0
493.0
1326.0
34.0
554.0
113.0
182.0
48.0
325.0
261.0
400.0
61.0
303.0
229.0
476.0
210.0
1061.0
158.0
327.0
422.0
1381.0
2507.0
1022.0
1010.0
13.0
217.0
536.0
291.0
70.0
252.0
80.0
297.0
14.0
10.0
10.0
12.0
14.0
12.0
14.0
92.0
14.0
11.0
12.0
27.0
374.0
162.0
796.0
1375.0
592.0
363.0
1092.0
272.0
155.0
793.0
5332.0
5999.0
121.0
173.0
324.0
47.0
27.0
184.0
215.0
179.0
519.0
28.0
75.0
62.0
27.0
128.0
27.0
32.0
20.0
108.0
164.0
824.0
50.0
131.0
61.0
42.0
158.0
208.0
321.0
154.0
161.0
72.0
864.0
160.0
149.0
802.0
38.0
60.0
207.0
90.0
14.0
342.0
123.0
20.0
25.0
32.0
8.0
73.0
267.0
106.0
74.0
88.0
54.0
38.0
88.0
142.0
48.0
27.0
58.0
164.0
106.0
86.0
137.0
47.0
61.0
7.0
1512.0
56.0
116.0
54.0
46.0
643.0
811.0
122.0
1386.0
1054.0
24.0
112.0
108.0
254.0
6710.0
200.0
99.0
165.0
292.0
32.0
265.0
29.0
121.0
237.0
79.0
131.0
757.0
123.0
151.0
418.0
299.0
203.0
65.0
1245.0
131.0
127.0
68.0
91.0
117.0
19.0
262.0
187.0
359.0
158.0
36.0
68.0
53.0
187.0
233.0
316.0
205.0
874.0
1259.0
470.0
1252.0
36.0
521.0
111.0
178.0
48.0
342.0
256.0
379.0
58.0
315.0
228.0
473.0
198.0
1082.0
165.0
350.0
440.0
1394.0
2509.0
1089.0
1014.0
13.0
229.0
556.0
281.0
76.0
236.0
79.0
294.0
14.0
10.0
10.0
12.0
14.0
12.0
14.0
99.0
13.0
12.0
12.0
29.0
356.0
160.0
796.0
1382.0
566.0
347.0
1118.0
289.0
144.0
817.0
5007.0
5746.0
130.0
159.0
313.0
49.0
27.0
192.0
226.0
195.0
503.0
27.0
72.0
61.0
27.0
121.0
29.0
31.0
20.0
119.0
169.0
842.0
50.0
119.0
67.0
45.0
153.0
216.0
340.0
149.0
174.0
74.0
853.0
157.0
146.0
765.0
35.0
64.0
207.0
89.0
13.0
355.0
127.0
21.0
24.0
30.0
8.0
71.0
272.0
110.0
69.0
84.0
54.0
38.0
82.0
144.0
46.0
26.0
57.0
156.0
101.0
86.0
129.0
44.0
67.0
7.0
1644.0
58.0
115.0
56.0
46.0
616.0
825.0
118.0
1333.0
1104.0
24.0
112.0
115.0
278.0
6744.0
216.0
94.0
165.0
272.0
33.0
264.0
29.0
118.0
249.0
79.0
128.0
784.0
119.0
149.0
460.0
312.0
206.0
66.0
1213.0
129.0
127.0
73.0
87.0
115.0
19.0
266.0
197.0
349.0
172.0
39.0
67.0
48.0
203.0
225.0
312.0
190.0
842.0
1293.0
478.0
1315.0
34.0
545.0
115.0
181.0
45.0
320.0
253.0
384.0
57.0
313.0
229.0
497.0
200.0
1112.0
160.0
328.0
423.0
1313.0
2638.0
1081.0
975.0
12.0
228.0
525.0
270.0
74.0
238.0
82.0
278.0
14.0
10.0
10.0
12.0
14.0
11.0
13.0
96.0
14.0
11.0
12.0
27.0
372.0
161.0
791.0
1382.0
559.0
349.0
1182.0
275.0
151.0
871.0
5326.0
5463.0
127.0
157.0
311.0
48.0
28.0
193.0
225.0
181.0
498.0
28.0
75.0
61.0
27.0
122.0
28.0
32.0
19.0
114.0
171.0
889.0
53.0
124.0
61.0
43.0
152.0
201.0
328.0
155.0
164.0
70.0
823.0
165.0
147.0
751.0
37.0
65.0
211.0
89.0
13.0
353.0
122.0
21.0
26.0
29.0
8.0
76.0
257.0
108.0
70.0
82.0
58.0
40.0
88.0
148.0
45.0
25.0
53.0
150.0
106.0
87.0
129.0
47.0
63.0
7.0
1640.0
56.0
113.0
56.0
48.0
615.0
834.0
120.0
1325.0
1068.0
24.0
122.0
114.0
261.0
6733.0
208.0
94.0
157.0
296.0
32.0
277.0
29.0
129.0
248.0
77.0
139.0
805.0
123.0
149.0
463.0
314.0
210.0
66.0
1262.0
127.0
126.0
67.0
94.0
112.0
20.0
261.0
201.0
347.0
168.0
36.0
65.0
52.0
191.0
218.0
314.0
195.0
899.0
1327.0
492.0
1234.0
36.0
506.0
114.0
192.0
47.0
340.0
257.0
393.0
60.0
295.0
229.0
500.0
198.0
1063.0
168.0
355.0
415.0
1307.0
2643.0
1034.0
1011.0
13.0
232.0
530.0
287.0
74.0
253.0
76.0
279.0
14.0
10.0
10.0
12.0
14.0
12.0
14.0
92.0
14.0
12.0
12.0
28.0
369.0
170.0
807.0
1324.0
572.0
337.0
1181.0
291.0
144.0
815.0
5200.0
5732.0
127.0
167.0
331.0
49.0
28.0
180.0
206.0
182.0
496.0
27.0
77.0
67.0
27.0
122.0
27.0
30.0
20.0
114.0
175.0
892.0
53.0
122.0
66.0
45.0
164.0
205.0
322.0
146.0
172.0
69.0
824.0
157.0
151.0
754.0
37.0
66.0
210.0
94.0
14.0
352.0
129.0
21.0
26.0
30.0
8.0
75.0
251.0
106.0
74.0
87.0
58.0
41.0
81.0
149.0
46.0
27.0
56.0
163.0
110.0
81.0
127.0
45.0
64.0
7.0
1501.0
55.0
118.0
54.0
48.0
643.0
807.0
117.0
1368.0
1095.0
25.0
123.0
110.0
270.0
6266.0
201.0
100.0
155.0
279.0
33.0
263.0
29.0
128.0
239.0
83.0
137.0
825.0
114.0
146.0
439.0
300.0
212.0
69.0
1220.0
122.0
119.0
71.0
86.0
120.0
20.0
251.0
205.0
368.0
160.0
37.0
66.0
53.0
188.0
239.0
299.0
191.0
812.0
1244.0
472.0
1284.0
34.0
518.0
109.0
193.0
45.0
331.0
268.0
395.0
61.0
301.0
235.0
464.0
207.0
1081.0
169.0
324.0
440.0
1263.0
2503.0
1048.0
1008.0
13.0
211.0
547.0
293.0
76.0
235.0
82.0
288.0
14.0
10.0
10.0
12.0
14.0
12.0
14.0
98.0
14.0
12.0
12.0
27.0
366.0
164.0
777.0
1372.0
573.0
344.0
1083.0
293.0
151.0
828.0
5127.0
5503.0
119.0
171.0
319.0
50.0
29.0
179.0
211.0
191.0
519.0
27.0
79.0
65.0
26.0
117.0
29.0
32.0
20.0
111.0
162.0
861.0
49.0
124.0
63.0
42.0
152.0
202.0
312.0
152.0
164.0
69.0
842.0
161.0
144.0
794.0
38.0
61.0
198.0
93.0
14.0
349.0
121.0
20.0
26.0
32.0
8.0
76.0
259.0
110.0
73.0
85.0
56.0
41.0
87.0
140.0
49.0
26.0
57.0
151.0
105.0
80.0
137.0
48.0
66.0
7.0
1516.0
59.0
111.0
57.0
47.0
658.0
873.0
118.0
1307.0
1076.0
26.0
117.0
108.0
255.0
6720.0
209.0
92.0
166.0
298.0
31.0
260.0
30.0
129.0
250.0
83.0
130.0
786.0
115.0
150.0
451.0
323.0
218.0
67.0
1166.0
129.0
115.0
68.0
94.0
112.0
20.0
253.0
195.0
356.0
158.0
36.0
70.0
49.0
203.0
219.0
293.0
187.0
840.0
1253.0
501.0
1289.0
35.0
519.0
119.0
181.0
44.0
342.0
268.0
399.0
58.0
298.0
214.0
492.0
213.0
1126.0
165.0
347.0
447.0
1399.0
2678.0
1108.0
1025.0
12.0
221.0
547.0
294.0
73.0
243.0
81.0
277.0
14.0
10.0
10.0
11.0
13.0
11.0
13.0
92.0
14.0
11.0
11.0
29.0
339.0
170.0
829.0
1321.0
579.0
343.0
1117.0
282.0
158.0
838.0
5456.0
5775.0
131.0
156.0
310.0
48.0
28.0
179.0
218.0
180.0
521.0
26.0
75.0
62.0
26.0
125.0
29.0
30.0
20.0
119.0
177.0
877.0
51.0
123.0
62.0
43.0
167.0
201.0
318.0
151.0
175.0
76.0
812.0
159.0
153.0
789.0
36.0
64.0
204.0
90.0
13.0
353.0
118.0
21.0
24.0
31.0
8.0
70.0
268.0
110.0
74.0
90.0
59.0
41.0
85.0
154.0
49.0
26.0
53.0
156.0
110.0
82.0
136.0
48.0
62.0
7.0
1501.0
57.0
110.0
57.0
48.0
612.0
803.0
113.0
1314.0
1095.0
25.0
112.0
116.0
251.0
6440.0
200.0
98.0
167.0
290.0
33.0
276.0
30.0
119.0
259.0
83.0
131.0
830.0
122.0
144.0
454.0
316.0
215.0
68.0
1202.0
132.0
122.0
70.0
92.0
117.0
20.0
258.0
188.0
359.0
163.0
38.0
66.0
51.0
195.0
235.0
298.0
196.0
896.0
1308.0
501.0
1300.0
34.0
542.0
111.0
175.0
46.0
345.0
248.0
363.0
57.0
295.0
235.0
464.0
209.0
1131.0
160.0
334.0
415.0
1346.0
2747.0
1039.0
1013.0
12.0
223.0
542.0
281.0
76.0
252.0
82.0
286.0
14.0
10.0
9.0
12.0
14.0
12.0
13.0
92.0
13.0
12.0
11.0
29.0
344.0
165.0
843.0
1344.0
568.0
354.0
1104.0
283.0
146.0
805.0
5416.0
5557.0
124.0
157.0
330.0
46.0
27.0
175.0
218.0
193.0
503.0
27.0
75.0
66.0
26.0
126.0
28.0
31.0
19.0
114.0
178.0
872.0
52.0
119.0
67.0
46.0
154.0
203.0
338.0
147.0
161.0
74.0
849.0
157.0
150.0
751.0
38.0
65.0
211.0
97.0
13.0
329.0
118.0
20.0
25.0
31.0
8.0
72.0
268.0
105.0
74.0
85.0
57.0
40.0
82.0
144.0
45.0
26.0
56.0
159.0
105.0
83.0
135.0
48.0
67.0
7.0
1658.0
55.0
110.0
56.0
46.0
656.0
879.0
119.0
1370.0
1139.0
25.0
116.0
108.0
274.0
6729.0
196.0
95.0
152.0
288.0
32.0
284.0
30.0
122.0
246.0
81.0
132.0
833.0
124.0
146.0
454.0
312.0
220.0
66.0
1267.0
131.0
118.0
67.0
85.0
114.0
20.0
248.0
192.0
344.0
173.0
38.0
69.0
52.0
194.0
237.0
308.0
205.0
861.0
1330.0
472.0
1333.0
34.0
542.0
111.0
190.0
48.0
344.0
255.0
369.0
61.0
299.0
219.0
480.0
218.0
1106.0
156.0
357.0
427.0
1372.0
2510.0
1070.0
979.0
13.0
214.0
535.0
282.0
75.0
253.0
75.0
278.0
14.0
10.0
10.0
12.0
13.0
11.0
14.0
100.0
14.0
12.0
11.0
27.0
352.0
169.0
770.0
1292.0
559.0
359.0
1133.0
295.0
146.0
797.0
5246.0
5560.0
122.0
162.0
305.0
47.0
29.0
178.0
208.0
187.0
531.0
27.0
75.0
63.0
27.0
120.0
27.0
32.0
19.0
116.0
177.0
871.0
52.0
123.0
62.0
46.0
163.0
206.0
334.0
149.0
173.0
71.0
838.0
160.0
148.0
790.0
35.0
63.0
205.0
92.0
14.0
338.0
129.0
21.0
25.0
30.0
8.0
71.0
264.0
112.0
69.0
90.0
56.0
41.0
88.0
140.0
47.0
27.0
58.0
164.0
111.0
80.0
138.0
46.0
62.0
7.0
1568.0
59.0
111.0
57.0
44.0
596.0
874.0
117.0
1405.0
1118.0
26.0
119.0
119.0
259.0
6190.0
210.0
100.0
163.0
278.0
31.0
269.0
29.0
128.0
257.0
78.0
130.0
831.0
113.0
152.0
459.0
306.0
207.0
71.0
1192.0
130.0
127.0
72.0
92.0
113.0
20.0
266.0
204.0
373.0
168.0
36.0
68.0
51.0
190.0
240.0
299.0
195.0
899.0
1275.0
482.0
1332.0
34.0
510.0
120.0
182.0
48.0
318.0
248.0
363.0
59.0
309.0
233.0
503.0
204.0
1058.0
160.0
336.0
419.0
1359.0
2527.0
1050.0
1049.0
13.0
220.0
534.0
272.0
69.0
249.0
82.0
289.0
13.0
10.0
10.0
12.0
14.0
12.0
13.0
94.0
14.0
12.0
12.0
27.0
348.0
157.0
788.0
1264.0
595.0
343.0
1141.0
283.0
155.0
856.0
5050.0
5709.0
123.0
163.0
319.0
49.0
27.0
188.0
209.0
192.0
488.0
26.0
74.0
64.0
27.0
124.0
28.0
33.0
19.0
114.0
173.0
854.0
51.0
122.0
63.0
45.0
161.0
218.0
324.0
154.0
173.0
75.0
845.0
166.0
142.0
741.0
37.0
64.0
212.0
97.0
14.0
330.0
122.0
20.0
26.0
30.0
8.0
76.0
276.0
109.0
70.0
90.0
59.0
41.0
81.0
140.0
48.0
26.0
56.0
148.0
101.0
79.0
130.0
48.0
67.0
7.0
1558.0
58.0
115.0
57.0
47.0
642.0
817.0
115.0
1372.0
1101.0
25.0
116.0
111.0
253.0
6342.0
213.0
95.0
154.0
294.0
32.0
270.0
28.0
125.0
235.0
78.0
129.0
804.0
113.0
150.0
458.0
328.0
220.0
71.0
1229.0
122.0
115.0
72.0
86.0
118.0
20.0
254.0
187.0
356.0
161.0
36.0
71.0
53.0
190.0
241.0
306.0
198.0
846.0
1323.0
497.0
1216.0
33.0
545.0
109.0
184.0
45.0
326.0
263.0
400.0
56.0
291.0
220.0
504.0
201.0
1093.0
160.0
347.0
426.0
1290.0
2496.0
1077.0
1034.0
13.0
218.0
557.0
293.0
72.0
245.0
77.0
287.0
14.0
10.0
10.0
12.0
14.0
11.0
13.0
97.0
14.0
11.0
12.0
29.0
357.0
162.0
802.0
1301.0
598.0
353.0
1087.0
276.0
159.0
852.0
5180.0
5600.0
119.0
157.0
336.0
50.0
28.0
176.0
221.0
194.0
495.0
28.0
74.0
63.0
26.0
118.0
29.0
31.0
19.0
111.0
179.0
860.0
51.0
128.0
63.0
43.0
167.0
199.0
315.0
144.0
164.0
71.0
815.0
158.0
152.0
782.0
38.0
62.0
199.0
91.0
13.0
348.0
126.0
20.0
24.0
32.0
8.0
72.0
251.0
109.0
68.0
89.0
57.0
38.0
82.0
153.0
47.0
27.0
54.0
162.0
108.0
83.0
132.0
47.0
64.0
7.0
1514.0
59.0
113.0
56.0
47.0
629.0
857.0
119.0
1396.0
1145.0
25.0
120.0
114.0
256.0
6398.0
213.0
92.0
167.0
286.0
32.0
279.0
27.0
125.0
259.0
75.0
140.0
754.0
118.0
149.0
434.0
328.0
215.0
65.0
1245.0
121.0
115.0
67.0
88.0
120.0
20.0
267.0
194.0
368.0
168.0
37.0
65.0
51.0
200.0
241.0
324.0
195.0
834.0
1301.0
496.0
1324.0
35.0
559.0
117.0
185.0
45.0
317.0
264.0
394.0
61.0
319.0
233.0
486.0
217.0
1037.0
172.0
332.0
447.0
1295.0
2619.0
1065.0
1002.0
13.0
232.0
559.0
271.0
72.0
246.0
77.0
283.0
13.0
10.0
10.0
12.0
14.0
12.0
13.0
100.0
13.0
12.0
12.0
27.0
349.0
168.0
761.0
1308.0
577.0
342.0
1133.0
299.0
145.0
809.0
5390.0
5740.0
129.0
159.0
309.0
50.0
29.0
193.0
220.0
177.0
496.0
28.0
78.0
61.0
27.0
122.0
29.0
30.0
20.0
110.0
166.0
891.0
48.0
130.0
62.0
46.0
153.0
204.0
332.0
152.0
169.0
75.0
875.0
163.0
151.0
749.0
36.0
66.0
200.0
93.0
14.0
329.0
128.0
21.0
26.0
32.0
8.0
70.0
254.0
106.0
73.0
90.0
54.0
40.0
86.0
147.0
45.0
26.0
54.0
159.0
101.0
80.0
136.0
46.0
63.0
7.0
1643.0
58.0
115.0
56.0
45.0
646.0
868.0
120.0
1328.0
1143.0
26.0
118.0
119.0
265.0
6358.0
196.0
92.0
160.0
285.0
33.0
277.0
30.0
118.0
254.0
83.0
133.0
813.0
113.0
154.0
447.0
300.0
223.0
67.0
1206.0
130.0
117.0
71.0
86.0
122.0
20.0
247.0
190.0
371.0
170.0
39.0
66.0
53.0
191.0
237.0
296.0
189.0
814.0
1294.0
468.0
1271.0
35.0
505.0
114.0
184.0
45.0
347.0
270.0
395.0
58.0
296.0
232.0
473.0
215.0
1132.0
158.0
353.0
432.0
1308.0
2614.0
1089.0
1052.0
13.0
233.0
538.0
276.0
75.0
243.0
78.0
273.0
14.0
10.0
10.0
12.0
14.0
11.0
14.0
97.0
14.0
12.0
12.0
28.0
348.0
159.0
767.0
1362.0
573.0
339.0
1180.0
279.0
148.0
813.0
5067.0
5741.0
128.0
172.0
317.0
48.0
29.0
190.0
210.0
193.0
497.0
26.0
77.0
66.0
27.0
127.0
29.0
31.0
19.0
117.0
169.0
843.0
51.0
130.0
65.0
44.0
156.0
204.0
312.0
150.0
176.0
75.0
856.0
163.0
139.0
735.0
35.0
61.0
202.0
94.0
14.0
326.0
118.0
21.0
26.0
31.0
8.0
72.0
277.0
113.0
68.0
89.0
55.0
40.0
84.0
152.0
46.0
27.0
53.0
162.0
102.0
85.0
136.0
48.0
62.0
7.0
1501.0
59.0
117.0
58.0
45.0
629.0
824.0
113.0
1380.0
1056.0
26.0
112.0
110.0
258.0
6235.0
216.0
98.0
166.0
299.0
31.0
280.0
28.0
121.0
241.0
79.0
133.0
788.0
119.0
154.0
442.0
321.0
220.0
65.0
1205.0
122.0
123.0
72.0
93.0
116.0
20.0
261.0
192.0
373.0
170.0
38.0
71.0
51.0
201.0
240.0
306.0
193.0
815.0
1273.0
503.0
1257.0
36.0
521.0
110.0
183.0
47.0
341.0
253.0
375.0
60.0
314.0
223.0
502.0
206.0
1057.0
163.0
349.0
435.0
1391.0
2547.0
1074.0
987.0
13.0
225.0
526.0
289.0
70.0
239.0
78.0
298.0
14.0
10.0
10.0
12.0
14.0
12.0
13.0
92.0
14.0
11.0
12.0
29.0
353.0
172.0
782.0
1354.0
571.0
347.0
1152.0
299.0
153.0
850.0
5356.0
6031.0
120.0
165.0
315.0
48.0
29.0
181.0
223.0
195.0
486.0
26.0
75.0
62.0
26.0
125.0
27.0
30.0
19.0
118.0
174.0
871.0
48.0
120.0
63.0
43.0
152.0
220.0
318.0
140.0
163.0
75.0
841.0
159.0
139.0
735.0
38.0
60.0
213.0
96.0
14.0
337.0
129.0
21.0
25.0
30.0
8.0
75.0
260.0
109.0
71.0
88.0
56.0
39.0
85.0
141.0
46.0
25.0
55.0
157.0
104.0
87.0
133.0
48.0
64.0
7.0
1545.0
58.0
109.0
58.0
48.0
615.0
813.0
116.0
1368.0
1080.0
26.0
114.0
110.0
273.0
6531.0
200.0
102.0
156.0
275.0
33.0
267.0
28.0
120.0
251.0
78.0
137.0
756.0
118.0
153.0
442.0
321.0
216.0
65.0
1266.0
128.0
118.0
71.0
89.0
116.0
19.0
249.0
202.0
368.0
158.0
36.0
65.0
49.0
191.0
239.0
323.0
190.0
834.0
1237.0
492.0
1337.0
33.0
505.0
116.0
192.0
47.0
331.0
253.0
369.0
57.0
320.0
223.0
500.0
201.0
1040.0
163.0
334.0
415.0
1314.0
2511.0
1051.0
987.0
13.0
227.0
517.0
280.0
69.0
234.0
79.0
276.0
14.0
10.0
10.0
12.0
13.0
12.0
14.0
91.0
14.0
11.0
11.0
29.0
353.0
168.0
819.0
1294.0
562.0
345.0
1191.0
294.0
157.0
860.0
5295.0
5963.0
127.0
160.0
308.0
47.0
28.0
184.0
214.0
193.0
520.0
26.0
79.0
61.0
25.0
121.0
28.0
31.0
19.0
111.0
171.0
841.0
52.0
131.0
62.0
45.0
158.0
205.0
320.0
152.0
174.0
75.0
852.0
168.0
152.0
764.0
37.0
64.0
195.0
96.0
14.0
356.0
126.0
20.0
25.0
32.0
8.0
74.0
260.0
107.0
69.0
86.0
57.0
38.0
88.0
150.0
47.0
26.0
55.0
164.0
101.0
83.0
139.0
44.0
67.0
7.0
1602.0
58.0
118.0
59.0
47.0
639.0
868.0
115.0
1305.0
1133.0
25.0
111.0
114.0
260.0
6336.0
203.0
101.0
158.0
297.0
31.0
278.0
28.0
118.0
260.0
78.0
132.0
811.0
115.0
145.0
429.0
305.0
208.0
71.0
1187.0
132.0
126.0
70.0
85.0
120.0
20.0
262.0
197.0
339.0
171.0
38.0
71.0
50.0
191.0
230.0
304.0
190.0
878.0
1230.0
509.0
1277.0
34.0
547.0
114.0
174.0
45.0
325.0
255.0
380.0
61.0
296.0
223.0
498.0
206.0
1119.0
158.0
343.0
427.0
1346.0
2677.0
1068.0
977.0
13.0
224.0
512.0
286.0
75.0
239.0
78.0
274.0
14.0
10.0
10.0
12.0
14.0
12.0
14.0
93.0
14.0
11.0
12.0
29.0
346.0
169.0
793.0
1314.0
598.0
350.0
1193.0
286.0
157.0
798.0
5182.0
5771.0
121.0
170.0
316.0
50.0
27.0
181.0
211.0
180.0
506.0
28.0
76.0
61.0
27.0
123.0
28.0
31.0
19.0
116.0
177.0
849.0
51.0
125.0
63.0
46.0
163.0
199.0
343.0
151.0
160.0
71.0
828.0
162.0
150.0
752.0
35.0
61.0
203.0
90.0
14.0
323.0
125.0
20.0
26.0
32.0
8.0
74.0
267.0
106.0
69.0
85.0
56.0
39.0
83.0
153.0
47.0
25.0
56.0
164.0
108.0
79.0
132.0
44.0
65.0
7.0
1601.0
56.0
118.0
57.0
45.0
623.0
842.0
116.0
1390.0
1127.0
25.0
121.0
119.0
263.0
6565.0
202.0
95.0
163.0
273.0
33.0
265.0
30.0
118.0
248.0
77.0
130.0
800.0
124.0
146.0
418.0
297.0
211.0
66.0
1226.0
133.0
116.0
73.0
90.0
121.0
19.0
250.0
191.0
372.0
159.0
39.0
68.0
53.0
197.0
240.0
312.0
191.0
827.0
1329.0
487.0
1301.0
36.0
544.0
110.0
188.0
44.0
327.0
265.0
376.0
57.0
303.0
233.0
480.0
216.0
1105.0
159.0
348.0
405.0
1388.0
2562.0
1013.0
995.0
13.0
213.0
541.0
294.0
70.0
253.0
75.0
273.0
13.0
10.0
10.0
12.0
13.0
11.0
14.0
98.0
14.0
12.0
12.0
27.0
359.0
171.0
786.0
1371.0
572.0
361.0
1169.0
283.0
154.0
842.0
5160.0
5551.0
127.0
160.0
308.0
50.0
29.0
178.0
220.0
192.0
532.0
28.0
78.0
67.0
26.0
128.0
28.0
31.0
20.0
109.0
179.0
876.0
53.0
129.0
62.0
46.0
162.0
205.0
338.0
143.0
171.0
70.0
821.0
167.0
150.0
754.0
36.0
64.0
212.0
90.0
13.0
337.0
118.0
21.0
24.0
31.0
8.0
71.0
265.0
107.0
70.0
83.0
58.0
41.0
89.0
153.0
49.0
25.0
58.0
154.0
105.0
81.0
130.0
47.0
61.0
7.0
1547.0
58.0
116.0
56.0
47.0
662.0
821.0
121.0
1316.0
1109.0
25.0
112.0
114.0
277.0
6835.0
210.0
102.0
158.0
279.0
31.0
271.0
30.0
125.0
254.0
83.0
132.0
759.0
119.0
150.0
423.0
304.0
220.0
66.0
1261.0
130.0
115.0
72.0
94.0
118.0
20.0
257.0
201.0
341.0
161.0
36.0
67.0
51.0
202.0
219.0
303.0
203.0
850.0
1297.0
479.0
1285.0
36.0
546.0
116.0
188.0
45.0
325.0
244.0
381.0
56.0
290.0
222.0
461.0
211.0
1037.0
160.0
357.0
416.0
1306.0
2550.0
1058.0
956.0
12.0
216.0
529.0
270.0
75.0
245.0
81.0
277.0
13.0
10.0
10.0
12.0
13.0
12.0
13.0
95.0
14.0
12.0
12.0
29.0
349.0
167.0
770.0
1266.0
556.0
340.0
1085.0
298.0
157.0
812.0
5331.0
6029.0
129.0
164.0
311.0
47.0
28.0
192.0
224.0
186.0
486.0
28.0
74.0
64.0
26.0
127.0
27.0
30.0
20.0
115.0
169.0
890.0
51.0
129.0
63.0
43.0
153.0
206.0
330.0
152.0
169.0
76.0
831.0
153.0
148.0
793.0
37.0
65.0
208.0
91.0
14.0
332.0
129.0
20.0
24.0
32.0
8.0
70.0
259.0
111.0
68.0
91.0
58.0
38.0
84.0
140.0
47.0
27.0
54.0
149.0
111.0
80.0
137.0
48.0
67.0
7.0
1660.0
57.0
114.0
57.0
45.0
612.0
851.0
116.0
1341.0
1068.0
26.0
112.0
117.0
258.0
6577.0
215.0
95.0
167.0
276.0
30.0
288.0
30.0
128.0
255.0
76.0
132.0
782.0
115.0
159.0
458.0
300.0
218.0
71.0
1212.0
121.0
126.0
73.0
86.0
116.0
18.0
265.0
195.0
349.0
161.0
37.0
66.0
53.0
199.0
236.0
296.0
191.0
846.0
1264.0
178.0
198.0
130.0
163.0
474.0
131.0
137.0
146.0
158.0
161.0
134.0
151.0
161.0
139.0
136.0
140.0
141.0
151.0
143.0
167.0
131.0
133.0
134.0
376.0
143.0
164.0
163.0
156.0
131.0
140.0
140.0
414.0
492.0
483.0
439.0
464.0
396.0
364.0
424.0
463.0
408.0
451.0
461.0
172.0
155.0
134.0
165.0
171.0
154.0
175.0
136.0
446.0
166.0
173.0
141.0
172.0
131.0
166.0
149.0
170.0
176.0
133.0
137.0
153.0
133.0
165.0
159.0
116.0
162.0
130.0
440.0
155.0
156.0
145.0
477.0
147.0
131.0
140.0
174.0
145.0
141.0
173.0
133.0
141.0
163.0
171.0
149.0
157.0
452.0
153.0
165.0
406.0
150.0
373.0
174.0
467.0
137.0
140.0
172.0
145.0
135.0
154.0
144.0
155.0
153.0
153.0
170.0
131.0
167.0
159.0
142.0
176.0
476.0
136.0
141.0
134.0
177.0
137.0
450.0
152.0
149.0
172.0
130.0
481.0
142.0
150.0
161.0
141.0
176.0
177.0
152.0
177.0
451.0
170.0
368.0
393.0
431.0
142.0
414.0
444.0
461.0
375.0
422.0
366.0
451.0
374.0
377.0
488.0
421.0
448.0
470.0
480.0
132.0
131.0
170.0
145.0
141.0
174.0
166.0
175.0
163.0
141.0
168.0
390.0
442.0
477.0
368.0
420.0
390.0
156.0
160.0
137.0
173.0
203.0
158.0
136.0
491.0
153.0
162.0
152.0
158.0
159.0
157.0
166.0
139.0
159.0
149.0
176.0
144.0
165.0
131.0
167.0
133.0
137.0
173.0
408.0
157.0
160.0
154.0
172.0
154.0
171.0
146.0
431.0
464.0
419.0
401.0
369.0
396.0
364.0
435.0
481.0
493.0
407.0
455.0
145.0
151.0
167.0
159.0
152.0
154.0
170.0
172.0
371.0
157.0
166.0
156.0
161.0
163.0
133.0
166.0
173.0
174.0
168.0
132.0
138.0
169.0
165.0
144.0
124.0
145.0
172.0
382.0
162.0
138.0
164.0
378.0
162.0
153.0
158.0
137.0
143.0
148.0
171.0
153.0
138.0
160.0
153.0
147.0
175.0
478.0
155.0
149.0
378.0
160.0
472.0
139.0
470.0
149.0
150.0
138.0
170.0
152.0
159.0
171.0
136.0
132.0
133.0
136.0
157.0
144.0
169.0
141.0
150.0
489.0
162.0
171.0
145.0
164.0
167.0
367.0
142.0
164.0
157.0
153.0
363.0
162.0
172.0
143.0
175.0
155.0
131.0
152.0
164.0
445.0
158.0
392.0
378.0
475.0
158.0
435.0
487.0
396.0
433.0
393.0
383.0
488.0
366.0
374.0
365.0
426.0
478.0
417.0
423.0
172.0
158.0
159.0
161.0
134.0
135.0
133.0
163.0
150.0
173.0
171.0
454.0
429.0
466.0
491.0
458.0
417.0
139.0
170.0
161.0
170.0
193.0
169.0
155.0
488.0
140.0
151.0
173.0
177.0
148.0
165.0
174.0
138.0
148.0
138.0
149.0
132.0
147.0
165.0
144.0
168.0
165.0
145.0
481.0
166.0
146.0
145.0
169.0
143.0
133.0
146.0
385.0
396.0
379.0
388.0
384.0
435.0
461.0
447.0
413.0
472.0
486.0
459.0
143.0
161.0
173.0
150.0
149.0
136.0
130.0
175.0
473.0
175.0
144.0
140.0
156.0
140.0
144.0
134.0
171.0
170.0
146.0
145.0
133.0
160.0
160.0
157.0
144.0
154.0
131.0
470.0
135.0
142.0
171.0
467.0
172.0
172.0
172.0
163.0
150.0
143.0
153.0
135.0
173.0
172.0
177.0
156.0
157.0
482.0
140.0
167.0
418.0
159.0
463.0
138.0
480.0
136.0
137.0
132.0
133.0
173.0
174.0
169.0
171.0
149.0
173.0
136.0
163.0
132.0
155.0
134.0
147.0
381.0
132.0
152.0
144.0
155.0
159.0
376.0
139.0
142.0
170.0
170.0
475.0
140.0
145.0
160.0
159.0
159.0
139.0
158.0
131.0
404.0
157.0
410.0
376.0
410.0
164.0
486.0
458.0
366.0
371.0
484.0
366.0
379.0
409.0
405.0
435.0
479.0
492.0
427.0
462.0
147.0
166.0
165.0
132.0
159.0
176.0
171.0
153.0
147.0
151.0
144.0
478.0
483.0
477.0
375.0
442.0
414.0
163.0
155.0
168.0
190.0
180.0
140.0
163.0
440.0
136.0
134.0
162.0
136.0
155.0
151.0
138.0
175.0
133.0
140.0
176.0
145.0
141.0
159.0
155.0
134.0
159.0
155.0
444.0
163.0
140.0
170.0
137.0
133.0
156.0
155.0
399.0
486.0
398.0
437.0
472.0
493.0
474.0
435.0
472.0
471.0
367.0
489.0
165.0
163.0
175.0
144.0
150.0
153.0
168.0
150.0
400.0
142.0
171.0
130.0
164.0
158.0
137.0
164.0
139.0
150.0
175.0
130.0
155.0
175.0
170.0
175.0
140.0
131.0
148.0
488.0
174.0
133.0
142.0
403.0
165.0
145.0
153.0
158.0
161.0
133.0
145.0
166.0
149.0
136.0
161.0
131.0
164.0
446.0
134.0
145.0
431.0
136.0
388.0
158.0
465.0
143.0
149.0
145.0
132.0
169.0
160.0
139.0
147.0
159.0
156.0
147.0
133.0
163.0
137.0
126.0
174.0
363.0
177.0
135.0
150.0
175.0
144.0
446.0
176.0
136.0
168.0
168.0
472.0
159.0
171.0
164.0
159.0
132.0
155.0
169.0
167.0
376.0
142.0
491.0
434.0
377.0
160.0
455.0
489.0
379.0
438.0
455.0
411.0
410.0
383.0
392.0
398.0
387.0
446.0
457.0
388.0
166.0
141.0
136.0
152.0
143.0
157.0
163.0
165.0
131.0
170.0
170.0
439.0
395.0
389.0
485.0
453.0
379.0
134.0
163.0
156.0
172.0
160.0
164.0
150.0
424.0
133.0
142.0
130.0
153.0
163.0
139.0
140.0
170.0
136.0
140.0
135.0
156.0
150.0
175.0
159.0
173.0
158.0
144.0
435.0
156.0
153.0
169.0
148.0
150.0
137.0
167.0
448.0
475.0
456.0
448.0
453.0
379.0
426.0
479.0
425.0
370.0
413.0
392.0
157.0
148.0
157.0
177.0
144.0
138.0
171.0
135.0
371.0
148.0
150.0
163.0
174.0
147.0
167.0
162.0
145.0
133.0
143.0
153.0
142.0
171.0
137.0
132.0
128.0
163.0
144.0
426.0
175.0
161.0
133.0
393.0
139.0
143.0
168.0
162.0
141.0
143.0
139.0
137.0
175.0
144.0
175.0
144.0
162.0
390.0
135.0
173.0
473.0
157.0
475.0
164.0
412.0
162.0
138.0
173.0
141.0
146.0
143.0
143.0
168.0
171.0
143.0
138.0
134.0
151.0
168.0
146.0
145.0
429.0
147.0
161.0
172.0
170.0
152.0
410.0
141.0
175.0
152.0
157.0
455.0
133.0
169.0
169.0
154.0
161.0
169.0
171.0
171.0
370.0
160.0
432.0
380.0
385.0
150.0
456.0
485.0
368.0
486.0
452.0
478.0
399.0
424.0
474.0
473.0
459.0
438.0
383.0
369.0
176.0
152.0
149.0
162.0
153.0
149.0
166.0
153.0
154.0
140.0
146.0
458.0
492.0
464.0
447.0
419.0
377.0
144.0
140.0
164.0
182.0
184.0
130.0
168.0
475.0
155.0
169.0
165.0
141.0
168.0
142.0
144.0
146.0
133.0
132.0
141.0
163.0
160.0
146.0
174.0
148.0
139.0
160.0
428.0
149.0
169.0
146.0
142.0
154.0
170.0
136.0
433.0
485.0
477.0
436.0
391.0
434.0
383.0
454.0
402.0
426.0
411.0
446.0
158.0
171.0
138.0
139.0
137.0
158.0
134.0
141.0
373.0
177.0
175.0
138.0
174.0
133.0
149.0
171.0
172.0
157.0
171.0
175.0
134.0
172.0
144.0
133.0
115.0
168.0
133.0
457.0
152.0
156.0
163.0
465.0
156.0
151.0
142.0
165.0
142.0
148.0
158.0
143.0
146.0
171.0
164.0
159.0
151.0
387.0
143.0
133.0
489.0
133.0
429.0
154.0
417.0
172.0
148.0
151.0
176.0
154.0
171.0
152.0
141.0
160.0
142.0
174.0
153.0
130.0
136.0
150.0
177.0
446.0
167.0
153.0
131.0
151.0
150.0
363.0
164.0
162.0
172.0
158.0
379.0
150.0
131.0
131.0
155.0
150.0
145.0
174.0
155.0
487.0
164.0
369.0
390.0
385.0
176.0
390.0
371.0
469.0
426.0
438.0
376.0
425.0
471.0
412.0
480.0
391.0
403.0
489.0
428.0
144.0
139.0
131.0
164.0
130.0
154.0
145.0
135.0
133.0
159.0
143.0
409.0
374.0
481.0
378.0
406.0
368.0
135.0
164.0
175.0
183.0
184.0
132.0
145.0
464.0
177.0
175.0
174.0
173.0
159.0
167.0
132.0
170.0
136.0
133.0
151.0
137.0
147.0
130.0
135.0
163.0
168.0
169.0
424.0
165.0
154.0
138.0
151.0
163.0
169.0
167.0
430.0
432.0
487.0
450.0
363.0
392.0
422.0
491.0
487.0
453.0
398.0
455.0
177.0
141.0
152.0
162.0
176.0
148.0
134.0
157.0
419.0
162.0
131.0
167.0
134.0
160.0
138.0
160.0
134.0
145.0
169.0
133.0
149.0
167.0
177.0
161.0
142.0
158.0
167.0
375.0
140.0
139.0
150.0
479.0
172.0
163.0
143.0
143.0
158.0
158.0
175.0
156.0
157.0
174.0
166.0
144.0
141.0
454.0
158.0
132.0
365.0
131.0
366.0
162.0
396.0
144.0
162.0
149.0
137.0
167.0
166.0
175.0
137.0
167.0
145.0
165.0
171.0
176.0
164.0
143.0
175.0
376.0
155.0
165.0
144.0
137.0
151.0
438.0
150.0
131.0
145.0
138.0
481.0
173.0
141.0
152.0
146.0
135.0
138.0
160.0
146.0
373.0
172.0
424.0
495.0
459.0
162.0
494.0
407.0
414.0
453.0
476.0
447.0
484.0
424.0
397.0
408.0
490.0
378.0
383.0
397.0
141.0
144.0
142.0
131.0
145.0
167.0
130.0
142.0
151.0
154.0
152.0
458.0
392.0
381.0
468.0
419.0
396.0
158.0
170.0
158.0
155.0
172.0
135.0
170.0
475.0
134.0
168.0
174.0
132.0
133.0
176.0
136.0
154.0
158.0
131.0
172.0
175.0
138.0
172.0
153.0
175.0
141.0
161.0
440.0
159.0
157.0
162.0
140.0
166.0
133.0
139.0
436.0
369.0
493.0
384.0
373.0
450.0
375.0
460.0
441.0
406.0
437.0
436.0
172.0
168.0
134.0
131.0
174.0
131.0
167.0
168.0
381.0
168.0
133.0
164.0
167.0
153.0
132.0
152.0
174.0
177.0
162.0
163.0
144.0
154.0
152.0
168.0
141.0
140.0
136.0
398.0
162.0
134.0
150.0
386.0
151.0
173.0
176.0
157.0
135.0
151.0
152.0
163.0
158.0
172.0
156.0
135.0
150.0
494.0
168.0
148.0
436.0
139.0
399.0
176.0
467.0
171.0
131.0
139.0
167.0
161.0
157.0
158.0
137.0
139.0
164.0
176.0
154.0
165.0
160.0
118.0
156.0
482.0
141.0
131.0
137.0
172.0
164.0
405.0
150.0
151.0
135.0
156.0
378.0
138.0
157.0
166.0
157.0
174.0
171.0
132.0
154.0
439.0
132.0
374.0
378.0
383.0
150.0
385.0
386.0
418.0
373.0
409.0
406.0
378.0
484.0
460.0
451.0
436.0
467.0
377.0
400.0
149.0
132.0
144.0
150.0
160.0
170.0
136.0
146.0
134.0
170.0
163.0
366.0
379.0
389.0
419.0
438.0
412.0
132.0
138.0
157.0
175.0
195.0
136.0
176.0
485.0
167.0
158.0
139.0
166.0
164.0
159.0
160.0
171.0
131.0
138.0
161.0
138.0
160.0
152.0
161.0
150.0
136.0
144.0
367.0
139.0
143.0
165.0
130.0
142.0
145.0
165.0
443.0
463.0
387.0
490.0
391.0
427.0
399.0
393.0
461.0
454.0
487.0
434.0
130.0
151.0
152.0
140.0
133.0
152.0
143.0
171.0
440.0
174.0
167.0
130.0
151.0
157.0
167.0
169.0
134.0
147.0
170.0
140.0
153.0
136.0
153.0
130.0
137.0
148.0
157.0
409.0
168.0
132.0
131.0
397.0
147.0
151.0
156.0
132.0
155.0
155.0
164.0
133.0
146.0
159.0
155.0
136.0
131.0
382.0
142.0
140.0
406.0
157.0
458.0
155.0
434.0
134.0
141.0
139.0
142.0
170.0
145.0
171.0
133.0
136.0
142.0
131.0
172.0
135.0
167.0
152.0
149.0
461.0
177.0
167.0
177.0
162.0
147.0
395.0
134.0
174.0
164.0
149.0
451.0
142.0
143.0
153.0
163.0
137.0
176.0
153.0
143.0
476.0
141.0
372.0
378.0
365.0
150.0
379.0
431.0
457.0
450.0
410.0
490.0
373.0
369.0
455.0
367.0
451.0
382.0
412.0
374.0
147.0
155.0
176.0
141.0
150.0
159.0
173.0
144.0
132.0
172.0
174.0
459.0
403.0
466.0
465.0
494.0
464.0
145.0
176.0
162.0
196.0
171.0
153.0
139.0
394.0
143.0
167.0
135.0
160.0
146.0
137.0
147.0
148.0
174.0
166.0
175.0
172.0
147.0
164.0
160.0
165.0
155.0
173.0
367.0
138.0
170.0
152.0
175.0
154.0
155.0
146.0
487.0
387.0
407.0
490.0
418.0
471.0
401.0
410.0
448.0
401.0
454.0
492.0
164.0
159.0
162.0
176.0
136.0
146.0
144.0
137.0
457.0
164.0
150.0
139.0
166.0
163.0
148.0
154.0
131.0
160.0
176.0
152.0
159.0
144.0
134.0
163.0
149.0
151.0
150.0
393.0
155.0
137.0
165.0
385.0
135.0
153.0
170.0
152.0
143.0
161.0
177.0
172.0
167.0
133.0
163.0
139.0
143.0
424.0
132.0
139.0
462.0
174.0
454.0
142.0
421.0
140.0
163.0
140.0
161.0
176.0
154.0
174.0
164.0
163.0
161.0
135.0
143.0
153.0
144.0
140.0
157.0
484.0
153.0
142.0
136.0
162.0
168.0
371.0
145.0
160.0
170.0
132.0
467.0
168.0
147.0
148.0
144.0
170.0
157.0
160.0
170.0
442.0
156.0
466.0
487.0
436.0
167.0
420.0
429.0
387.0
426.0
377.0
454.0
449.0
482.0
404.0
443.0
407.0
381.0
481.0
461.0
135.0
171.0
169.0
158.0
146.0
134.0
154.0
167.0
135.0
130.0
131.0
453.0
364.0
394.0
383.0
407.0
446.0
144.0
136.0
133.0
178.0
153.0
135.0
146.0
489.0
139.0
133.0
149.0
175.0
162.0
169.0
137.0
157.0
170.0
169.0
132.0
153.0
175.0
147.0
171.0
132.0
175.0
147.0
491.0
158.0
166.0
154.0
135.0
142.0
173.0
165.0
381.0
452.0
414.0
401.0
488.0
448.0
453.0
445.0
441.0
451.0
453.0
392.0
154.0
168.0
171.0
172.0
139.0
144.0
163.0
176.0
449.0
132.0
157.0
171.0
166.0
156.0
147.0
161.0
139.0
148.0
155.0
156.0
141.0
168.0
156.0
160.0
127.0
149.0
168.0
399.0
172.0
132.0
145.0
474.0
171.0
162.0
131.0
163.0
165.0
176.0
151.0
166.0
171.0
173.0
177.0
132.0
134.0
376.0
132.0
170.0
479.0
161.0
473.0
159.0
363.0
157.0
161.0
157.0
153.0
130.0
166.0
166.0
142.0
138.0
146.0
176.0
176.0
153.0
133.0
145.0
172.0
369.0
143.0
165.0
163.0
135.0
170.0
473.0
152.0
154.0
140.0
175.0
432.0
164.0
132.0
134.0
169.0
160.0
160.0
141.0
172.0
412.0
135.0
405.0
430.0
481.0
164.0
444.0
483.0
485.0
371.0
488.0
481.0
443.0
483.0
451.0
405.0
475.0
371.0
476.0
458.0
151.0
146.0
159.0
137.0
141.0
152.0
141.0
151.0
167.0
174.0
156.0
427.0
468.0
427.0
489.0
374.0
484.0
145.0
158.0
169.0
174.0
153.0
130.0
164.0
410.0
147.0
138.0
157.0
144.0
148.0
153.0
156.0
176.0
157.0
149.0
137.0
132.0
143.0
161.0
165.0
175.0
133.0
149.0
394.0
134.0
139.0
153.0
159.0
175.0
155.0
165.0
429.0
371.0
438.0
404.0
456.0
476.0
448.0
489.0
449.0
454.0
383.0
372.0
139.0
165.0
152.0
176.0
173.0
149.0
177.0
151.0
395.0
157.0
148.0
168.0
165.0
164.0
176.0
166.0
159.0
174.0
175.0
135.0
134.0
132.0
161.0
166.0
122.0
159.0
145.0
481.0
166.0
154.0
170.0
364.0
134.0
141.0
158.0
140.0
153.0
137.0
146.0
146.0
170.0
156.0
160.0
132.0
176.0
492.0
155.0
170.0
382.0
135.0
367.0
176.0
459.0
158.0
138.0
175.0
153.0
143.0
143.0
141.0
166.0
161.0
170.0
177.0
156.0
166.0
139.0
130.0
141.0
459.0
166.0
169.0
154.0
157.0
165.0
480.0
170.0
136.0
143.0
133.0
418.0
141.0
165.0
139.0
138.0
141.0
155.0
147.0
168.0
468.0
143.0
460.0
472.0
438.0
176.0
377.0
418.0
470.0
477.0
434.0
429.0
425.0
382.0
413.0
472.0
376.0
398.0
448.0
484.0
158.0
174.0
144.0
154.0
164.0
140.0
139.0
153.0
171.0
151.0
152.0
455.0
433.0
458.0
474.0
369.0
414.0
145.0
130.0
161.0
153.0
163.0
131.0
142.0
455.0
150.0
157.0
166.0
163.0
142.0
148.0
132.0
132.0
141.0
131.0
130.0
167.0
149.0
138.0
164.0
131.0
155.0
176.0
398.0
152.0
139.0
168.0
139.0
137.0
162.0
133.0
378.0
423.0
418.0
407.0
461.0
482.0
400.0
397.0
400.0
372.0
472.0
377.0
130.0
160.0
157.0
156.0
160.0
158.0
165.0
146.0
429.0
174.0
176.0
172.0
175.0
146.0
138.0
172.0
143.0
172.0
148.0
156.0
134.0
164.0
133.0
174.0
118.0
172.0
168.0
450.0
175.0
142.0
166.0
476.0
142.0
135.0
159.0
136.0
175.0
153.0
167.0
175.0
166.0
165.0
136.0
164.0
138.0
465.0
166.0
152.0
397.0
171.0
480.0
165.0
366.0
136.0
161.0
152.0
146.0
173.0
134.0
159.0
163.0
168.0
144.0
172.0
150.0
176.0
130.0
116.0
176.0
369.0
172.0
155.0
146.0
161.0
144.0
450.0
176.0
154.0
138.0
140.0
456.0
159.0
150.0
136.0
139.0
169.0
145.0
172.0
143.0
478.0
177.0
450.0
410.0
479.0
159.0
478.0
381.0
450.0
493.0
383.0
474.0
400.0
481.0
370.0
447.0
368.0
397.0
452.0
457.0
152.0
155.0
144.0
149.0
141.0
163.0
155.0
142.0
176.0
151.0
161.0
492.0
423.0
450.0
395.0
420.0
425.0
162.0
175.0
156.0
188.0
157.0
144.0
153.0
471.0
162.0
130.0
146.0
162.0
176.0
163.0
161.0
176.0
152.0
150.0
132.0
149.0
153.0
143.0
134.0
175.0
148.0
172.0
488.0
143.0
144.0
171.0
162.0
155.0
164.0
176.0
371.0
449.0
466.0
391.0
398.0
365.0
488.0
450.0
364.0
470.0
402.0
472.0
163.0
172.0
168.0
136.0
173.0
162.0
145.0
147.0
390.0
150.0
133.0
154.0
175.0
132.0
167.0
138.0
166.0
134.0
130.0
162.0
175.0
168.0
135.0
142.0
137.0
136.0
166.0
378.0
165.0
149.0
155.0
410.0
176.0
165.0
138.0
170.0
152.0
153.0
138.0
159.0
161.0
154.0
160.0
148.0
159.0
460.0
143.0
142.0
491.0
154.0
427.0
166.0
370.0
164.0
145.0
164.0
169.0
154.0
144.0
156.0
171.0
141.0
136.0
134.0
157.0
175.0
163.0
115.0
133.0
427.0
132.0
168.0
153.0
132.0
138.0
429.0
134.0
164.0
177.0
159.0
472.0
155.0
148.0
132.0
149.0
166.0
160.0
173.0
150.0
454.0
151.0
405.0
436.0
370.0
150.0
413.0
379.0
484.0
449.0
440.0
437.0
432.0
454.0
474.0
435.0
439.0
404.0
379.0
465.0
174.0
164.0
152.0
164.0
153.0
174.0
165.0
171.0
136.0
165.0
149.0
379.0
439.0
426.0
380.0
430.0
465.0
137.0
146.0
152.0
163.0
159.0
152.0
131.0
483.0
141.0
173.0
131.0
161.0
172.0
175.0
170.0
131.0
156.0
172.0
161.0
152.0
175.0
152.0
171.0
131.0
160.0
132.0
405.0
159.0
164.0
140.0
159.0
158.0
138.0
176.0
409.0
451.0
443.0
422.0
413.0
435.0
479.0
451.0
384.0
487.0
445.0
400.0
132.0
156.0
158.0
172.0
167.0
151.0
157.0
154.0
491.0
169.0
134.0
143.0
168.0
176.0
139.0
150.0
158.0
138.0
138.0
147.0
133.0
163.0
166.0
172.0
111.0
133.0
151.0
407.0
174.0
145.0
165.0
377.0
140.0
133.0
153.0
159.0
138.0
152.0
171.0
172.0
156.0
140.0
151.0
138.0
147.0
438.0
142.0
154.0
446.0
166.0
392.0
167.0
377.0
143.0
177.0
131.0
151.0
130.0
138.0
172.0
162.0
136.0
162.0
147.0
133.0
146.0
137.0
133.0
148.0
460.0
154.0
157.0
153.0
147.0
139.0
453.0
153.0
149.0
145.0
135.0
373.0
150.0
155.0
172.0
167.0
139.0
136.0
137.0
133.0
491.0
143.0
397.0
455.0
397.0
162.0
368.0
462.0
423.0
427.0
430.0
389.0
479.0
413.0
454.0
468.0
376.0
456.0
455.0
369.0
159.0
148.0
132.0
133.0
135.0
130.0
172.0
174.0
137.0
134.0
161.0
454.0
464.0
447.0
413.0
365.0
411.0
153.0
144.0
157.0
154.0
202.0
134.0
138.0
364.0
145.0
155.0
143.0
130.0
168.0
143.0
170.0
158.0
171.0
149.0
141.0
170.0
131.0
158.0
158.0
175.0
154.0
146.0
399.0
157.0
151.0
151.0
176.0
175.0
132.0
163.0
446.0
407.0
368.0
429.0
418.0
486.0
459.0
471.0
389.0
448.0
425.0
467.0
150.0
143.0
135.0
166.0
144.0
174.0
176.0
166.0
437.0
163.0
150.0
150.0
155.0
133.0
172.0
131.0
171.0
158.0
131.0
145.0
149.0
150.0
153.0
175.0
118.0
143.0
140.0
478.0
173.0
160.0
153.0
367.0
156.0
139.0
134.0
142.0
164.0
130.0
176.0
134.0
137.0
171.0
175.0
167.0
160.0
453.0
167.0
140.0
455.0
133.0
446.0
174.0
437.0
148.0
145.0
164.0
149.0
163.0
141.0
163.0
155.0
173.0
136.0
150.0
132.0
159.0
134.0
143.0
150.0
403.0
155.0
149.0
168.0
153.0
172.0
380.0
169.0
158.0
140.0
169.0
457.0
154.0
137.0
135.0
151.0
146.0
171.0
142.0
164.0
485.0
171.0
385.0
442.0
469.0
164.0
388.0
400.0
471.0
406.0
384.0
419.0
462.0
382.0
478.0
461.0
414.0
412.0
372.0
379.0
132.0
140.0
152.0
135.0
155.0
160.0
151.0
171.0
167.0
143.0
151.0
451.0
371.0
398.0
392.0
462.0
387.0
149.0
150.0
175.0
158.0
188.0
143.0
151.0
379.0
132.0
136.0
160.0
139.0
158.0
146.0
172.0
149.0
151.0
167.0
165.0
152.0
159.0
161.0
161.0
158.0
140.0
163.0
451.0
160.0
155.0
175.0
145.0
162.0
165.0
147.0
456.0
372.0
381.0
397.0
447.0
391.0
466.0
420.0
400.0
442.0
418.0
493.0
160.0
145.0
167.0
158.0
162.0
150.0
163.0
168.0
416.0
144.0
155.0
138.0
155.0
166.0
140.0
168.0
132.0
169.0
148.0
149.0
165.0
162.0
168.0
158.0
119.0
130.0
172.0
468.0
139.0
154.0
131.0
416.0
153.0
175.0
133.0
131.0
175.0
156.0
138.0
147.0
133.0
134.0
173.0
167.0
139.0
419.0
131.0
166.0
458.0
137.0
460.0
149.0
434.0
153.0
141.0
144.0
175.0
168.0
159.0
138.0
146.0
137.0
156.0
159.0
130.0
132.0
161.0
137.0
137.0
376.0
169.0
151.0
160.0
137.0
154.0
438.0
143.0
150.0
154.0
148.0
469.0
149.0
157.0
165.0
153.0
166.0
141.0
137.0
140.0
414.0
151.0
445.0
457.0
400.0
171.0
409.0
467.0
380.0
383.0
451.0
375.0
443.0
419.0
490.0
468.0
455.0
443.0
447.0
474.0
163.0
161.0
135.0
137.0
162.0
164.0
155.0
154.0
159.0
154.0
163.0
399.0
389.0
477.0
420.0
373.0
401.0
132.0
142.0
134.0
189.0
155.0
135.0
154.0
375.0
153.0
164.0
157.0
137.0
144.0
153.0
130.0
149.0
160.0
146.0
158.0
159.0
164.0
163.0
166.0
141.0
143.0
155.0
369.0
152.0
130.0
144.0
157.0
149.0
138.0
130.0
427.0
389.0
414.0
487.0
450.0
383.0
482.0
444.0
368.0
409.0
380.0
371.0
157.0
137.0
146.0
156.0
161.0
152.0
155.0
141.0
406.0
174.0
130.0
150.0
170.0
148.0
141.0
153.0
147.0
170.0
174.0
153.0
158.0
154.0
147.0
138.0
113.0
137.0
157.0
468.0
170.0
159.0
166.0
490.0
166.0
131.0
136.0
157.0
138.0
145.0
132.0
144.0
164.0
151.0
175.0
151.0
174.0
392.0
172.0
175.0
405.0
173.0
397.0
174.0
450.0
169.0
132.0
135.0
174.0
149.0
133.0
168.0
132.0
130.0
158.0
157.0
165.0
171.0
153.0
136.0
176.0
400.0
172.0
147.0
165.0
173.0
174.0
379.0
141.0
157.0
172.0
155.0
449.0
141.0
132.0
135.0
142.0
171.0
132.0
152.0
141.0
400.0
147.0
461.0
446.0
415.0
152.0
392.0
422.0
412.0
441.0
427.0
434.0
435.0
369.0
414.0
492.0
387.0
486.0
451.0
491.0
149.0
150.0
135.0
158.0
172.0
165.0
150.0
172.0
135.0
132.0
154.0
487.0
412.0
406.0
418.0
388.0
449.0
145.0
147.0
134.0
166.0
156.0
167.0
158.0
444.0
149.0
130.0
155.0
174.0
164.0
132.0
145.0
144.0
155.0
164.0
132.0
154.0
132.0
138.0
164.0
172.0
161.0
142.0
483.0
161.0
156.0
154.0
161.0
169.0
166.0
161.0
477.0
413.0
442.0
492.0
477.0
420.0
442.0
446.0
449.0
462.0
438.0
385.0
134.0
156.0
170.0
166.0
141.0
154.0
156.0
156.0
386.0
155.0
171.0
156.0
153.0
162.0
175.0
163.0
171.0
144.0
170.0
143.0
162.0
130.0
158.0
159.0
138.0
156.0
154.0
446.0
150.0
149.0
172.0
370.0
146.0
148.0
142.0
136.0
145.0
141.0
148.0
176.0
159.0
159.0
172.0
144.0
136.0
454.0
145.0
171.0
397.0
170.0
448.0
172.0
456.0
170.0
170.0
151.0
155.0
145.0
175.0
153.0
149.0
172.0
172.0
177.0
133.0
177.0
151.0
125.0
137.0
372.0
171.0
135.0
176.0
176.0
160.0
447.0
135.0
166.0
137.0
142.0
436.0
176.0
175.0
173.0
133.0
142.0
136.0
159.0
176.0
483.0
151.0
490.0
393.0
452.0
139.0
449.0
471.0
477.0
455.0
462.0
471.0
446.0
394.0
372.0
425.0
364.0
432.0
493.0
385.0
130.0
139.0
156.0
146.0
171.0
173.0
162.0
155.0
148.0
130.0
167.0
375.0
449.0
457.0
394.0
413.0
468.0
157.0
144.0
151.0
197.0
177.0
162.0
150.0
485.0
139.0
159.0
139.0
164.0
132.0
144.0
137.0
163.0
135.0
134.0
169.0
166.0
162.0
154.0
136.0
148.0
144.0
144.0
383.0
133.0
149.0
133.0
164.0
133.0
154.0
175.0
446.0
380.0
491.0
436.0
441.0
428.0
449.0
395.0
471.0
490.0
423.0
391.0
160.0
150.0
137.0
133.0
149.0
171.0
134.0
176.0
472.0
153.0
170.0
147.0
146.0
133.0
168.0
175.0
143.0
137.0
176.0
150.0
160.0
170.0
133.0
134.0
122.0
156.0
146.0
414.0
139.0
153.0
150.0
379.0
162.0
145.0
169.0
157.0
146.0
165.0
143.0
176.0
137.0
139.0
140.0
139.0
149.0
379.0
148.0
144.0
459.0
170.0
485.0
162.0
489.0
168.0
161.0
149.0
143.0
139.0
151.0
156.0
135.0
141.0
162.0
151.0
147.0
132.0
156.0
147.0
153.0
402.0
148.0
174.0
173.0
152.0
138.0
376.0
143.0
147.0
155.0
156.0
397.0
135.0
135.0
167.0
172.0
168.0
154.0
142.0
132.0
427.0
147.0
425.0
468.0
411.0
163.0
457.0
436.0
383.0
404.0
420.0
470.0
368.0
389.0
485.0
469.0
466.0
439.0
465.0
457.0
168.0
140.0
147.0
132.0
144.0
161.0
140.0
145.0
168.0
170.0
136.0
388.0
455.0
392.0
399.0
460.0
429.0
145.0
165.0
152.0
158.0
166.0
141.0
139.0
387.0
167.0
171.0
132.0
151.0
169.0
146.0
132.0
151.0
158.0
164.0
132.0
143.0
164.0
173.0
142.0
133.0
176.0
148.0
395.0
148.0
161.0
160.0
141.0
170.0
149.0
166.0
413.0
426.0
421.0
465.0
364.0
472.0
384.0
451.0
380.0
439.0
446.0
438.0
163.0
153.0
161.0
139.0
155.0
158.0
136.0
154.0
438.0
145.0
132.0
152.0
142.0
157.0
148.0
175.0
134.0
146.0
157.0
162.0
143.0
135.0
151.0
146.0
143.0
134.0
176.0
406.0
147.0
150.0
161.0
493.0
131.0
149.0
176.0
176.0
169.0
163.0
135.0
152.0
158.0
170.0
159.0
131.0
153.0
489.0
172.0
150.0
394.0
169.0
455.0
132.0
433.0
141.0
132.0
133.0
169.0
142.0
135.0
138.0
157.0
148.0
137.0
133.0
165.0
140.0
142.0
116.0
177.0
488.0
172.0
140.0
170.0
168.0
146.0
376.0
132.0
176.0
135.0
147.0
422.0
140.0
165.0
148.0
152.0
165.0
168.0
140.0
176.0
369.0
149.0
492.0
473.0
394.0
158.0
416.0
469.0
427.0
370.0
448.0
411.0
485.0
409.0
399.0
446.0
383.0
440.0
393.0
436.0
132.0
132.0
136.0
175.0
160.0
144.0
145.0
136.0
137.0
169.0
139.0
386.0
439.0
394.0
378.0
493.0
403.0
151.0
167.0
172.0
189.0
176.0
165.0
145.0
428.0
163.0
154.0
162.0
131.0
139.0
161.0
167.0
161.0
150.0
155.0
134.0
156.0
142.0
159.0
172.0
174.0
147.0
168.0
384.0
162.0
141.0
164.0
149.0
156.0
160.0
152.0
385.0
373.0
439.0
476.0
478.0
492.0
381.0
391.0
480.0
458.0
363.0
421.0
145.0
156.0
148.0
167.0
177.0
176.0
156.0
153.0
376.0
158.0
152.0
146.0
134.0
177.0
174.0
170.0
157.0
169.0
149.0
140.0
172.0
139.0
153.0
175.0
126.0
146.0
152.0
398.0
171.0
177.0
159.0
452.0
144.0
174.0
134.0
166.0
140.0
158.0
162.0
160.0
164.0
169.0
160.0
170.0
142.0
378.0
147.0
159.0
472.0
173.0
467.0
156.0
374.0
164.0
159.0
156.0
134.0
145.0
169.0
145.0
163.0
135.0
176.0
157.0
171.0
154.0
151.0
117.0
149.0
488.0
151.0
152.0
133.0
162.0
154.0
381.0
162.0
167.0
168.0
148.0
486.0
166.0
150.0
170.0
139.0
167.0
156.0
177.0
130.0
438.0
143.0
489.0
435.0
367.0
134.0
450.0
372.0
461.0
453.0
434.0
493.0
436.0
444.0
395.0
412.0
462.0
430.0
368.0
466.0
130.0
149.0
173.0
168.0
160.0
134.0
154.0
165.0
135.0
160.0
153.0
404.0
477.0
425.0
466.0
400.0
444.0
159.0
174.0
146.0
207.0
157.0
164.0
165.0
374.0
155.0
141.0
153.0
143.0
152.0
155.0
134.0
141.0
166.0
152.0
133.0
141.0
152.0
138.0
175.0
135.0
161.0
148.0
383.0
140.0
147.0
161.0
139.0
163.0
156.0
131.0
394.0
441.0
439.0
451.0
431.0
432.0
470.0
476.0
431.0
402.0
404.0
480.0
168.0
155.0
164.0
132.0
171.0
174.0
161.0
165.0
428.0
135.0
151.0
141.0
143.0
132.0
167.0
170.0
159.0
146.0
175.0
144.0
133.0
137.0
151.0
168.0
149.0
144.0
176.0
474.0
154.0
172.0
164.0
476.0
156.0
162.0
173.0
153.0
148.0
167.0
131.0
162.0
131.0
152.0
159.0
176.0
163.0
404.0
137.0
134.0
442.0
172.0
426.0
136.0
437.0
158.0
174.0
137.0
171.0
153.0
136.0
149.0
135.0
141.0
167.0
168.0
176.0
149.0
150.0
138.0
154.0
472.0
160.0
133.0
175.0
164.0
138.0
382.0
145.0
164.0
135.0
173.0
435.0
139.0
134.0
172.0
154.0
146.0
176.0
150.0
147.0
485.0
157.0
416.0
379.0
470.0
159.0
475.0
418.0
425.0
434.0
436.0
443.0
388.0
380.0
474.0
492.0
466.0
383.0
485.0
439.0
168.0
140.0
158.0
172.0
164.0
166.0
142.0
150.0
151.0
165.0
142.0
368.0
412.0
431.0
420.0
406.0
437.0
134.0
132.0
156.0
200.0
169.0
155.0
132.0
391.0
140.0
171.0
171.0
134.0
146.0
149.0
139.0
139.0
156.0
154.0
164.0
167.0
132.0
144.0
141.0
171.0
148.0
145.0
485.0
162.0
163.0
133.0
130.0
131.0
148.0
157.0
371.0
492.0
393.0
418.0
486.0
449.0
415.0
384.0
369.0
455.0
474.0
452.0
164.0
161.0
146.0
136.0
153.0
159.0
168.0
160.0
480.0
151.0
164.0
154.0
130.0
175.0
132.0
176.0
161.0
154.0
167.0
167.0
144.0
163.0
174.0
162.0
140.0
168.0
159.0
363.0
142.0
155.0
169.0
364.0
141.0
145.0
166.0
144.0
159.0
156.0
169.0
159.0
130.0
140.0
165.0
131.0
174.0
456.0
146.0
133.0
449.0
140.0
391.0
153.0
488.0
159.0
167.0
156.0
172.0
162.0
174.0
135.0
139.0
152.0
135.0
130.0
132.0
167.0
151.0
123.0
138.0
396.0
153.0
150.0
158.0
152.0
150.0
448.0
161.0
176.0
171.0
162.0
474.0
152.0
173.0
131.0
160.0
138.0
158.0
141.0
159.0
382.0
136.0
469.0
396.0
430.0
170.0
462.0
400.0
405.0
386.0
366.0
434.0
460.0
420.0
407.0
452.0
485.0
404.0
465.0
381.0
155.0
134.0
162.0
143.0
168.0
137.0
150.0
160.0
168.0
140.0
134.0
415.0
378.0
418.0
384.0
372.0
494.0
140.0
177.0
156.0
154.0
185.0
141.0
132.0
446.0
139.0
165.0
172.0
175.0
139.0
162.0
172.0
130.0
143.0
164.0
170.0
136.0
170.0
160.0
153.0
136.0
143.0
159.0
461.0
161.0
133.0
137.0
142.0
161.0
130.0
142.0
449.0
487.0
471.0
440.0
446.0
403.0
476.0
416.0
395.0
449.0
461.0
441.0
165.0
134.0
138.0
142.0
173.0
173.0
140.0
158.0
458.0
131.0
167.0
170.0
168.0
138.0
133.0
167.0
131.0
171.0
145.0
131.0
139.0
141.0
134.0
169.0
133.0
177.0
165.0
440.0
163.0
130.0
138.0
479.0
152.0
158.0
161.0
170.0
175.0
145.0
151.0
149.0
149.0
173.0
166.0
145.0
131.0
437.0
168.0
147.0
477.0
164.0
393.0
173.0
391.0
148.0
150.0
177.0
170.0
131.0
132.0
139.0
170.0
135.0
174.0
140.0
150.0
163.0
148.0
120.0
143.0
414.0
146.0
156.0
173.0
167.0
176.0
410.0
168.0
147.0
161.0
152.0
381.0
143.0
149.0
168.0
174.0
141.0
145.0
154.0
146.0
478.0
153.0
486.0
443.0
397.0
144.0
460.0
389.0
379.0
426.0
414.0
450.0
381.0
492.0
491.0
429.0
418.0
433.0
377.0
388.0
175.0
165.0
143.0
169.0
161.0
168.0
176.0
145.0
144.0
148.0
147.0
489.0
420.0
489.0
429.0
468.0
381.0
134.0
137.0
144.0
