I_BRKGA_178_6_30_7_CESP
178 6 30 495.0
61303.5
55785.5
58383.5
62028.5
55044.5
62850.5
63005.5
61679.5
61330.5
55463.5
62904.5
60222.5
58632.5
57048.5
58083.5
55688.5
60412.5
57783.5
57669.5
57894.5
57362.5
56225.5
59818.5
57769.5
59216.5
58831.5
61853.5
59255.5
60978.5
62554.5
0.03600236660230776
0.031846084863999376
0.03542574506561334
0.03259503516526242
0.037727739878006226
0.02686633960510245
0.03883677671939874
0.032157408140056395
0.03363054251344679
0.026914919495455592
0.0351211818955566
0.026790067745677947
0.0363978039751805
0.032871592305413644
0.03656593058181259
0.031610725130690354
0.03585715782499984
0.02966951162337673
0.038067455617473184
0.028157362583979578
0.03815591513276166
0.031148010150122044
0.03735492570451957
0.03311399563378474
0.03785276675989122
0.032747920092869434
0.03487633218127032
0.032307655337775854
0.03554520401551041
0.02378552765868469
115.0
123.0
116.0
115.0
108.0
127.0
2557.0
22.0
1261.0
1300.0
67.0
529.0
480.0
1231.0
35.0
515.0
116.0
179.0
44.0
338.0
249.0
370.0
59.0
318.0
225.0
487.0
216.0
1087.0
169.0
329.0
411.0
1294.0
2535.0
1092.0
1049.0
13.0
213.0
533.0
269.0
69.0
243.0
81.0
276.0
14.0
10.0
9.0
12.0
14.0
12.0
13.0
100.0
14.0
12.0
11.0
29.0
359.0
172.0
782.0
1346.0
543.0
351.0
1123.0
286.0
144.0
792.0
5144.0
5623.0
119.0
171.0
325.0
51.0
27.0
181.0
210.0
180.0
514.0
27.0
74.0
66.0
25.0
120.0
29.0
33.0
18.0
109.0
176.0
819.0
52.0
127.0
67.0
44.0
162.0
203.0
335.0
143.0
165.0
75.0
885.0
155.0
153.0
784.0
35.0
65.0
206.0
98.0
13.0
327.0
119.0
21.0
26.0
31.0
8.0
75.0
264.0
107.0
69.0
84.0
57.0
40.0
85.0
147.0
48.0
25.0
58.0
154.0
110.0
82.0
136.0
44.0
64.0
7.0
1643.0
56.0
119.0
54.0
46.0
624.0
841.0
119.0
1370.0
1087.0
26.0
120.0
115.0
272.0
6788.0
201.0
99.0
160.0
295.0
31.0
262.0
29.0
126.0
251.0
79.0
128.0
763.0
118.0
149.0
426.0
320.0
210.0
69.0
1259.0
123.0
126.0
68.0
93.0
112.0
19.0
258.0
193.0
349.0
175.0
37.0
71.0
51.0
192.0
225.0
314.0
199.0
884.0
1225.0
505.0
1224.0
33.0
536.0
119.0
178.0
45.0
342.0
270.0
385.0
59.0
306.0
234.0
482.0
198.0
1041.0
159.0
325.0
433.0
1351.0
2722.0
1111.0
1003.0
13.0
231.0
523.0
284.0
76.0
238.0
77.0
285.0
13.0
10.0
10.0
12.0
14.0
12.0
14.0
98.0
14.0
12.0
11.0
28.0
358.0
172.0
774.0
1335.0
565.0
342.0
1115.0
277.0
154.0
825.0
5381.0
5929.0
123.0
170.0
326.0
51.0
29.0
184.0
220.0
193.0
493.0
28.0
72.0
62.0
25.0
117.0
29.0
32.0
20.0
114.0
178.0
824.0
51.0
128.0
63.0
45.0
156.0
217.0
330.0
141.0
164.0
76.0
806.0
162.0
147.0
770.0
35.0
65.0
202.0
90.0
14.0
353.0
127.0
20.0
26.0
32.0
8.0
74.0
258.0
104.0
71.0
82.0
58.0
39.0
86.0
142.0
47.0
26.0
58.0
158.0
107.0
83.0
132.0
44.0
61.0
7.0
1606.0
56.0
118.0
55.0
46.0
628.0
799.0
112.0
1318.0
1140.0
26.0
117.0
114.0
261.0
6322.0
213.0
98.0
156.0
297.0
32.0
260.0
30.0
123.0
260.0
76.0
134.0
799.0
118.0
157.0
463.0
313.0
216.0
67.0
1278.0
131.0
125.0
67.0
91.0
112.0
20.0
260.0
207.0
374.0
171.0
38.0
71.0
51.0
194.0
240.0
319.0
191.0
890.0
1209.0
505.0
1257.0
35.0
560.0
116.0
181.0
48.0
323.0
258.0
376.0
60.0
319.0
214.0
470.0
209.0
1067.0
159.0
348.0
418.0
1348.0
2695.0
1077.0
1034.0
12.0
226.0
532.0
295.0
70.0
246.0
76.0
293.0
14.0
10.0
10.0
11.0
14.0
12.0
13.0
96.0
14.0
12.0
11.0
27.0
367.0
157.0
782.0
1351.0
555.0
333.0
1154.0
285.0
157.0
819.0
5181.0
5442.0
124.0
168.0
326.0
49.0
29.0
177.0
216.0
192.0
496.0
28.0
76.0
62.0
26.0
120.0
27.0
32.0
18.0
110.0
171.0
872.0
50.0
131.0
67.0
45.0
163.0
211.0
322.0
150.0
170.0
70.0
862.0
157.0
150.0
749.0
38.0
62.0
210.0
97.0
14.0
327.0
118.0
20.0
24.0
31.0
8.0
73.0
275.0
109.0
69.0
85.0
56.0
39.0
86.0
142.0
49.0
26.0
56.0
153.0
101.0
87.0
127.0
44.0
64.0
7.0
1527.0
57.0
110.0
54.0
46.0
651.0
828.0
117.0
1384.0
1118.0
25.0
116.0
117.0
275.0
6732.0
213.0
99.0
167.0
294.0
32.0
282.0
30.0
128.0
242.0
77.0
137.0
791.0
118.0
146.0
422.0
329.0
210.0
68.0
1219.0
126.0
126.0
67.0
85.0
120.0
19.0
264.0
191.0
357.0
164.0
38.0
65.0
50.0
186.0
240.0
318.0
197.0
835.0
1270.0
505.0
1288.0
33.0
554.0
113.0
188.0
47.0
324.0
260.0
366.0
58.0
314.0
227.0
472.0
199.0
1116.0
162.0
332.0
428.0
1315.0
2540.0
1095.0
952.0
12.0
215.0
537.0
286.0
74.0
245.0
78.0
297.0
13.0
10.0
10.0
11.0
14.0
12.0
13.0
97.0
14.0
12.0
11.0
27.0
354.0
163.0
828.0
1375.0
599.0
329.0
1118.0
272.0
154.0
827.0
5519.0
5975.0
124.0
164.0
306.0
51.0
27.0
191.0
208.0
181.0
509.0
26.0
74.0
65.0
27.0
124.0
27.0
33.0
20.0
111.0
175.0
859.0
52.0
125.0
62.0
46.0
156.0
213.0
319.0
151.0
164.0
76.0
875.0
166.0
147.0
742.0
38.0
63.0
199.0
96.0
14.0
322.0
120.0
21.0
26.0
31.0
8.0
73.0
271.0
103.0
71.0
91.0
59.0
39.0
83.0
145.0
48.0
25.0
56.0
161.0
104.0
81.0
138.0
45.0
64.0
7.0
1552.0
55.0
118.0
56.0
45.0
611.0
847.0
120.0
1357.0
1127.0
26.0
113.0
111.0
257.0
6598.0
205.0
96.0
167.0
275.0
33.0
276.0
29.0
129.0
242.0
78.0
135.0
766.0
114.0
157.0
419.0
319.0
219.0
71.0
1280.0
129.0
122.0
68.0
92.0
119.0
19.0
255.0
187.0
344.0
165.0
38.0
70.0
51.0
191.0
225.0
293.0
195.0
851.0
1204.0
508.0
1344.0
36.0
508.0
118.0
180.0
46.0
351.0
266.0
388.0
61.0
304.0
233.0
505.0
208.0
1043.0
157.0
353.0
431.0
1398.0
2610.0
1063.0
1018.0
12.0
215.0
534.0
283.0
72.0
241.0
76.0
280.0
14.0
10.0
10.0
12.0
13.0
12.0
14.0
93.0
14.0
12.0
11.0
28.0
354.0
159.0
816.0
1294.0
567.0
353.0
1122.0
293.0
147.0
872.0
5499.0
5599.0
122.0
157.0
308.0
50.0
27.0
175.0
217.0
183.0
506.0
28.0
77.0
66.0
26.0
124.0
29.0
31.0
18.0
113.0
173.0
842.0
52.0
118.0
64.0
46.0
158.0
220.0
325.0
150.0
163.0
75.0
845.0
154.0
152.0
773.0
38.0
65.0
213.0
89.0
14.0
345.0
125.0
19.0
24.0
32.0
8.0
74.0
255.0
106.0
73.0
85.0
56.0
38.0
83.0
152.0
47.0
27.0
58.0
158.0
108.0
81.0
127.0
44.0
65.0
7.0
1566.0
57.0
116.0
58.0
47.0
601.0
809.0
121.0
1356.0
1083.0
25.0
120.0
112.0
269.0
6195.0
202.0
99.0
156.0
278.0
32.0
284.0
30.0
121.0
246.0
78.0
132.0
800.0
124.0
159.0
454.0
324.0
221.0
70.0
1200.0
122.0
125.0
71.0
94.0
117.0
19.0
265.0
200.0
372.0
173.0
37.0
70.0
50.0
195.0
242.0
298.0
194.0
866.0
1297.0
509.0
1343.0
33.0
506.0
109.0
186.0
47.0
344.0
261.0
389.0
56.0
311.0
217.0
459.0
206.0
1028.0
165.0
341.0
449.0
1335.0
2601.0
1028.0
1005.0
12.0
211.0
544.0
288.0
71.0
239.0
78.0
285.0
14.0
10.0
9.0
12.0
14.0
12.0
13.0
100.0
13.0
11.0
12.0
28.0
350.0
158.0
833.0
1373.0
595.0
328.0
1161.0
297.0
150.0
831.0
5090.0
5662.0
130.0
164.0
307.0
49.0
27.0
187.0
208.0
180.0
521.0
28.0
78.0
67.0
25.0
124.0
29.0
30.0
20.0
114.0
172.0
843.0
49.0
130.0
67.0
44.0
153.0
202.0
325.0
155.0
170.0
73.0
821.0
166.0
144.0
787.0
35.0
60.0
208.0
90.0
14.0
341.0
125.0
21.0
25.0
29.0
8.0
70.0
254.0
113.0
73.0
84.0
55.0
39.0
82.0
150.0
45.0
25.0
58.0
162.0
101.0
80.0
137.0
45.0
63.0
7.0
1606.0
57.0
119.0
54.0
44.0
615.0
846.0
121.0
1339.0
1130.0
25.0
115.0
109.0
270.0
6798.0
208.0
96.0
153.0
290.0
31.0
265.0
29.0
127.0
253.0
77.0
135.0
782.0
113.0
148.0
432.0
302.0
212.0
69.0
1267.0
130.0
121.0
68.0
92.0
117.0
20.0
255.0
187.0
359.0
158.0
39.0
67.0
48.0
202.0
240.0
319.0
194.0
869.0
1268.0
510.0
1312.0
35.0
546.0
116.0
190.0
47.0
334.0
262.0
385.0
60.0
298.0
218.0
487.0
212.0
1068.0
157.0
353.0
444.0
1279.0
2599.0
1058.0
1041.0
13.0
215.0
542.0
281.0
73.0
245.0
77.0
295.0
14.0
10.0
10.0
12.0
14.0
12.0
13.0
97.0
13.0
12.0
12.0
29.0
339.0
171.0
832.0
1299.0
551.0
332.0
1121.0
296.0
149.0
875.0
5354.0
5768.0
127.0
173.0
312.0
48.0
28.0
181.0
222.0
180.0
522.0
28.0
74.0
62.0
26.0
123.0
29.0
33.0
19.0
113.0
178.0
901.0
53.0
119.0
65.0
42.0
165.0
203.0
332.0
150.0
160.0
72.0
870.0
153.0
143.0
730.0
37.0
64.0
211.0
94.0
14.0
332.0
126.0
21.0
24.0
32.0
8.0
72.0
264.0
106.0
74.0
91.0
54.0
40.0
88.0
147.0
47.0
25.0
58.0
160.0
100.0
85.0
135.0
44.0
66.0
7.0
1574.0
59.0
109.0
56.0
45.0
599.0
843.0
112.0
1427.0
1089.0
25.0
116.0
109.0
259.0
6626.0
206.0
101.0
152.0
277.0
32.0
286.0
30.0
119.0
242.0
83.0
136.0
767.0
117.0
155.0
442.0
315.0
211.0
65.0
1281.0
133.0
121.0
71.0
87.0
120.0
20.0
261.0
202.0
350.0
158.0
38.0
68.0
50.0
202.0
242.0
295.0
190.0
830.0
1275.0
477.0
1268.0
33.0
548.0
117.0
182.0
47.0
344.0
249.0
377.0
57.0
304.0
227.0
478.0
212.0
1080.0
162.0
330.0
423.0
1360.0
2705.0
1006.0
1034.0
12.0
219.0
515.0
279.0
76.0
246.0
78.0
292.0
14.0
9.0
9.0
12.0
13.0
12.0
13.0
97.0
14.0
12.0
12.0
27.0
350.0
160.0
787.0
1308.0
551.0
343.0
1187.0
297.0
153.0
855.0
5152.0
5804.0
123.0
157.0
308.0
50.0
29.0
180.0
213.0
180.0
491.0
26.0
77.0
67.0
26.0
127.0
27.0
33.0
20.0
109.0
164.0
845.0
50.0
129.0
65.0
43.0
155.0
220.0
331.0
145.0
176.0
70.0
805.0
160.0
140.0
797.0
37.0
65.0
211.0
95.0
13.0
327.0
118.0
21.0
26.0
30.0
8.0
72.0
271.0
112.0
67.0
90.0
58.0
39.0
82.0
141.0
47.0
25.0
56.0
159.0
111.0
81.0
137.0
46.0
62.0
7.0
1557.0
59.0
111.0
55.0
44.0
610.0
811.0
121.0
1384.0
1107.0
26.0
123.0
112.0
274.0
6549.0
215.0
94.0
163.0
281.0
33.0
278.0
29.0
130.0
258.0
80.0
130.0
761.0
123.0
148.0
461.0
326.0
219.0
67.0
1276.0
129.0
120.0
69.0
87.0
120.0
18.0
256.0
200.0
374.0
168.0
39.0
65.0
52.0
200.0
230.0
306.0
187.0
844.0
1234.0
505.0
1231.0
35.0
554.0
109.0
191.0
46.0
336.0
264.0
398.0
57.0
304.0
218.0
472.0
204.0
1133.0
166.0
338.0
422.0
1309.0
2609.0
1096.0
971.0
13.0
225.0
557.0
280.0
71.0
245.0
76.0
282.0
14.0
10.0
9.0
12.0
14.0
11.0
14.0
92.0
14.0
11.0
11.0
27.0
374.0
173.0
780.0
1382.0
598.0
363.0
1190.0
279.0
157.0
822.0
5024.0
5863.0
129.0
166.0
303.0
50.0
27.0
188.0
219.0
195.0
484.0
28.0
73.0
65.0
26.0
116.0
28.0
32.0
19.0
109.0
178.0
853.0
53.0
124.0
65.0
42.0
165.0
206.0
319.0
144.0
175.0
73.0
861.0
154.0
141.0
731.0
35.0
65.0
212.0
96.0
14.0
334.0
127.0
21.0
24.0
32.0
8.0
70.0
276.0
105.0
68.0
87.0
56.0
41.0
85.0
147.0
49.0
26.0
54.0
149.0
108.0
84.0
127.0
47.0
67.0
7.0
1666.0
59.0
113.0
56.0
48.0
612.0
813.0
123.0
1392.0
1130.0
25.0
118.0
117.0
253.0
6651.0
196.0
97.0
159.0
284.0
33.0
267.0
28.0
129.0
258.0
77.0
128.0
775.0
119.0
150.0
443.0
299.0
208.0
70.0
1253.0
123.0
116.0
69.0
89.0
112.0
20.0
247.0
200.0
343.0
169.0
39.0
68.0
48.0
191.0
240.0
301.0
187.0
827.0
1254.0
497.0
1247.0
35.0
518.0
111.0
178.0
44.0
321.0
266.0
388.0
58.0
294.0
222.0
462.0
219.0
1130.0
167.0
350.0
407.0
1377.0
2547.0
1049.0
954.0
13.0
231.0
509.0
288.0
69.0
254.0
80.0
297.0
14.0
9.0
10.0
12.0
13.0
12.0
14.0
96.0
14.0
12.0
12.0
28.0
369.0
167.0
804.0
1261.0
584.0
355.0
1141.0
296.0
157.0
866.0
5370.0
5925.0
128.0
160.0
333.0
48.0
27.0
179.0
208.0
185.0
510.0
26.0
76.0
66.0
27.0
123.0
28.0
30.0
19.0
118.0
166.0
868.0
49.0
122.0
65.0
46.0
152.0
210.0
330.0
154.0
162.0
70.0
803.0
159.0
151.0
801.0
36.0
61.0
210.0
92.0
14.0
321.0
119.0
20.0
25.0
32.0
8.0
69.0
274.0
104.0
73.0
85.0
56.0
38.0
86.0
149.0
45.0
27.0
53.0
149.0
100.0
84.0
138.0
48.0
61.0
7.0
1622.0
55.0
119.0
56.0
46.0
661.0
821.0
120.0
1370.0
1083.0
26.0
114.0
119.0
252.0
6429.0
207.0
97.0
159.0
279.0
32.0
262.0
28.0
120.0
241.0
77.0
131.0
777.0
124.0
159.0
444.0
320.0
220.0
67.0
1203.0
134.0
120.0
70.0
90.0
110.0
19.0
253.0
195.0
352.0
160.0
37.0
65.0
50.0
196.0
238.0
312.0
206.0
844.0
1214.0
477.0
1284.0
34.0
554.0
110.0
188.0
47.0
322.0
249.0
391.0
58.0
294.0
234.0
460.0
218.0
1109.0
160.0
332.0
414.0
1330.0
2744.0
1109.0
1000.0
13.0
229.0
537.0
266.0
69.0
250.0
76.0
275.0
14.0
10.0
10.0
12.0
14.0
12.0
14.0
95.0
13.0
11.0
12.0
29.0
359.0
167.0
803.0
1383.0
596.0
332.0
1182.0
292.0
159.0
836.0
5498.0
5496.0
127.0
171.0
335.0
49.0
27.0
176.0
226.0
194.0
516.0
27.0
76.0
66.0
26.0
121.0
28.0
31.0
20.0
119.0
167.0
886.0
50.0
125.0
65.0
45.0
167.0
215.0
312.0
149.0
167.0
74.0
819.0
165.0
150.0
788.0
37.0
61.0
209.0
90.0
14.0
338.0
123.0
20.0
24.0
29.0
8.0
71.0
261.0
111.0
68.0
87.0
55.0
38.0
89.0
141.0
46.0
27.0
55.0
149.0
111.0
79.0
131.0
46.0
67.0
7.0
1568.0
55.0
119.0
55.0
48.0
633.0
799.0
120.0
1343.0
1040.0
24.0
115.0
117.0
270.0
6503.0
215.0
95.0
158.0
292.0
31.0
268.0
29.0
123.0
237.0
79.0
137.0
825.0
118.0
158.0
428.0
302.0
205.0
71.0
1204.0
121.0
119.0
72.0
88.0
118.0
20.0
253.0
194.0
343.0
169.0
37.0
68.0
51.0
205.0
235.0
317.0
191.0
887.0
1291.0
498.0
1333.0
33.0
560.0
115.0
192.0
46.0
343.0
254.0
374.0
56.0
309.0
219.0
460.0
204.0
1090.0
170.0
329.0
441.0
1351.0
2634.0
1059.0
984.0
12.0
216.0
550.0
278.0
70.0
232.0
80.0
277.0
14.0
9.0
10.0
11.0
13.0
12.0
13.0
94.0
13.0
11.0
12.0
29.0
361.0
163.0
764.0
1275.0
596.0
335.0
1114.0
276.0
152.0
791.0
5269.0
5989.0
129.0
163.0
333.0
51.0
28.0
177.0
223.0
191.0
503.0
27.0
74.0
63.0
25.0
120.0
28.0
32.0
19.0
110.0
177.0
866.0
50.0
131.0
64.0
45.0
167.0
211.0
322.0
153.0
175.0
69.0
867.0
167.0
142.0
793.0
38.0
61.0
198.0
97.0
13.0
326.0
117.0
20.0
26.0
32.0
8.0
76.0
274.0
108.0
72.0
87.0
54.0
40.0
83.0
144.0
49.0
27.0
57.0
154.0
107.0
79.0
133.0
46.0
66.0
7.0
1611.0
55.0
117.0
57.0
48.0
623.0
877.0
115.0
1343.0
1146.0
26.0
123.0
111.0
265.0
6461.0
210.0
101.0
158.0
295.0
31.0
279.0
29.0
127.0
236.0
78.0
129.0
815.0
115.0
157.0
429.0
311.0
221.0
65.0
1255.0
121.0
125.0
69.0
94.0
116.0
20.0
256.0
199.0
367.0
165.0
36.0
68.0
52.0
205.0
224.0
302.0
205.0
870.0
1287.0
479.0
1274.0
36.0
535.0
115.0
179.0
44.0
344.0
254.0
366.0
58.0
319.0
228.0
486.0
213.0
1113.0
160.0
343.0
447.0
1261.0
2612.0
1078.0
1028.0
13.0
227.0
511.0
295.0
76.0
247.0
82.0
301.0
14.0
10.0
10.0
11.0
14.0
12.0
14.0
92.0
14.0
12.0
11.0
27.0
352.0
166.0
845.0
1303.0
549.0
348.0
1152.0
290.0
157.0
868.0
5162.0
5472.0
126.0
170.0
335.0
49.0
29.0
176.0
222.0
191.0
492.0
27.0
77.0
64.0
26.0
126.0
28.0
30.0
20.0
110.0
177.0
858.0
52.0
127.0
61.0
46.0
161.0
204.0
339.0
146.0
172.0
71.0
869.0
158.0
144.0
791.0
35.0
61.0
197.0
97.0
14.0
322.0
123.0
20.0
24.0
31.0
8.0
69.0
252.0
108.0
73.0
85.0
58.0
40.0
86.0
149.0
48.0
26.0
57.0
158.0
110.0
80.0
135.0
44.0
63.0
7.0
1625.0
58.0
108.0
54.0
45.0
604.0
851.0
121.0
1387.0
1085.0
25.0
122.0
112.0
269.0
6657.0
205.0
93.0
162.0
274.0
32.0
287.0
29.0
118.0
252.0
77.0
132.0
755.0
117.0
148.0
433.0
302.0
222.0
66.0
1193.0
132.0
117.0
71.0
94.0
117.0
19.0
267.0
192.0
339.0
173.0
37.0
69.0
49.0
206.0
223.0
322.0
201.0
887.0
1276.0
492.0
1280.0
35.0
544.0
120.0
191.0
48.0
325.0
247.0
397.0
56.0
317.0
215.0
491.0
218.0
1029.0
165.0
345.0
433.0
1270.0
2581.0
1045.0
974.0
13.0
231.0
518.0
281.0
73.0
251.0
78.0
275.0
14.0
10.0
9.0
12.0
14.0
12.0
14.0
93.0
14.0
12.0
12.0
29.0
346.0
169.0
795.0
1306.0
576.0
334.0
1120.0
295.0
146.0
844.0
5105.0
5776.0
123.0
163.0
312.0
47.0
27.0
194.0
221.0
187.0
503.0
26.0
78.0
61.0
25.0
127.0
29.0
32.0
20.0
109.0
178.0
899.0
48.0
131.0
66.0
45.0
167.0
202.0
337.0
148.0
164.0
73.0
874.0
164.0
146.0
775.0
37.0
66.0
209.0
97.0
14.0
349.0
117.0
21.0
26.0
30.0
8.0
71.0
270.0
112.0
68.0
84.0
55.0
41.0
86.0
146.0
49.0
26.0
53.0
152.0
111.0
82.0
130.0
48.0
61.0
7.0
1592.0
54.0
110.0
59.0
47.0
629.0
830.0
114.0
1398.0
1114.0
26.0
120.0
117.0
253.0
6178.0
210.0
95.0
157.0
284.0
31.0
264.0
30.0
124.0
240.0
83.0
132.0
770.0
116.0
150.0
444.0
304.0
208.0
67.0
1221.0
132.0
124.0
70.0
93.0
121.0
19.0
253.0
191.0
368.0
168.0
36.0
67.0
50.0
186.0
233.0
317.0
198.0
822.0
1211.0
519.0
1314.0
33.0
537.0
117.0
190.0
45.0
319.0
246.0
366.0
61.0
317.0
220.0
476.0
208.0
1093.0
159.0
338.0
447.0
1306.0
2669.0
1081.0
974.0
12.0
217.0
539.0
274.0
73.0
230.0
76.0
292.0
14.0
10.0
10.0
12.0
13.0
12.0
13.0
98.0
13.0
12.0
12.0
29.0
353.0
160.0
811.0
1261.0
546.0
342.0
1120.0
278.0
155.0
845.0
5339.0
5582.0
122.0
165.0
303.0
47.0
29.0
190.0
212.0
183.0
516.0
27.0
75.0
67.0
26.0
125.0
27.0
32.0
19.0
118.0
169.0
843.0
48.0
124.0
62.0
44.0
167.0
211.0
321.0
145.0
172.0
75.0
878.0
152.0
149.0
779.0
38.0
62.0
200.0
95.0
13.0
355.0
125.0
20.0
25.0
32.0
8.0
72.0
273.0
102.0
68.0
89.0
57.0
40.0
84.0
140.0
47.0
26.0
54.0
149.0
110.0
82.0
137.0
44.0
66.0
7.0
1589.0
58.0
114.0
54.0
46.0
601.0
807.0
112.0
1389.0
1046.0
24.0
114.0
118.0
260.0
6509.0
215.0
93.0
159.0
281.0
32.0
276.0
29.0
122.0
244.0
77.0
134.0
814.0
120.0
153.0
428.0
298.0
222.0
65.0
1248.0
128.0
118.0
72.0
91.0
120.0
19.0
271.0
196.0
356.0
166.0
36.0
70.0
51.0
204.0
228.0
320.0
195.0
842.0
1305.0
497.0
1258.0
34.0
511.0
115.0
181.0
47.0
347.0
266.0
366.0
57.0
318.0
218.0
506.0
215.0
1140.0
157.0
342.0
425.0
1348.0
2714.0
1094.0
955.0
12.0
233.0
511.0
288.0
73.0
239.0
81.0
301.0
14.0
10.0
10.0
12.0
13.0
12.0
13.0
96.0
13.0
12.0
12.0
29.0
339.0
173.0
762.0
1324.0
590.0
346.0
1188.0
283.0
159.0
793.0
4974.0
5836.0
130.0
159.0
321.0
51.0
28.0
193.0
211.0
190.0
534.0
27.0
72.0
61.0
27.0
126.0
27.0
30.0
19.0
118.0
173.0
900.0
50.0
125.0
63.0
45.0
167.0
219.0
310.0
155.0
171.0
76.0
880.0
161.0
146.0
749.0
37.0
65.0
197.0
98.0
14.0
341.0
122.0
21.0
26.0
30.0
8.0
75.0
262.0
106.0
74.0
83.0
57.0
38.0
88.0
148.0
46.0
27.0
56.0
150.0
110.0
86.0
136.0
45.0
64.0
7.0
1613.0
57.0
111.0
54.0
45.0
613.0
868.0
119.0
1416.0
1104.0
24.0
120.0
119.0
277.0
6618.0
204.0
99.0
156.0
297.0
33.0
268.0
28.0
127.0
235.0
78.0
128.0
828.0
121.0
146.0
463.0
323.0
209.0
71.0
1185.0
129.0
123.0
69.0
93.0
117.0
20.0
262.0
202.0
347.0
162.0
36.0
69.0
53.0
186.0
237.0
293.0
186.0
829.0
1279.0
509.0
1339.0
36.0
554.0
110.0
181.0
44.0
318.0
257.0
386.0
56.0
294.0
230.0
471.0
202.0
1058.0
168.0
343.0
437.0
1302.0
2736.0
1070.0
1025.0
13.0
213.0
551.0
290.0
72.0
235.0
79.0
292.0
13.0
10.0
10.0
12.0
14.0
12.0
14.0
94.0
14.0
11.0
12.0
27.0
371.0
168.0
812.0
1309.0
588.0
342.0
1112.0
300.0
157.0
801.0
5096.0
5623.0
119.0
172.0
305.0
51.0
27.0
194.0
220.0
193.0
482.0
26.0
73.0
67.0
25.0
123.0
28.0
31.0
20.0
116.0
164.0
840.0
51.0
123.0
67.0
45.0
166.0
218.0
341.0
152.0
173.0
73.0
826.0
165.0
140.0
791.0
37.0
62.0
205.0
95.0
14.0
334.0
127.0
20.0
26.0
32.0
8.0
76.0
257.0
111.0
68.0
89.0
54.0
38.0
86.0
141.0
45.0
25.0
57.0
153.0
101.0
86.0
131.0
47.0
63.0
7.0
1600.0
59.0
114.0
55.0
47.0
621.0
810.0
120.0
1403.0
1099.0
26.0
114.0
117.0
261.0
6167.0
210.0
94.0
151.0
273.0
30.0
282.0
30.0
129.0
246.0
75.0
134.0
760.0
114.0
159.0
462.0
318.0
225.0
66.0
1237.0
132.0
118.0
70.0
90.0
119.0
19.0
247.0
205.0
365.0
175.0
36.0
71.0
49.0
200.0
240.0
316.0
206.0
883.0
1287.0
468.0
1239.0
36.0
539.0
109.0
183.0
48.0
329.0
266.0
363.0
55.0
318.0
234.0
505.0
206.0
1077.0
156.0
353.0
444.0
1347.0
2497.0
1045.0
964.0
13.0
223.0
548.0
280.0
75.0
239.0
82.0
302.0
13.0
10.0
10.0
11.0
14.0
11.0
13.0
97.0
14.0
12.0
12.0
28.0
355.0
159.0
840.0
1363.0
561.0
361.0
1098.0
282.0
147.0
851.0
5183.0
5495.0
131.0
168.0
309.0
47.0
29.0
184.0
213.0
178.0
526.0
26.0
73.0
61.0
27.0
121.0
28.0
31.0
20.0
115.0
169.0
847.0
51.0
123.0
66.0
45.0
152.0
209.0
339.0
151.0
174.0
70.0
878.0
158.0
140.0
754.0
36.0
65.0
213.0
96.0
13.0
334.0
118.0
20.0
26.0
29.0
8.0
75.0
262.0
107.0
74.0
88.0
58.0
41.0
85.0
144.0
47.0
25.0
55.0
160.0
101.0
84.0
132.0
45.0
65.0
7.0
1586.0
59.0
115.0
58.0
46.0
636.0
836.0
122.0
1435.0
1086.0
24.0
113.0
117.0
278.0
6348.0
212.0
93.0
153.0
281.0
32.0
274.0
29.0
123.0
251.0
79.0
130.0
767.0
124.0
157.0
440.0
297.0
220.0
71.0
1177.0
126.0
115.0
69.0
92.0
114.0
19.0
251.0
188.0
355.0
175.0
36.0
66.0
50.0
191.0
223.0
299.0
200.0
876.0
1215.0
482.0
1273.0
36.0
519.0
119.0
185.0
48.0
337.0
264.0
380.0
56.0
310.0
232.0
468.0
211.0
1106.0
160.0
323.0
442.0
1392.0
2511.0
1097.0
1022.0
13.0
220.0
540.0
267.0
75.0
237.0
76.0
287.0
14.0
10.0
10.0
12.0
14.0
12.0
14.0
98.0
13.0
11.0
11.0
27.0
370.0
159.0
789.0
1284.0
546.0
335.0
1172.0
301.0
159.0
855.0
5467.0
5745.0
121.0
161.0
335.0
47.0
27.0
178.0
226.0
181.0
491.0
26.0
72.0
64.0
26.0
120.0
27.0
33.0
19.0
110.0
175.0
851.0
53.0
121.0
61.0
43.0
164.0
221.0
326.0
149.0
159.0
73.0
828.0
157.0
148.0
770.0
37.0
65.0
200.0
97.0
13.0
340.0
128.0
20.0
25.0
32.0
8.0
75.0
269.0
110.0
69.0
86.0
58.0
38.0
84.0
154.0
49.0
27.0
57.0
159.0
108.0
87.0
132.0
46.0
61.0
7.0
1615.0
58.0
115.0
58.0
44.0
630.0
832.0
118.0
1388.0
1067.0
24.0
114.0
117.0
275.0
6218.0
200.0
95.0
158.0
285.0
31.0
272.0
29.0
127.0
258.0
82.0
137.0
767.0
115.0
150.0
441.0
307.0
223.0
64.0
1183.0
127.0
124.0
68.0
89.0
111.0
19.0
257.0
206.0
363.0
162.0
37.0
69.0
52.0
196.0
227.0
317.0
205.0
897.0
1230.0
477.0
1245.0
35.0
507.0
117.0
183.0
48.0
332.0
268.0
400.0
58.0
290.0
230.0
503.0
219.0
1116.0
166.0
345.0
417.0
1319.0
2542.0
1034.0
1041.0
13.0
219.0
510.0
274.0
69.0
254.0
75.0
298.0
14.0
10.0
9.0
11.0
13.0
12.0
13.0
91.0
14.0
12.0
11.0
28.0
372.0
157.0
845.0
1311.0
578.0
340.0
1137.0
285.0
153.0
814.0
5415.0
5454.0
128.0
171.0
307.0
49.0
28.0
178.0
216.0
179.0
490.0
27.0
78.0
63.0
25.0
126.0
29.0
31.0
19.0
112.0
168.0
827.0
50.0
131.0
62.0
43.0
166.0
205.0
335.0
142.0
171.0
74.0
810.0
152.0
149.0
779.0
38.0
62.0
215.0
91.0
14.0
338.0
126.0
20.0
26.0
32.0
8.0
75.0
277.0
113.0
68.0
87.0
56.0
41.0
84.0
139.0
47.0
26.0
57.0
164.0
104.0
79.0
131.0
44.0
62.0
7.0
1578.0
58.0
116.0
57.0
46.0
639.0
818.0
117.0
1431.0
1095.0
26.0
112.0
111.0
254.0
6267.0
198.0
92.0
166.0
277.0
32.0
285.0
30.0
123.0
249.0
77.0
134.0
806.0
113.0
155.0
439.0
297.0
212.0
66.0
1236.0
134.0
125.0
70.0
89.0
119.0
20.0
255.0
195.0
350.0
159.0
38.0
66.0
50.0
203.0
236.0
321.0
199.0
881.0
1282.0
468.0
1234.0
33.0
507.0
113.0
189.0
45.0
330.0
263.0
376.0
59.0
312.0
234.0
466.0
209.0
1069.0
168.0
344.0
407.0
1284.0
2559.0
1046.0
1051.0
13.0
212.0
517.0
289.0
71.0
239.0
80.0
298.0
14.0
10.0
10.0
11.0
14.0
12.0
14.0
96.0
14.0
12.0
12.0
29.0
346.0
171.0
808.0
1343.0
587.0
342.0
1179.0
285.0
152.0
805.0
5138.0
5800.0
130.0
166.0
313.0
51.0
27.0
187.0
221.0
180.0
511.0
28.0
72.0
67.0
26.0
124.0
29.0
33.0
20.0
108.0
174.0
830.0
49.0
125.0
63.0
46.0
153.0
202.0
325.0
140.0
172.0
74.0
854.0
157.0
150.0
783.0
37.0
66.0
202.0
92.0
14.0
353.0
120.0
20.0
25.0
32.0
8.0
74.0
272.0
113.0
73.0
86.0
58.0
38.0
85.0
142.0
45.0
27.0
55.0
164.0
107.0
82.0
126.0
48.0
62.0
7.0
1534.0
58.0
118.0
54.0
47.0
621.0
810.0
119.0
1328.0
1126.0
25.0
116.0
118.0
267.0
6513.0
202.0
97.0
164.0
287.0
33.0
260.0
28.0
122.0
241.0
82.0
138.0
785.0
121.0
151.0
460.0
320.0
213.0
69.0
1193.0
123.0
120.0
68.0
94.0
115.0
20.0
254.0
195.0
360.0
168.0
36.0
69.0
49.0
187.0
237.0
324.0
202.0
843.0
1296.0
486.0
1221.0
34.0
505.0
116.0
191.0
46.0
350.0
255.0
369.0
61.0
300.0
216.0
498.0
204.0
1068.0
158.0
322.0
440.0
1324.0
2616.0
1064.0
1020.0
13.0
229.0
557.0
295.0
74.0
235.0
78.0
281.0
14.0
10.0
10.0
12.0
14.0
11.0
14.0
98.0
13.0
11.0
12.0
28.0
365.0
166.0
817.0
1334.0
582.0
338.0
1192.0
300.0
145.0
815.0
5158.0
5634.0
121.0
158.0
326.0
46.0
29.0
194.0
205.0
183.0
504.0
26.0
76.0
66.0
27.0
124.0
28.0
32.0
18.0
114.0
175.0
861.0
52.0
127.0
64.0
45.0
157.0
205.0
334.0
146.0
164.0
69.0
863.0
168.0
151.0
796.0
35.0
66.0
200.0
91.0
14.0
322.0
127.0
20.0
26.0
31.0
8.0
72.0
253.0
113.0
71.0
86.0
58.0
41.0
83.0
148.0
46.0
27.0
57.0
148.0
107.0
85.0
132.0
48.0
61.0
7.0
1581.0
58.0
114.0
54.0
48.0
597.0
820.0
113.0
1310.0
1134.0
26.0
122.0
112.0
254.0
6385.0
204.0
97.0
155.0
270.0
30.0
285.0
29.0
119.0
257.0
77.0
141.0
791.0
115.0
151.0
450.0
300.0
216.0
70.0
1188.0
134.0
125.0
73.0
90.0
122.0
18.0
272.0
189.0
347.0
159.0
38.0
70.0
48.0
188.0
229.0
302.0
191.0
886.0
1284.0
475.0
1305.0
34.0
522.0
115.0
187.0
47.0
335.0
267.0
363.0
58.0
295.0
233.0
492.0
216.0
1089.0
171.0
355.0
449.0
1394.0
2609.0
1033.0
958.0
13.0
233.0
542.0
272.0
69.0
242.0
76.0
278.0
14.0
10.0
10.0
12.0
14.0
11.0
14.0
95.0
14.0
12.0
12.0
28.0
366.0
156.0
816.0
1297.0
580.0
339.0
1109.0
295.0
155.0
812.0
5002.0
5821.0
119.0
162.0
325.0
49.0
29.0
180.0
204.0
188.0
520.0
28.0
73.0
67.0
25.0
128.0
28.0
32.0
19.0
119.0
173.0
827.0
49.0
130.0
66.0
42.0
157.0
213.0
329.0
155.0
165.0
72.0
800.0
164.0
153.0
794.0
37.0
63.0
215.0
95.0
13.0
325.0
117.0
21.0
25.0
32.0
8.0
72.0
261.0
103.0
70.0
86.0
57.0
37.0
83.0
144.0
47.0
27.0
53.0
157.0
102.0
82.0
127.0
46.0
66.0
7.0
1601.0
56.0
113.0
56.0
48.0
654.0
832.0
116.0
1362.0
1108.0
26.0
118.0
108.0
257.0
6349.0
203.0
93.0
166.0
294.0
33.0
260.0
30.0
120.0
253.0
78.0
132.0
796.0
118.0
149.0
438.0
300.0
207.0
66.0
1192.0
131.0
124.0
66.0
91.0
114.0
19.0
245.0
191.0
353.0
167.0
38.0
65.0
51.0
194.0
230.0
317.0
187.0
899.0
1328.0
473.0
1234.0
33.0
542.0
119.0
192.0
47.0
336.0
255.0
388.0
57.0
303.0
235.0
499.0
205.0
1137.0
168.0
335.0
430.0
1321.0
2675.0
1005.0
1024.0
12.0
232.0
538.0
286.0
71.0
245.0
79.0
281.0
13.0
10.0
10.0
12.0
14.0
12.0
14.0
98.0
13.0
12.0
11.0
28.0
342.0
162.0
778.0
1351.0
575.0
333.0
1100.0
282.0
155.0
856.0
5135.0
5794.0
121.0
163.0
328.0
50.0
27.0
190.0
219.0
184.0
530.0
26.0
72.0
63.0
25.0
121.0
29.0
32.0
20.0
117.0
173.0
904.0
48.0
127.0
65.0
42.0
157.0
214.0
309.0
146.0
164.0
73.0
868.0
165.0
153.0
750.0
38.0
66.0
209.0
96.0
14.0
351.0
119.0
20.0
24.0
30.0
8.0
69.0
271.0
104.0
69.0
88.0
57.0
40.0
82.0
141.0
48.0
25.0
55.0
153.0
109.0
84.0
134.0
48.0
61.0
7.0
1524.0
59.0
118.0
58.0
47.0
641.0
834.0
112.0
1319.0
1153.0
25.0
122.0
117.0
258.0
6583.0
197.0
98.0
152.0
285.0
33.0
262.0
28.0
122.0
248.0
83.0
135.0
756.0
115.0
149.0
454.0
324.0
205.0
68.0
1228.0
131.0
126.0
72.0
90.0
113.0
19.0
262.0
194.0
367.0
167.0
39.0
65.0
53.0
190.0
240.0
317.0
202.0
882.0
1258.0
492.0
1349.0
35.0
548.0
119.0
191.0
44.0
322.0
256.0
378.0
57.0
310.0
226.0
474.0
200.0
1135.0
168.0
323.0
447.0
1310.0
2540.0
1100.0
964.0
13.0
230.0
516.0
285.0
76.0
232.0
82.0
274.0
14.0
10.0
10.0
12.0
14.0
12.0
14.0
94.0
14.0
12.0
11.0
28.0
355.0
161.0
822.0
1312.0
568.0
347.0
1103.0
290.0
153.0
813.0
5285.0
5511.0
127.0
162.0
314.0
49.0
28.0
176.0
205.0
185.0
529.0
28.0
78.0
61.0
27.0
119.0
27.0
33.0
19.0
113.0
172.0
823.0
50.0
120.0
62.0
44.0
158.0
206.0
314.0
152.0
161.0
69.0
882.0
154.0
151.0
764.0
35.0
60.0
198.0
91.0
13.0
332.0
119.0
20.0
26.0
30.0
8.0
76.0
261.0
102.0
71.0
90.0
57.0
38.0
84.0
139.0
47.0
26.0
54.0
149.0
103.0
84.0
130.0
47.0
62.0
7.0
1507.0
58.0
114.0
56.0
44.0
648.0
798.0
115.0
1304.0
1150.0
26.0
115.0
112.0
266.0
6395.0
214.0
101.0
156.0
291.0
31.0
276.0
30.0
130.0
252.0
81.0
138.0
754.0
116.0
156.0
449.0
326.0
222.0
71.0
1174.0
127.0
126.0
71.0
88.0
120.0
20.0
261.0
205.0
351.0
159.0
38.0
69.0
49.0
198.0
235.0
293.0
198.0
861.0
1232.0
468.0
1287.0
34.0
554.0
118.0
188.0
45.0
330.0
254.0
368.0
61.0
300.0
218.0
493.0
218.0
1105.0
163.0
351.0
449.0
1277.0
2666.0
1069.0
1025.0
13.0
215.0
553.0
292.0
76.0
231.0
80.0
296.0
13.0
10.0
10.0
12.0
13.0
12.0
13.0
92.0
13.0
11.0
12.0
29.0
373.0
160.0
819.0
1281.0
563.0
345.0
1128.0
274.0
146.0
814.0
5023.0
5625.0
119.0
170.0
315.0
48.0
29.0
175.0
222.0
181.0
525.0
26.0
78.0
67.0
27.0
116.0
28.0
31.0
20.0
118.0
168.0
865.0
49.0
122.0
65.0
44.0
166.0
209.0
329.0
154.0
162.0
76.0
875.0
160.0
148.0
760.0
36.0
60.0
208.0
89.0
14.0
349.0
121.0
20.0
24.0
30.0
8.0
74.0
276.0
102.0
71.0
85.0
59.0
38.0
82.0
140.0
45.0
26.0
55.0
159.0
111.0
85.0
134.0
44.0
64.0
7.0
1611.0
58.0
118.0
57.0
45.0
644.0
792.0
117.0
1362.0
1062.0
24.0
120.0
118.0
267.0
6208.0
205.0
93.0
162.0
286.0
32.0
282.0
28.0
122.0
238.0
76.0
130.0
828.0
116.0
157.0
448.0
329.0
215.0
68.0
1170.0
134.0
116.0
69.0
85.0
121.0
19.0
266.0
193.0
345.0
163.0
38.0
66.0
49.0
193.0
222.0
321.0
203.0
843.0
1258.0
493.0
1334.0
34.0
518.0
109.0
177.0
46.0
348.0
246.0
390.0
57.0
309.0
230.0
502.0
214.0
1107.0
172.0
331.0
422.0
1268.0
2606.0
1013.0
990.0
12.0
231.0
553.0
271.0
71.0
253.0
75.0
299.0
14.0
10.0
10.0
12.0
13.0
12.0
14.0
94.0
14.0
11.0
12.0
28.0
372.0
164.0
787.0
1278.0
589.0
330.0
1144.0
293.0
156.0
852.0
5460.0
5461.0
121.0
162.0
329.0
50.0
28.0
184.0
224.0
178.0
505.0
26.0
74.0
63.0
25.0
119.0
27.0
33.0
19.0
117.0
172.0
853.0
48.0
125.0
62.0
42.0
153.0
212.0
337.0
140.0
165.0
76.0
874.0
156.0
146.0
786.0
38.0
62.0
208.0
98.0
13.0
339.0
121.0
20.0
25.0
32.0
8.0
69.0
257.0
104.0
70.0
83.0
56.0
38.0
89.0
148.0
47.0
25.0
57.0
162.0
108.0
86.0
136.0
48.0
64.0
7.0
1601.0
57.0
116.0
56.0
47.0
620.0
838.0
122.0
1330.0
1052.0
26.0
119.0
112.0
268.0
6556.0
214.0
98.0
164.0
284.0
32.0
262.0
29.0
127.0
258.0
80.0
129.0
771.0
113.0
153.0
449.0
304.0
210.0
64.0
1251.0
127.0
117.0
68.0
89.0
113.0
19.0
264.0
188.0
358.0
172.0
37.0
70.0
53.0
200.0
222.0
297.0
200.0
893.0
1202.0
468.0
1331.0
36.0
546.0
113.0
191.0
46.0
320.0
252.0
390.0
59.0
320.0
230.0
480.0
200.0
1113.0
171.0
327.0
417.0
1315.0
2584.0
1038.0
985.0
13.0
226.0
510.0
286.0
75.0
250.0
78.0
276.0
14.0
10.0
10.0
12.0
14.0
11.0
13.0
92.0
14.0
11.0
12.0
27.0
351.0
167.0
782.0
1316.0
549.0
341.0
1079.0
274.0
157.0
802.0
5497.0
5812.0
130.0
164.0
322.0
50.0
28.0
184.0
205.0
181.0
494.0
28.0
75.0
65.0
25.0
127.0
28.0
31.0
19.0
117.0
163.0
904.0
51.0
120.0
66.0
46.0
155.0
205.0
322.0
145.0
164.0
71.0
826.0
166.0
147.0
772.0
37.0
66.0
208.0
90.0
13.0
328.0
123.0
20.0
25.0
31.0
8.0
70.0
250.0
109.0
70.0
87.0
54.0
38.0
85.0
140.0
47.0
26.0
58.0
153.0
105.0
83.0
135.0
47.0
63.0
7.0
1554.0
55.0
111.0
59.0
45.0
637.0
813.0
116.0
1321.0
1053.0
24.0
112.0
112.0
260.0
6266.0
214.0
100.0
158.0
285.0
31.0
276.0
29.0
127.0
236.0
81.0
131.0
754.0
123.0
155.0
432.0
327.0
210.0
67.0
1286.0
132.0
122.0
73.0
86.0
121.0
20.0
250.0
196.0
364.0
174.0
36.0
69.0
51.0
201.0
236.0
320.0
197.0
838.0
1224.0
469.0
1296.0
34.0
509.0
119.0
182.0
44.0
328.0
246.0
392.0
58.0
295.0
226.0
475.0
218.0
1129.0
157.0
330.0
422.0
1366.0
2754.0
1019.0
983.0
13.0
231.0
559.0
271.0
74.0
237.0
78.0
287.0
13.0
10.0
10.0
12.0
13.0
12.0
13.0
96.0
13.0
11.0
12.0
27.0
338.0
172.0
771.0
1264.0
600.0
343.0
1135.0
300.0
146.0
847.0
5021.0
5570.0
126.0
169.0
322.0
49.0
28.0
194.0
204.0
194.0
495.0
26.0
74.0
66.0
27.0
120.0
27.0
33.0
20.0
118.0
176.0
899.0
49.0
123.0
65.0
43.0
163.0
203.0
311.0
155.0
171.0
72.0
825.0
158.0
151.0
739.0
36.0
63.0
203.0
89.0
13.0
354.0
121.0
20.0
24.0
31.0
8.0
72.0
272.0
112.0
71.0
84.0
58.0
41.0
81.0
153.0
48.0
25.0
53.0
151.0
105.0
81.0
134.0
44.0
66.0
7.0
1632.0
58.0
115.0
59.0
46.0
611.0
848.0
112.0
1330.0
1093.0
26.0
122.0
111.0
277.0
6252.0
212.0
95.0
166.0
286.0
31.0
274.0
30.0
118.0
234.0
77.0
138.0
823.0
118.0
144.0
419.0
309.0
206.0
70.0
1194.0
126.0
122.0
67.0
87.0
121.0
20.0
254.0
190.0
358.0
173.0
38.0
70.0
50.0
203.0
229.0
318.0
197.0
899.0
1222.0
519.0
1295.0
33.0
543.0
117.0
188.0
45.0
346.0
264.0
372.0
56.0
310.0
233.0
495.0
208.0
1116.0
170.0
347.0
438.0
1393.0
2679.0
1086.0
1021.0
12.0
225.0
553.0
277.0
69.0
252.0
79.0
294.0
14.0
10.0
10.0
12.0
13.0
12.0
14.0
90.0
14.0
11.0
11.0
29.0
361.0
166.0
777.0
1293.0
560.0
354.0
1082.0
299.0
159.0
869.0
5453.0
5547.0
130.0
159.0
318.0
49.0
27.0
190.0
218.0
193.0
514.0
28.0
76.0
62.0
27.0
122.0
27.0
33.0
19.0
110.0
176.0
838.0
49.0
130.0
62.0
45.0
151.0
214.0
325.0
144.0
174.0
76.0
871.0
161.0
139.0
765.0
38.0
61.0
203.0
98.0
14.0
353.0
117.0
20.0
26.0
30.0
8.0
76.0
272.0
106.0
68.0
83.0
56.0
41.0
89.0
154.0
46.0
27.0
55.0
161.0
103.0
83.0
131.0
46.0
61.0
7.0
1634.0
58.0
115.0
55.0
45.0
632.0
816.0
115.0
1433.0
1153.0
25.0
119.0
111.0
263.0
6351.0
214.0
98.0
165.0
294.0
33.0
282.0
27.0
122.0
259.0
82.0
132.0
777.0
121.0
156.0
420.0
313.0
210.0
65.0
1173.0
127.0
117.0
72.0
88.0
122.0
19.0
262.0
206.0
365.0
167.0
37.0
67.0
52.0
205.0
233.0
315.0
197.0
817.0
1278.0
167.0
179.0
140.0
171.0
426.0
174.0
159.0
135.0
134.0
167.0
177.0
154.0
150.0
142.0
156.0
170.0
150.0
168.0
145.0
150.0
174.0
157.0
161.0
412.0
164.0
157.0
166.0
142.0
176.0
143.0
176.0
419.0
413.0
373.0
483.0
467.0
424.0
470.0
455.0
419.0
380.0
424.0
455.0
133.0
159.0
144.0
167.0
138.0
175.0
161.0
167.0
424.0
133.0
162.0
168.0
169.0
173.0
166.0
156.0
136.0
138.0
171.0
165.0
151.0
158.0
159.0
145.0
127.0
130.0
162.0
378.0
171.0
149.0
149.0
365.0
153.0
166.0
150.0
175.0
135.0
152.0
146.0
133.0
152.0
161.0
149.0
137.0
130.0
424.0
143.0
173.0
384.0
145.0
409.0
165.0
441.0
171.0
157.0
152.0
151.0
164.0
142.0
150.0
153.0
149.0
164.0
155.0
160.0
150.0
154.0
112.0
139.0
463.0
152.0
171.0
130.0
160.0
149.0
397.0
144.0
147.0
150.0
146.0
446.0
145.0
165.0
155.0
159.0
163.0
141.0
168.0
137.0
399.0
133.0
473.0
400.0
441.0
150.0
477.0
367.0
394.0
469.0
461.0
457.0
486.0
445.0
436.0
456.0
477.0
372.0
443.0
440.0
149.0
152.0
168.0
136.0
174.0
153.0
164.0
158.0
165.0
177.0
170.0
399.0
384.0
432.0
468.0
404.0
494.0
157.0
150.0
134.0
179.0
207.0
146.0
169.0
380.0
152.0
174.0
143.0
170.0
172.0
144.0
150.0
168.0
169.0
144.0
161.0
149.0
156.0
165.0
132.0
156.0
147.0
170.0
405.0
143.0
137.0
164.0
173.0
174.0
153.0
131.0
392.0
472.0
410.0
375.0
458.0
386.0
487.0
481.0
466.0
407.0
423.0
458.0
139.0
172.0
141.0
156.0
171.0
138.0
160.0
152.0
383.0
137.0
142.0
151.0
162.0
160.0
164.0
158.0
168.0
159.0
168.0
152.0
131.0
173.0
131.0
134.0
144.0
141.0
150.0
494.0
164.0
175.0
164.0
383.0
143.0
163.0
169.0
162.0
135.0
155.0
141.0
168.0
168.0
163.0
131.0
146.0
165.0
486.0
146.0
163.0
402.0
171.0
469.0
145.0
423.0
130.0
176.0
167.0
166.0
150.0
170.0
139.0
141.0
175.0
132.0
152.0
137.0
163.0
152.0
146.0
160.0
391.0
175.0
152.0
170.0
140.0
165.0
481.0
138.0
145.0
164.0
138.0
413.0
163.0
147.0
153.0
172.0
166.0
146.0
166.0
173.0
433.0
172.0
424.0
389.0
462.0
154.0
467.0
448.0
416.0
453.0
479.0
471.0
376.0
422.0
432.0
390.0
389.0
394.0
475.0
483.0
176.0
143.0
164.0
175.0
131.0
143.0
173.0
149.0
165.0
153.0
143.0
375.0
448.0
381.0
426.0
424.0
454.0
173.0
135.0
177.0
154.0
207.0
175.0
140.0
478.0
167.0
135.0
133.0
140.0
146.0
176.0
151.0
166.0
142.0
145.0
172.0
144.0
144.0
139.0
170.0
136.0
136.0
176.0
370.0
168.0
139.0
141.0
175.0
160.0
177.0
175.0
370.0
387.0
493.0
400.0
459.0
452.0
423.0
373.0
492.0
452.0
364.0
453.0
175.0
176.0
175.0
166.0
145.0
138.0
147.0
142.0
366.0
151.0
159.0
158.0
153.0
160.0
171.0
165.0
169.0
161.0
159.0
135.0
151.0
153.0
153.0
163.0
147.0
165.0
160.0
447.0
133.0
148.0
151.0
457.0
147.0
172.0
170.0
150.0
162.0
138.0
166.0
133.0
170.0
133.0
176.0
153.0
141.0
375.0
146.0
161.0
451.0
161.0
482.0
137.0
459.0
141.0
165.0
149.0
166.0
134.0
142.0
132.0
138.0
143.0
146.0
168.0
161.0
150.0
163.0
144.0
172.0
401.0
140.0
139.0
155.0
131.0
135.0
423.0
149.0
177.0
144.0
175.0
439.0
132.0
146.0
141.0
153.0
134.0
154.0
154.0
151.0
382.0
141.0
390.0
489.0
369.0
175.0
405.0
482.0
484.0
471.0
403.0
434.0
459.0
374.0
426.0
451.0
440.0
484.0
392.0
435.0
166.0
136.0
155.0
149.0
150.0
132.0
161.0
159.0
163.0
144.0
168.0
483.0
417.0
435.0
414.0
383.0
461.0
142.0
173.0
153.0
187.0
159.0
168.0
131.0
427.0
155.0
167.0
151.0
172.0
155.0
140.0
168.0
132.0
130.0
176.0
169.0
138.0
168.0
155.0
144.0
145.0
152.0
147.0
405.0
136.0
152.0
170.0
160.0
155.0
140.0
139.0
391.0
427.0
406.0
410.0
459.0
371.0
451.0
438.0
468.0
456.0
417.0
388.0
136.0
151.0
135.0
134.0
159.0
138.0
145.0
153.0
410.0
156.0
148.0
138.0
137.0
173.0
161.0
152.0
161.0
144.0
166.0
148.0
155.0
165.0
135.0
168.0
116.0
133.0
162.0
434.0
155.0
174.0
153.0
475.0
145.0
130.0
166.0
161.0
160.0
151.0
143.0
143.0
142.0
177.0
161.0
169.0
146.0
422.0
148.0
152.0
483.0
142.0
380.0
176.0
443.0
157.0
144.0
152.0
176.0
174.0
132.0
146.0
156.0
149.0
147.0
157.0
142.0
133.0
157.0
112.0
138.0
464.0
160.0
151.0
146.0
168.0
136.0
387.0
153.0
135.0
160.0
130.0
463.0
164.0
171.0
145.0
156.0
167.0
174.0
167.0
153.0
427.0
161.0
389.0
479.0
427.0
152.0
492.0
376.0
470.0
441.0
467.0
489.0
414.0
443.0
363.0
492.0
421.0
393.0
366.0
489.0
160.0
143.0
172.0
147.0
161.0
133.0
151.0
155.0
153.0
154.0
130.0
425.0
460.0
484.0
440.0
493.0
453.0
136.0
162.0
144.0
202.0
181.0
152.0
148.0
447.0
177.0
133.0
162.0
144.0
176.0
162.0
131.0
166.0
141.0
137.0
170.0
148.0
155.0
154.0
175.0
161.0
135.0
168.0
423.0
148.0
131.0
171.0
168.0
148.0
171.0
170.0
485.0
391.0
466.0
380.0
446.0
444.0
387.0
434.0
400.0
409.0
395.0
453.0
134.0
174.0
158.0
168.0
152.0
140.0
172.0
159.0
441.0
174.0
155.0
173.0
172.0
158.0
131.0
175.0
176.0
152.0
152.0
175.0
163.0
151.0
165.0
132.0
148.0
169.0
151.0
456.0
137.0
169.0
168.0
429.0
167.0
171.0
169.0
150.0
163.0
136.0
167.0
150.0
167.0
134.0
153.0
171.0
143.0
436.0
131.0
176.0
487.0
176.0
376.0
146.0
386.0
166.0
170.0
147.0
150.0
171.0
176.0
175.0
140.0
170.0
158.0
134.0
139.0
144.0
174.0
144.0
153.0
423.0
177.0
164.0
156.0
173.0
164.0
442.0
146.0
141.0
145.0
174.0
382.0
164.0
157.0
177.0
175.0
155.0
166.0
166.0
167.0
367.0
135.0
417.0
399.0
375.0
168.0
445.0
484.0
443.0
434.0
455.0
412.0
419.0
444.0
395.0
467.0
453.0
393.0
371.0
386.0
176.0
154.0
143.0
138.0
132.0
150.0
131.0
167.0
169.0
157.0
135.0
492.0
494.0
427.0
441.0
368.0
424.0
133.0
135.0
144.0
177.0
159.0
147.0
158.0
489.0
140.0
138.0
146.0
171.0
144.0
177.0
149.0
136.0
167.0
166.0
173.0
147.0
135.0
154.0
165.0
142.0
171.0
136.0
438.0
153.0
137.0
132.0
145.0
165.0
157.0
133.0
435.0
422.0
381.0
400.0
404.0
391.0
364.0
478.0
404.0
478.0
469.0
421.0
147.0
166.0
175.0
171.0
162.0
171.0
135.0
132.0
406.0
154.0
176.0
177.0
171.0
174.0
168.0
132.0
140.0
139.0
145.0
138.0
173.0
169.0
138.0
168.0
142.0
145.0
174.0
436.0
131.0
156.0
142.0
433.0
138.0
146.0
159.0
158.0
151.0
142.0
136.0
148.0
165.0
132.0
133.0
134.0
135.0
373.0
169.0
140.0
391.0
144.0
376.0
174.0
473.0
133.0
134.0
170.0
144.0
131.0
175.0
172.0
147.0
176.0
177.0
133.0
130.0
142.0
149.0
116.0
174.0
395.0
143.0
139.0
173.0
165.0
145.0
436.0
157.0
164.0
156.0
138.0
419.0
148.0
170.0
144.0
134.0
157.0
141.0
150.0
165.0
395.0
131.0
455.0
471.0
368.0
147.0
389.0
383.0
448.0
371.0
409.0
461.0
405.0
385.0
445.0
465.0
441.0
378.0
367.0
458.0
143.0
148.0
142.0
160.0
141.0
163.0
148.0
176.0
146.0
156.0
152.0
418.0
479.0
418.0
441.0
449.0
382.0
171.0
132.0
141.0
203.0
186.0
165.0
160.0
414.0
134.0
175.0
144.0
143.0
136.0
143.0
150.0
155.0
174.0
135.0
157.0
170.0
135.0
133.0
150.0
159.0
164.0
146.0
399.0
148.0
168.0
159.0
134.0
169.0
143.0
151.0
406.0
427.0
432.0
468.0
434.0
416.0
383.0
407.0
460.0
482.0
434.0
470.0
133.0
139.0
140.0
146.0
177.0
175.0
133.0
163.0
390.0
151.0
147.0
158.0
136.0
150.0
149.0
175.0
153.0
149.0
170.0
153.0
136.0
148.0
172.0
169.0
144.0
132.0
155.0
412.0
166.0
159.0
137.0
442.0
164.0
160.0
164.0
141.0
168.0
168.0
144.0
161.0
131.0
156.0
137.0
156.0
168.0
432.0
138.0
155.0
414.0
163.0
419.0
143.0
383.0
176.0
155.0
155.0
146.0
146.0
152.0
168.0
159.0
142.0
158.0
163.0
143.0
154.0
163.0
126.0
146.0
460.0
145.0
138.0
166.0
166.0
131.0
370.0
142.0
166.0
172.0
162.0
473.0
160.0
160.0
154.0
167.0
153.0
139.0
164.0
166.0
416.0
158.0
387.0
397.0
370.0
150.0
486.0
448.0
415.0
390.0
392.0
420.0
480.0
445.0
470.0
433.0
465.0
400.0
363.0
457.0
150.0
151.0
169.0
148.0
172.0
131.0
138.0
156.0
170.0
163.0
175.0
427.0
492.0
487.0
424.0
431.0
394.0
144.0
152.0
170.0
181.0
170.0
175.0
156.0
471.0
171.0
141.0
173.0
170.0
166.0
135.0
173.0
160.0
170.0
136.0
146.0
157.0
141.0
140.0
139.0
139.0
134.0
137.0
367.0
138.0
139.0
165.0
142.0
164.0
138.0
159.0
396.0
402.0
399.0
489.0
365.0
385.0
370.0
472.0
376.0
410.0
365.0
425.0
137.0
175.0
153.0
136.0
173.0
173.0
136.0
137.0
483.0
158.0
168.0
145.0
131.0
135.0
168.0
170.0
157.0
165.0
148.0
144.0
161.0
135.0
159.0
156.0
116.0
146.0
157.0
409.0
130.0
156.0
151.0
407.0
156.0
140.0
141.0
150.0
144.0
168.0
176.0
166.0
148.0
162.0
168.0
137.0
152.0
433.0
137.0
132.0
477.0
154.0
481.0
174.0
433.0
173.0
147.0
159.0
145.0
135.0
153.0
158.0
151.0
136.0
152.0
161.0
136.0
176.0
160.0
122.0
175.0
446.0
158.0
165.0
133.0
144.0
165.0
454.0
170.0
155.0
164.0
160.0
372.0
173.0
147.0
170.0
133.0
170.0
137.0
145.0
145.0
408.0
159.0
373.0
406.0
489.0
161.0
464.0
365.0
405.0
368.0
406.0
448.0
465.0
428.0
404.0
401.0
394.0
383.0
368.0
393.0
136.0
142.0
164.0
166.0
135.0
147.0
136.0
148.0
174.0
151.0
161.0
404.0
443.0
455.0
443.0
464.0
450.0
174.0
135.0
155.0
176.0
194.0
141.0
161.0
406.0
133.0
175.0
147.0
166.0
155.0
175.0
156.0
177.0
171.0
162.0
146.0
141.0
153.0
139.0
164.0
168.0
158.0
140.0
375.0
169.0
157.0
131.0
142.0
146.0
161.0
167.0
423.0
397.0
392.0
408.0
491.0
465.0
460.0
366.0
475.0
411.0
436.0
431.0
162.0
134.0
140.0
131.0
140.0
131.0
157.0
150.0
438.0
138.0
135.0
167.0
140.0
176.0
144.0
171.0
170.0
140.0
171.0
144.0
133.0
142.0
138.0
142.0
125.0
158.0
133.0
412.0
157.0
149.0
142.0
470.0
157.0
142.0
165.0
174.0
170.0
152.0
166.0
171.0
167.0
164.0
161.0
175.0
136.0
455.0
147.0
174.0
391.0
142.0
414.0
138.0
411.0
172.0
165.0
161.0
154.0
176.0
175.0
133.0
174.0
165.0
134.0
157.0
154.0
131.0
162.0
148.0
134.0
431.0
166.0
174.0
168.0
155.0
150.0
486.0
150.0
175.0
167.0
130.0
487.0
169.0
175.0
158.0
141.0
152.0
163.0
166.0
150.0
416.0
169.0
368.0
489.0
412.0
139.0
472.0
380.0
373.0
410.0
428.0
380.0
451.0
484.0
482.0
463.0
485.0
377.0
364.0
474.0
165.0
145.0
155.0
158.0
150.0
152.0
134.0
158.0
160.0
157.0
137.0
390.0
414.0
458.0
451.0
421.0
384.0
151.0
156.0
162.0
155.0
165.0
171.0
169.0
451.0
150.0
166.0
162.0
130.0
135.0
146.0
157.0
163.0
156.0
141.0
171.0
141.0
131.0
140.0
152.0
137.0
164.0
145.0
430.0
133.0
152.0
155.0
139.0
150.0
164.0
146.0
384.0
382.0
379.0
441.0
467.0
385.0
421.0
458.0
438.0
411.0
463.0
442.0
145.0
164.0
135.0
164.0
169.0
171.0
140.0
135.0
403.0
151.0
161.0
149.0
157.0
172.0
172.0
177.0
137.0
161.0
174.0
134.0
151.0
165.0
147.0
136.0
132.0
147.0
143.0
489.0
162.0
164.0
148.0
432.0
154.0
166.0
168.0
143.0
176.0
174.0
136.0
143.0
176.0
147.0
132.0
167.0
147.0
396.0
173.0
174.0
430.0
133.0
405.0
157.0
420.0
137.0
173.0
159.0
156.0
159.0
157.0
140.0
155.0
157.0
153.0
164.0
150.0
144.0
168.0
128.0
151.0
468.0
159.0
137.0
131.0
168.0
175.0
461.0
169.0
139.0
162.0
143.0
480.0
147.0
152.0
138.0
143.0
138.0
155.0
153.0
165.0
394.0
146.0
431.0
391.0
481.0
130.0
390.0
404.0
381.0
457.0
430.0
379.0
380.0
421.0
470.0
469.0
401.0
492.0
383.0
482.0
177.0
169.0
169.0
155.0
147.0
159.0
155.0
152.0
168.0
177.0
134.0
394.0
490.0
401.0
461.0
415.0
458.0
143.0
136.0
161.0
153.0
198.0
157.0
172.0
450.0
147.0
157.0
159.0
165.0
149.0
136.0
169.0
172.0
156.0
166.0
148.0
160.0
160.0
135.0
131.0
171.0
136.0
149.0
464.0
166.0
169.0
148.0
158.0
171.0
147.0
149.0
395.0
395.0
394.0
472.0
456.0
464.0
413.0
456.0
478.0
375.0
412.0
448.0
138.0
162.0
166.0
147.0
146.0
137.0
146.0
131.0
441.0
164.0
135.0
161.0
164.0
150.0
146.0
134.0
143.0
156.0
135.0
147.0
145.0
148.0
176.0
146.0
142.0
137.0
169.0
371.0
143.0
172.0
177.0
396.0
134.0
150.0
145.0
162.0
147.0
176.0
157.0
155.0
163.0
170.0
152.0
177.0
148.0
390.0
141.0
151.0
365.0
133.0
410.0
150.0
467.0
172.0
141.0
165.0
160.0
154.0
155.0
165.0
174.0
131.0
156.0
162.0
149.0
133.0
133.0
117.0
157.0
481.0
147.0
166.0
171.0
157.0
149.0
377.0
131.0
155.0
139.0
155.0
455.0
150.0
132.0
163.0
147.0
168.0
151.0
169.0
156.0
388.0
132.0
461.0
435.0
407.0
160.0
430.0
468.0
376.0
374.0
400.0
432.0
371.0
377.0
414.0
456.0
447.0
470.0
489.0
367.0
158.0
142.0
157.0
159.0
131.0
151.0
166.0
161.0
147.0
152.0
144.0
414.0
468.0
451.0
444.0
438.0
406.0
145.0
170.0
175.0
165.0
199.0
144.0
142.0
455.0
162.0
140.0
138.0
175.0
153.0
147.0
138.0
133.0
133.0
164.0
159.0
145.0
141.0
138.0
152.0
160.0
165.0
143.0
482.0
173.0
165.0
135.0
145.0
166.0
143.0
177.0
461.0
370.0
400.0
473.0
429.0
458.0
447.0
488.0
448.0
391.0
406.0
454.0
162.0
166.0
172.0
155.0
148.0
149.0
162.0
142.0
469.0
143.0
154.0
137.0
173.0
165.0
164.0
171.0
139.0
146.0
177.0
130.0
146.0
161.0
132.0
154.0
147.0
148.0
147.0
457.0
137.0
154.0
148.0
429.0
148.0
139.0
174.0
168.0
148.0
168.0
170.0
159.0
134.0
134.0
169.0
130.0
149.0
457.0
147.0
131.0
470.0
148.0
477.0
153.0
419.0
144.0
160.0
160.0
174.0
175.0
140.0
169.0
150.0
132.0
136.0
139.0
174.0
147.0
147.0
116.0
141.0
491.0
160.0
175.0
146.0
165.0
170.0
430.0
165.0
140.0
170.0
175.0
378.0
150.0
148.0
136.0
142.0
136.0
152.0
172.0
149.0
417.0
161.0
413.0
390.0
466.0
156.0
457.0
482.0
403.0
432.0
420.0
458.0
372.0
378.0
440.0
403.0
412.0
489.0
413.0
460.0
139.0
177.0
167.0
158.0
175.0
146.0
153.0
175.0
164.0
139.0
175.0
413.0
492.0
428.0
488.0
395.0
373.0
145.0
136.0
176.0
197.0
159.0
175.0
130.0
438.0
153.0
139.0
159.0
142.0
170.0
138.0
172.0
169.0
146.0
140.0
149.0
130.0
169.0
152.0
155.0
169.0
162.0
137.0
407.0
174.0
174.0
139.0
156.0
146.0
173.0
146.0
374.0
373.0
402.0
442.0
467.0
483.0
410.0
417.0
492.0
434.0
468.0
476.0
156.0
139.0
150.0
132.0
156.0
168.0
159.0
138.0
378.0
131.0
144.0
136.0
149.0
135.0
167.0
157.0
156.0
165.0
169.0
166.0
157.0
145.0
172.0
165.0
129.0
138.0
172.0
435.0
141.0
166.0
164.0
430.0
175.0
172.0
165.0
172.0
132.0
154.0
135.0
149.0
135.0
144.0
131.0
153.0
155.0
459.0
159.0
175.0
387.0
166.0
463.0
172.0
411.0
154.0
152.0
169.0
136.0
164.0
174.0
139.0
161.0
159.0
148.0
175.0
155.0
167.0
136.0
145.0
176.0
463.0
161.0
151.0
146.0
167.0
158.0
424.0
155.0
172.0
175.0
143.0
376.0
176.0
160.0
131.0
134.0
174.0
159.0
133.0
135.0
476.0
138.0
482.0
491.0
439.0
156.0
423.0
494.0
430.0
458.0
371.0
467.0
419.0
436.0
441.0
386.0
416.0
457.0
438.0
411.0
144.0
146.0
142.0
169.0
156.0
171.0
174.0
143.0
173.0
130.0
133.0
457.0
428.0
399.0
469.0
443.0
432.0
136.0
144.0
151.0
168.0
166.0
157.0
149.0
391.0
147.0
172.0
164.0
152.0
134.0
143.0
141.0
176.0
157.0
176.0
173.0
136.0
156.0
152.0
152.0
151.0
156.0
152.0
442.0
168.0
135.0
146.0
169.0
152.0
146.0
155.0
448.0
422.0
383.0
462.0
403.0
405.0
487.0
470.0
493.0
413.0
461.0
446.0
163.0
168.0
168.0
156.0
131.0
141.0
152.0
142.0
422.0
170.0
158.0
162.0
172.0
170.0
170.0
171.0
169.0
135.0
169.0
156.0
132.0
140.0
161.0
135.0
143.0
135.0
162.0
471.0
130.0
145.0
132.0
486.0
175.0
142.0
166.0
171.0
142.0
135.0
149.0
145.0
143.0
151.0
135.0
151.0
145.0
401.0
136.0
143.0
363.0
158.0
479.0
169.0
370.0
142.0
134.0
170.0
132.0
166.0
157.0
135.0
130.0
169.0
173.0
149.0
169.0
131.0
170.0
117.0
135.0
402.0
139.0
165.0
158.0
139.0
164.0
437.0
150.0
177.0
140.0
165.0
365.0
136.0
157.0
153.0
135.0
147.0
171.0
159.0
148.0
484.0
154.0
389.0
438.0
432.0
131.0
466.0
376.0
459.0
404.0
436.0
462.0
399.0
484.0
413.0
448.0
407.0
495.0
425.0
445.0
164.0
137.0
145.0
176.0
158.0
173.0
131.0
173.0
137.0
167.0
136.0
408.0
411.0
397.0
451.0
469.0
456.0
171.0
134.0
155.0
178.0
176.0
133.0
137.0
389.0
134.0
150.0
155.0
135.0
156.0
176.0
152.0
166.0
175.0
158.0
158.0
143.0
175.0
174.0
152.0
163.0
134.0
165.0
472.0
162.0
167.0
164.0
152.0
133.0
175.0
139.0
371.0
441.0
444.0
480.0
393.0
423.0
461.0
381.0
400.0
405.0
387.0
482.0
165.0
158.0
163.0
149.0
147.0
152.0
130.0
146.0
415.0
138.0
162.0
141.0
146.0
169.0
143.0
174.0
137.0
145.0
130.0
153.0
131.0
143.0
160.0
142.0
112.0
149.0
161.0
424.0
136.0
133.0
133.0
455.0
158.0
157.0
165.0
147.0
162.0
136.0
168.0
166.0
175.0
153.0
140.0
150.0
132.0
486.0
150.0
168.0
416.0
169.0
369.0
156.0
387.0
140.0
163.0
133.0
169.0
176.0
153.0
163.0
154.0
148.0
171.0
135.0
168.0
155.0
170.0
138.0
132.0
445.0
159.0
160.0
142.0
131.0
147.0
463.0
131.0
170.0
150.0
154.0
486.0
145.0
158.0
169.0
131.0
143.0
161.0
153.0
147.0
409.0
171.0
384.0
415.0
473.0
174.0
482.0
468.0
425.0
403.0
451.0
381.0
395.0
420.0
363.0
421.0
387.0
472.0
370.0
408.0
168.0
145.0
154.0
164.0
154.0
168.0
142.0
167.0
137.0
138.0
161.0
488.0
445.0
452.0
471.0
397.0
400.0
152.0
149.0
172.0
164.0
163.0
156.0
134.0
489.0
134.0
142.0
166.0
137.0
160.0
135.0
142.0
138.0
130.0
140.0
140.0
165.0
161.0
173.0
163.0
175.0
169.0
145.0
445.0
151.0
134.0
176.0
149.0
151.0
159.0
141.0
419.0
374.0
418.0
492.0
434.0
367.0
423.0
453.0
473.0
424.0
388.0
413.0
146.0
176.0
150.0
160.0
151.0
163.0
132.0
164.0
378.0
132.0
146.0
153.0
144.0
163.0
167.0
172.0
130.0
159.0
163.0
130.0
174.0
153.0
174.0
166.0
145.0
164.0
158.0
389.0
163.0
165.0
153.0
445.0
162.0
160.0
167.0
133.0
139.0
176.0
132.0
131.0
162.0
153.0
159.0
135.0
176.0
377.0
135.0
152.0
405.0
142.0
403.0
169.0
398.0
161.0
173.0
153.0
137.0
170.0
172.0
175.0
133.0
142.0
142.0
156.0
131.0
159.0
159.0
140.0
140.0
470.0
174.0
146.0
151.0
168.0
132.0
460.0
170.0
175.0
140.0
173.0
473.0
165.0
153.0
136.0
167.0
143.0
169.0
141.0
166.0
442.0
140.0
363.0
415.0
457.0
134.0
430.0
476.0
370.0
367.0
402.0
398.0
458.0
421.0
488.0
372.0
452.0
438.0
379.0
421.0
163.0
139.0
147.0
149.0
173.0
173.0
139.0
154.0
133.0
163.0
137.0
494.0
363.0
378.0
494.0
376.0
461.0
160.0
135.0
162.0
178.0
197.0
171.0
147.0
382.0
172.0
157.0
175.0
153.0
169.0
174.0
169.0
160.0
143.0
157.0
151.0
168.0
131.0
173.0
140.0
158.0
138.0
139.0
442.0
164.0
173.0
167.0
162.0
163.0
167.0
171.0
377.0
407.0
436.0
403.0
483.0
376.0
404.0
365.0
420.0
368.0
412.0
412.0
165.0
158.0
130.0
155.0
131.0
145.0
137.0
147.0
458.0
166.0
164.0
164.0
166.0
161.0
172.0
135.0
173.0
143.0
162.0
175.0
130.0
169.0
172.0
132.0
146.0
170.0
162.0
475.0
170.0
142.0
168.0
479.0
166.0
153.0
143.0
137.0
134.0
167.0
165.0
152.0
172.0
158.0
168.0
136.0
145.0
444.0
152.0
141.0
487.0
136.0
376.0
164.0
449.0
149.0
159.0
164.0
168.0
155.0
175.0
132.0
168.0
164.0
171.0
165.0
151.0
135.0
161.0
150.0
158.0
459.0
151.0
165.0
173.0
169.0
131.0
447.0
172.0
175.0
146.0
160.0
431.0
154.0
148.0
150.0
175.0
155.0
167.0
168.0
143.0
482.0
147.0
448.0
395.0
428.0
163.0
463.0
427.0
456.0
418.0
443.0
449.0
420.0
406.0
475.0
410.0
433.0
389.0
467.0
371.0
141.0
158.0
160.0
134.0
132.0
166.0
172.0
155.0
142.0
176.0
146.0
465.0
476.0
422.0
414.0
452.0
441.0
175.0
174.0
171.0
186.0
192.0
165.0
162.0
449.0
176.0
143.0
151.0
172.0
161.0
139.0
154.0
172.0
175.0
132.0
176.0
143.0
150.0
139.0
172.0
175.0
147.0
152.0
488.0
139.0
145.0
150.0
142.0
166.0
174.0
132.0
369.0
492.0
471.0
429.0
437.0
398.0
454.0
368.0
375.0
461.0
403.0
383.0
140.0
173.0
170.0
169.0
155.0
146.0
163.0
139.0
445.0
172.0
173.0
140.0
167.0
139.0
163.0
172.0
130.0
136.0
165.0
151.0
134.0
148.0
137.0
140.0
147.0
173.0
160.0
402.0
136.0
143.0
167.0
412.0
154.0
152.0
159.0
167.0
145.0
161.0
139.0
146.0
153.0
130.0
155.0
131.0
166.0
415.0
141.0
161.0
489.0
167.0
424.0
156.0
471.0
153.0
156.0
132.0
171.0
160.0
130.0
130.0
152.0
162.0
161.0
154.0
147.0
153.0
160.0
120.0
142.0
436.0
176.0
142.0
160.0
149.0
140.0
433.0
177.0
134.0
151.0
173.0
395.0
154.0
147.0
160.0
177.0
163.0
148.0
164.0
172.0
442.0
137.0
441.0
387.0
475.0
158.0
490.0
422.0
430.0
435.0
429.0
456.0
490.0
457.0
412.0
462.0
382.0
387.0
382.0
407.0
135.0
134.0
171.0
147.0
149.0
174.0
148.0
150.0
171.0
161.0
134.0
393.0
451.0
458.0
445.0
463.0
487.0
149.0
148.0
146.0
160.0
169.0
169.0
165.0
365.0
170.0
160.0
137.0
171.0
135.0
164.0
161.0
149.0
138.0
147.0
143.0
157.0
136.0
161.0
140.0
170.0
142.0
170.0
434.0
136.0
172.0
150.0
139.0
135.0
145.0
153.0
445.0
473.0
413.0
470.0
393.0
462.0
461.0
379.0
369.0
415.0
389.0
395.0
171.0
166.0
139.0
156.0
154.0
164.0
156.0
132.0
470.0
143.0
132.0
136.0
170.0
144.0
152.0
166.0
137.0
137.0
137.0
158.0
136.0
153.0
176.0
139.0
112.0
165.0
169.0
461.0
157.0
152.0
148.0
418.0
139.0
148.0
142.0
158.0
151.0
170.0
153.0
156.0
140.0
134.0
132.0
142.0
164.0
389.0
132.0
153.0
382.0
137.0
405.0
143.0
368.0
137.0
135.0
152.0
132.0
168.0
164.0
170.0
134.0
144.0
152.0
149.0
142.0
159.0
139.0
121.0
146.0
485.0
139.0
143.0
137.0
144.0
159.0
401.0
155.0
140.0
139.0
140.0
455.0
136.0
137.0
137.0
131.0
158.0
165.0
153.0
158.0
433.0
154.0
482.0
383.0
412.0
144.0
419.0
395.0
439.0
468.0
432.0
442.0
429.0
491.0
375.0
388.0
446.0
430.0
464.0
421.0
167.0
155.0
175.0
152.0
163.0
175.0
148.0
150.0
134.0
133.0
142.0
408.0
377.0
461.0
385.0
479.0
490.0
171.0
150.0
132.0
197.0
205.0
151.0
168.0
417.0
146.0
140.0
174.0
133.0
138.0
145.0
163.0
176.0
131.0
165.0
149.0
165.0
138.0
149.0
151.0
173.0
154.0
150.0
439.0
170.0
164.0
145.0
175.0
170.0
157.0
166.0
430.0
489.0
464.0
438.0
366.0
414.0
395.0
487.0
379.0
454.0
464.0
409.0
165.0
139.0
131.0
148.0
176.0
132.0
160.0
159.0
392.0
138.0
130.0
133.0
146.0
173.0
159.0
136.0
169.0
130.0
143.0
168.0
151.0
147.0
165.0
165.0
144.0
165.0
135.0
400.0
172.0
137.0
151.0
447.0
147.0
170.0
149.0
132.0
138.0
176.0
157.0
174.0
133.0
145.0
133.0
144.0
157.0
487.0
154.0
134.0
484.0
139.0
429.0
161.0
480.0
168.0
174.0
161.0
152.0
131.0
135.0
157.0
167.0
152.0
150.0
134.0
169.0
177.0
172.0
147.0
170.0
378.0
172.0
157.0
157.0
173.0
130.0
480.0
143.0
163.0
167.0
136.0
451.0
160.0
157.0
165.0
142.0
135.0
134.0
161.0
139.0
447.0
140.0
393.0
370.0
442.0
137.0
400.0
374.0
489.0
493.0
462.0
465.0
486.0
395.0
441.0
468.0
381.0
373.0
492.0
453.0
166.0
133.0
139.0
168.0
163.0
168.0
155.0
151.0
168.0
170.0
142.0
387.0
439.0
424.0
401.0
457.0
382.0
153.0
140.0
173.0
155.0
169.0
172.0
166.0
420.0
142.0
159.0
148.0
160.0
157.0
164.0
150.0
137.0
152.0
175.0
150.0
156.0
160.0
136.0
131.0
166.0
170.0
168.0
470.0
130.0
130.0
137.0
165.0
175.0
172.0
173.0
371.0
387.0
449.0
427.0
483.0
471.0
447.0
425.0
459.0
371.0
373.0
484.0
158.0
130.0
165.0
152.0
140.0
166.0
166.0
176.0
412.0
174.0
173.0
143.0
169.0
174.0
147.0
139.0
141.0
171.0
151.0
135.0
148.0
155.0
138.0
149.0
140.0
136.0
147.0
475.0
139.0
163.0
155.0
454.0
133.0
141.0
152.0
168.0
156.0
132.0
145.0
155.0
171.0
172.0
139.0
166.0
151.0
482.0
152.0
152.0
436.0
142.0
390.0
170.0
370.0
140.0
156.0
167.0
138.0
174.0
167.0
175.0
138.0
141.0
152.0
136.0
153.0
135.0
136.0
141.0
160.0
469.0
134.0
170.0
131.0
157.0
145.0
392.0
157.0
159.0
174.0
142.0
424.0
167.0
138.0
142.0
161.0
173.0
137.0
167.0
134.0
488.0
170.0
382.0
407.0
404.0
135.0
491.0
435.0
373.0
408.0
398.0
461.0
484.0
431.0
401.0
445.0
481.0
438.0
377.0
479.0
157.0
138.0
171.0
145.0
177.0
158.0
133.0
150.0
156.0
135.0
138.0
372.0
457.0
396.0
449.0
455.0
393.0
156.0
140.0
133.0
165.0
206.0
156.0
145.0
400.0
131.0
137.0
173.0
151.0
132.0
132.0
132.0
167.0
153.0
141.0
142.0
130.0
130.0
146.0
144.0
174.0
159.0
174.0
463.0
141.0
153.0
137.0
169.0
158.0
172.0
169.0
392.0
376.0
402.0
400.0
377.0
433.0
371.0
412.0
459.0
372.0
465.0
424.0
169.0
149.0
146.0
152.0
140.0
137.0
152.0
136.0
380.0
151.0
175.0
133.0
130.0
161.0
138.0
153.0
131.0
130.0
151.0
146.0
158.0
141.0
139.0
154.0
128.0
163.0
145.0
378.0
162.0
160.0
173.0
397.0
144.0
146.0
149.0
164.0
143.0
160.0
162.0
135.0
172.0
160.0
164.0
135.0
175.0
486.0
133.0
143.0
416.0
160.0
474.0
158.0
424.0
174.0
141.0
140.0
133.0
168.0
169.0
153.0
145.0
156.0
172.0
152.0
176.0
176.0
168.0
137.0
161.0
391.0
138.0
143.0
164.0
176.0
176.0
481.0
143.0
150.0
143.0
158.0
379.0
176.0
139.0
143.0
170.0
166.0
174.0
130.0
170.0
441.0
139.0
382.0
387.0
438.0
156.0
477.0
487.0
468.0
393.0
381.0
491.0
466.0
420.0
430.0
384.0
413.0
410.0
376.0
401.0
158.0
150.0
161.0
154.0
149.0
144.0
162.0
163.0
149.0
166.0
167.0
416.0
384.0
452.0
364.0
380.0
406.0
145.0
164.0
131.0
154.0
155.0
132.0
146.0
377.0
131.0
147.0
144.0
130.0
144.0
130.0
135.0
164.0
168.0
150.0
139.0
174.0
163.0
145.0
134.0
137.0
152.0
146.0
429.0
157.0
148.0
171.0
147.0
133.0
148.0
148.0
489.0
411.0
440.0
461.0
434.0
425.0
477.0
440.0
484.0
467.0
385.0
374.0
169.0
149.0
153.0
142.0
145.0
168.0
176.0
157.0
409.0
161.0
136.0
135.0
140.0
158.0
151.0
133.0
159.0
141.0
166.0
173.0
156.0
153.0
137.0
167.0
121.0
143.0
141.0
480.0
159.0
139.0
146.0
454.0
159.0
149.0
156.0
160.0
160.0
136.0
164.0
147.0
138.0
153.0
145.0
164.0
177.0
401.0
136.0
135.0
407.0
142.0
445.0
169.0
472.0
172.0
142.0
159.0
177.0
166.0
132.0
155.0
132.0
168.0
154.0
164.0
176.0
136.0
140.0
142.0
163.0
448.0
174.0
169.0
172.0
176.0
144.0
460.0
174.0
161.0
131.0
150.0
472.0
130.0
142.0
162.0
138.0
150.0
167.0
138.0
158.0
447.0
175.0
364.0
494.0
494.0
164.0
391.0
470.0
417.0
486.0
387.0
368.0
393.0
483.0
482.0
425.0
442.0
381.0
394.0
471.0
149.0
138.0
172.0
148.0
160.0
147.0
165.0
154.0
175.0
135.0
160.0
373.0
456.0
429.0
454.0
435.0
446.0
156.0
134.0
159.0
159.0
188.0
157.0
142.0
451.0
160.0
133.0
169.0
173.0
173.0
155.0
147.0
150.0
141.0
158.0
153.0
137.0
135.0
163.0
152.0
133.0
143.0
174.0
490.0
157.0
144.0
153.0
145.0
161.0
145.0
166.0
444.0
470.0
475.0
400.0
397.0
398.0
464.0
492.0
475.0
364.0
467.0
472.0
145.0
160.0
162.0
150.0
175.0
134.0
149.0
140.0
421.0
164.0
138.0
155.0
147.0
143.0
137.0
155.0
153.0
168.0
137.0
167.0
176.0
148.0
170.0
176.0
125.0
155.0
172.0
369.0
161.0
143.0
143.0
470.0
160.0
154.0
173.0
166.0
130.0
136.0
176.0
162.0
173.0
170.0
159.0
131.0
137.0
491.0
142.0
166.0
374.0
140.0
396.0
154.0
476.0
166.0
169.0
149.0
146.0
166.0
162.0
139.0
164.0
130.0
145.0
147.0
161.0
166.0
150.0
117.0
158.0
473.0
152.0
167.0
152.0
134.0
158.0
475.0
138.0
153.0
146.0
161.0
367.0
135.0
174.0
167.0
163.0
154.0
130.0
173.0
173.0
468.0
174.0
430.0
492.0
373.0
151.0
393.0
393.0
373.0
486.0
476.0
415.0
391.0
466.0
402.0
368.0
412.0
408.0
473.0
399.0
138.0
168.0
171.0
148.0
153.0
172.0
156.0
142.0
155.0
172.0
142.0
433.0
443.0
480.0
467.0
368.0
441.0
175.0
158.0
171.0
187.0
185.0
161.0
133.0
421.0
131.0
156.0
176.0
159.0
158.0
176.0
158.0
145.0
173.0
170.0
151.0
163.0
143.0
156.0
170.0
162.0
145.0
136.0
463.0
176.0
143.0
145.0
146.0
156.0
133.0
170.0
486.0
474.0
379.0
421.0
407.0
429.0
468.0
399.0
400.0
410.0
449.0
363.0
161.0
131.0
171.0
154.0
173.0
136.0
172.0
174.0
423.0
153.0
162.0
171.0
146.0
137.0
156.0
154.0
142.0
154.0
134.0
137.0
167.0
132.0
173.0
168.0
121.0
169.0
145.0
376.0
165.0
152.0
157.0
375.0
156.0
163.0
134.0
174.0
133.0
174.0
144.0
176.0
172.0
164.0
133.0
136.0
146.0
426.0
173.0
151.0
410.0
139.0
434.0
136.0
484.0
132.0
144.0
169.0
138.0
130.0
157.0
146.0
133.0
165.0
147.0
154.0
177.0
169.0
142.0
152.0
173.0
437.0
134.0
162.0
176.0
136.0
147.0
430.0
150.0
135.0
160.0
163.0
417.0
140.0
146.0
156.0
136.0
173.0
158.0
158.0
138.0
405.0
153.0
434.0
373.0
440.0
131.0
394.0
450.0
438.0
434.0
492.0
409.0
431.0
478.0
420.0
453.0
366.0
435.0
388.0
474.0
160.0
136.0
171.0
161.0
163.0
174.0
173.0
162.0
154.0
146.0
130.0
483.0
435.0
365.0
392.0
468.0
447.0
172.0
162.0
138.0
175.0
192.0
144.0
143.0
492.0
158.0
164.0
143.0
130.0
162.0
162.0
164.0
162.0
132.0
143.0
176.0
175.0
152.0
139.0
150.0
140.0
147.0
142.0
368.0
155.0
149.0
153.0
163.0
153.0
158.0
142.0
414.0
476.0
413.0
379.0
470.0
421.0
442.0
455.0
426.0
442.0
386.0
406.0
136.0
162.0
158.0
162.0
175.0
132.0
176.0
150.0
367.0
157.0
131.0
162.0
139.0
170.0
143.0
162.0
168.0
143.0
145.0
136.0
150.0
132.0
177.0
131.0
129.0
149.0
167.0
489.0
161.0
170.0
173.0
383.0
146.0
151.0
154.0
167.0
132.0
158.0
152.0
148.0
133.0
174.0
148.0
140.0
140.0
424.0
169.0
133.0
474.0
149.0
493.0
168.0
488.0
151.0
137.0
162.0
133.0
176.0
170.0
132.0
175.0
134.0
148.0
146.0
170.0
168.0
148.0
113.0
171.0
411.0
135.0
142.0
138.0
135.0
141.0
394.0
144.0
150.0
172.0
153.0
419.0
135.0
145.0
169.0
141.0
153.0
162.0
150.0
149.0
445.0
143.0
397.0
418.0
423.0
173.0
363.0
447.0
413.0
450.0
396.0
390.0
477.0
423.0
403.0
396.0
371.0
413.0
374.0
386.0
153.0
141.0
175.0
138.0
141.0
134.0
149.0
146.0
141.0
169.0
133.0
476.0
458.0
457.0
387.0
388.0
455.0
163.0
167.0
144.0
158.0
203.0
139.0
139.0
374.0
152.0
151.0
158.0
156.0
166.0
167.0
140.0
165.0
159.0
149.0
174.0
165.0
139.0
134.0
145.0
177.0
147.0
148.0
477.0
142.0
174.0
150.0
162.0
164.0
135.0
155.0
384.0
486.0
490.0
408.0
435.0
380.0
468.0
365.0
371.0
458.0
437.0
454.0
158.0
145.0
176.0
143.0
170.0
154.0
172.0
148.0
408.0
133.0
168.0
171.0
175.0
154.0
133.0
142.0
161.0
143.0
162.0
175.0
154.0
156.0
130.0
151.0
138.0
170.0
170.0
410.0
139.0
171.0
150.0
379.0
154.0
131.0
158.0
140.0
157.0
173.0
171.0
153.0
167.0
143.0
156.0
149.0
130.0
454.0
169.0
140.0
425.0
161.0
423.0
144.0
453.0
175.0
168.0
143.0
164.0
154.0
177.0
153.0
148.0
130.0
159.0
133.0
143.0
131.0
140.0
140.0
151.0
427.0
153.0
172.0
153.0
167.0
176.0
470.0
143.0
156.0
154.0
170.0
390.0
143.0
175.0
175.0
142.0
135.0
168.0
140.0
130.0
429.0
163.0
464.0
379.0
440.0
133.0
462.0
426.0
419.0
394.0
460.0
439.0
440.0
479.0
493.0
482.0
438.0
452.0
447.0
450.0
134.0
145.0
145.0
167.0
148.0
153.0
138.0
140.0
162.0
148.0
172.0
480.0
480.0
461.0
436.0
493.0
376.0
164.0
149.0
138.0
154.0
201.0
151.0
133.0
370.0
136.0
171.0
137.0
140.0
157.0
164.0
167.0
142.0
148.0
133.0
137.0
164.0
140.0
160.0
131.0
158.0
171.0
173.0
373.0
138.0
141.0
170.0
174.0
166.0
154.0
170.0
365.0
483.0
400.0
466.0
379.0
476.0
417.0
474.0
400.0
433.0
377.0
479.0
141.0
152.0
131.0
150.0
151.0
136.0
145.0
140.0
485.0
167.0
169.0
154.0
166.0
170.0
175.0
175.0
150.0
139.0
158.0
138.0
149.0
135.0
165.0
138.0
121.0
166.0
137.0
383.0
149.0
138.0
146.0
440.0
157.0
149.0
167.0
147.0
138.0
143.0
139.0
157.0
176.0
167.0
136.0
135.0
164.0
384.0
144.0
137.0
433.0
131.0
433.0
146.0
454.0
145.0
167.0
138.0
146.0
130.0
141.0
160.0
168.0
146.0
138.0
157.0
163.0
157.0
166.0
115.0
142.0
393.0
157.0
169.0
142.0
149.0
136.0
375.0
156.0
163.0
162.0
145.0
381.0
156.0
149.0
175.0
142.0
150.0
147.0
135.0
176.0
479.0
133.0
409.0
382.0
420.0
150.0
434.0
469.0
366.0
438.0
458.0
407.0
388.0
455.0
385.0
367.0
413.0
474.0
416.0
465.0
132.0
150.0
159.0
135.0
153.0
176.0
169.0
164.0
146.0
133.0
165.0
414.0
425.0
466.0
400.0
443.0
451.0
134.0
167.0
161.0
206.0
188.0
173.0
169.0
378.0
152.0
158.0
170.0
132.0
134.0
139.0
131.0
154.0
138.0
136.0
148.0
152.0
170.0
159.0
135.0
152.0
137.0
176.0
462.0
143.0
150.0
174.0
132.0
166.0
149.0
170.0
459.0
425.0
404.0
434.0
382.0
410.0
443.0
432.0
469.0
489.0
453.0
428.0
137.0
160.0
170.0
156.0
141.0
171.0
160.0
157.0
493.0
154.0
168.0
147.0
144.0
171.0
133.0
131.0
136.0
159.0
132.0
139.0
144.0
132.0
177.0
147.0
143.0
146.0
167.0
420.0
156.0
159.0
153.0
480.0
151.0
132.0
173.0
168.0
143.0
144.0
135.0
136.0
158.0
133.0
143.0
177.0
153.0
435.0
177.0
137.0
436.0
174.0
400.0
172.0
455.0
147.0
146.0
162.0
154.0
141.0
169.0
156.0
159.0
132.0
162.0
136.0
165.0
175.0
152.0
141.0
168.0
414.0
145.0
158.0
130.0
143.0
177.0
481.0
137.0
177.0
167.0
149.0
376.0
169.0
137.0
138.0
148.0
174.0
150.0
174.0
156.0
437.0
170.0
426.0
421.0
428.0
171.0
477.0
447.0
475.0
427.0
448.0
464.0
415.0
474.0
465.0
413.0
425.0
462.0
483.0
445.0
173.0
157.0
135.0
172.0
160.0
155.0
140.0
137.0
160.0
167.0
150.0
456.0
481.0
412.0
480.0
436.0
374.0
142.0
138.0
156.0
165.0
201.0
138.0
133.0
475.0
169.0
159.0
176.0
171.0
172.0
140.0
174.0
166.0
138.0
147.0
153.0
149.0
151.0
163.0
142.0
157.0
164.0
177.0
431.0
154.0
155.0
137.0
167.0
152.0
165.0
147.0
488.0
384.0
458.0
467.0
446.0
391.0
396.0
487.0
414.0
392.0
413.0
363.0
177.0
145.0
137.0
166.0
132.0
159.0
133.0
154.0
442.0
155.0
150.0
157.0
151.0
132.0
142.0
176.0
147.0
151.0
137.0
155.0
154.0
176.0
147.0
151.0
136.0
156.0
176.0
364.0
163.0
150.0
133.0
388.0
161.0
146.0
136.0
133.0
156.0
172.0
174.0
148.0
171.0
165.0
131.0
173.0
176.0
375.0
145.0
135.0
374.0
163.0
416.0
141.0
393.0
175.0
159.0
144.0
153.0
140.0
177.0
142.0
160.0
141.0
167.0
131.0
175.0
144.0
169.0
145.0
169.0
436.0
137.0
157.0
163.0
154.0
171.0
401.0
169.0
175.0
158.0
176.0
430.0
148.0
156.0
138.0
160.0
173.0
171.0
148.0
146.0
415.0
156.0
479.0
455.0
483.0
152.0
462.0
392.0
493.0
391.0
370.0
475.0
411.0
429.0
427.0
467.0
486.0
444.0
365.0
374.0
142.0
139.0
144.0
133.0
168.0
134.0
170.0
171.0
174.0
145.0
137.0
475.0
483.0
396.0
436.0
406.0
470.0
148.0
143.0
143.0
